Date,Open,High,Low,Close,Volume,Adj Clos
2003-12-31,12.19,12.32,12.03,12.07,685900,11.5
2003-12-30,11.90,12.20,11.85,12.19,622300,11.6
2003-12-29,12.08,12.08,11.90,11.96,578900,11.4
2003-12-26,11.73,12.42,11.73,12.09,1234300,11.5
2003-12-25,12.08,12.08,11.70,11.72,1041000,11.1
2003-12-24,12.19,12.25,11.96,12.02,873000,11.4
2003-12-23,12.00,12.30,11.82,12.18,1517700,11.6
2003-12-22,11.72,12.19,11.64,11.98,1669700,11.4
2003-12-19,11.70,11.84,11.45,11.72,1683300,11.1
2003-12-18,11.16,12.03,10.98,11.78,2790400,11.2
2003-12-17,10.94,11.38,10.89,10.96,750600,10.4
2003-12-16,11.10,11.10,10.78,10.89,525900,10.3
2003-12-15,11.00,11.10,10.92,11.00,329400,10.5
2003-12-12,11.10,11.25,10.92,11.04,444200,10.5
2003-12-11,11.40,11.43,11.11,11.12,628200,10.6
2003-12-10,11.38,11.40,11.25,11.37,406300,10.8
2003-12-09,11.47,11.47,11.19,11.39,458900,10.8
2003-12-08,11.08,11.60,11.03,11.42,1218300,10.9
2003-12-05,10.96,11.11,10.90,11.06,445000,10.5
2003-12-04,11.17,11.18,10.88,10.96,768900,10.4
2003-12-03,11.05,11.31,10.80,11.18,1048400,10.6
2003-12-02,10.90,11.39,10.90,11.02,1030800,10.5
2003-12-01,10.75,11.00,10.75,10.97,769400,10.4
2003-11-28,10.70,10.89,10.68,10.75,491500,10.2
2003-11-27,10.60,11.15,10.55,10.77,1360100,10.2
2003-11-26,10.73,10.83,10.52,10.66,700800,10.1
2003-11-25,10.78,10.89,10.54,10.72,866000,10.2
2003-11-24,10.54,10.87,10.48,10.75,685800,10.2
2003-11-21,10.80,11.09,10.38,10.54,1512200,10.0
2003-11-20,9.86,10.85,9.86,10.81,2484900,10.3
2003-11-19,9.45,9.87,9.45,9.86,856100,9.4
2003-11-18,9.53,9.69,9.45,9.50,547200,9.0
2003-11-17,9.63,9.96,9.50,9.67,1162300,9.2
2003-11-14,10.10,10.10,9.25,9.63,2139500,9.1
2003-11-13,10.41,10.54,10.12,10.13,699200,9.6
2003-11-12,10.32,10.62,10.31,10.45,543200,9.9
2003-11-11,11.00,11.07,10.30,10.51,1414000,10.0
2003-11-10,10.80,11.20,10.71,11.04,829200,10.5
2003-11-07,10.50,11.23,10.41,10.83,1372100,10.3
2003-11-06,10.74,11.40,10.74,10.82,3047400,10.3
2003-11-05,12.50,12.55,11.90,11.93,1653200,11.3
2003-11-04,12.18,12.55,12.02,12.45,2206800,11.8
2003-11-03,11.86,12.48,11.63,12.18,1765300,11.6
2003-10-31,11.76,12.18,11.51,11.94,1445800,11.3
2003-10-30,11.97,12.38,11.81,11.88,3463700,11.3
2003-10-29,11.08,11.69,11.00,11.69,2416200,11.1
2003-10-28,10.63,10.79,10.46,10.63,478700,10.1
2003-10-27,10.76,10.90,10.56,10.63,387500,10.1
2003-10-24,10.89,10.90,10.60,10.77,319500,10.2
2003-10-23,10.66,11.09,10.60,10.89,842900,10.3
2003-10-22,10.46,10.72,10.36,10.66,341400,10.1
2003-10-21,10.79,10.85,10.35,10.45,545600,9.9
2003-10-20,10.78,10.89,10.70,10.81,250800,10.3
2003-10-17,10.54,10.87,10.48,10.75,390700,10.2
2003-10-16,10.46,10.75,10.46,10.55,270500,10.0
2003-10-15,10.56,10.68,10.42,10.47,392500,9.9
2003-10-14,10.73,10.80,10.47,10.50,399400,10.0
2003-10-13,10.91,11.00,10.70,10.73,366700,10.2
2003-10-10,10.86,11.08,10.55,10.95,525700,10.4
2003-10-09,10.81,11.27,10.81,10.90,211800,10.4
2003-10-08,10.79,10.95,10.51,10.87,437800,10.3
2003-10-07,10.89,10.89,10.89,10.89,000,10.3
2003-10-06,10.89,10.89,10.89,10.89,000,10.3
2003-10-03,10.89,10.89,10.89,10.89,000,10.3
2003-10-02,10.89,10.89,10.89,10.89,000,10.3
2003-10-01,10.89,10.89,10.89,10.89,000,10.3
2003-09-30,11.35,11.54,10.32,10.89,1207700,10.3
2003-09-29,11.49,11.67,11.30,11.47,359400,10.9
2003-09-26,11.98,12.10,11.45,11.54,802700,11.0
2003-09-25,12.37,12.45,11.81,11.91,872500,11.3
2003-09-24,11.94,12.55,11.81,12.45,1570600,11.8
2003-09-23,11.60,11.88,11.50,11.86,484900,11.3
2003-09-22,11.55,11.75,11.42,11.68,366400,11.1
2003-09-19,11.27,11.77,11.27,11.56,597800,11.0
2003-09-18,11.27,11.57,11.27,11.37,410600,10.8
2003-09-17,11.86,11.86,11.33,11.38,782600,10.8
2003-09-16,11.55,11.98,11.30,11.92,1200200,11.3
2003-09-15,12.01,12.14,11.50,11.57,1189000,11.0
2003-09-12,12.51,12.69,12.12,12.17,949600,11.6
2003-09-11,12.55,12.78,12.50,12.63,450400,12.0
2003-09-10,12.95,12.95,12.45,12.62,1024300,12.0
2003-09-09,12.71,13.15,12.61,12.96,1394700,12.3
2003-09-08,12.55,12.80,12.33,12.77,739300,12.1
2003-09-05,12.68,12.87,12.45,12.53,1244800,11.9
2003-09-04,12.90,13.00,12.65,12.77,1099900,12.1
2003-09-03,12.85,13.58,12.80,12.96,2208600,12.3
2003-09-02,12.98,13.14,12.65,12.85,1845500,12.2
2003-09-01,13.12,13.37,12.91,13.06,2183300,12.4
2003-08-29,12.31,13.19,12.27,13.14,1946800,12.5
2003-08-28,12.25,12.66,12.21,12.37,1057500,11.8
2003-08-27,12.98,13.18,12.31,12.43,1789700,11.8
2003-08-26,12.89,13.39,12.68,12.99,3542900,12.3
2003-08-25,12.27,13.20,12.03,12.92,3304000,12.3
2003-08-22,12.09,12.57,12.03,12.27,1828600,11.7
2003-08-21,11.33,12.37,11.29,12.13,2384800,11.5
2003-08-20,11.68,11.75,11.18,11.33,1026500,10.8
2003-08-19,11.71,11.85,11.56,11.62,768200,11.0
2003-08-18,12.00,12.10,11.63,11.75,1064600,11.2
2003-08-15,12.57,12.58,11.97,12.00,1304500,11.4
2003-08-14,12.42,12.72,12.15,12.45,1324700,11.8
2003-08-13,12.18,12.73,12.00,12.45,1593200,11.8
2003-08-12,12.25,12.55,12.14,12.23,1569300,11.6
2003-08-11,11.50,12.63,11.43,12.43,4032000,11.8
2003-08-08,11.45,11.69,11.25,11.48,982400,10.9
2003-08-07,11.65,11.85,11.23,11.48,1664600,10.9
2003-08-06,11.80,11.99,11.64,11.65,1285900,11.1
2003-08-05,11.59,11.95,11.52,11.64,2088900,11.1
2003-08-04,10.77,11.89,10.59,11.72,2734100,11.1
2003-08-01,10.38,11.15,10.23,10.81,3263200,10.3
2003-07-31,9.38,10.20,9.34,10.20,2205800,9.7
2003-07-30,9.20,9.38,9.16,9.27,280500,8.8
2003-07-29,9.00,9.40,8.92,9.28,547800,8.8
2003-07-28,9.05,9.08,8.80,9.01,504200,8.6
2003-07-25,9.15,9.26,9.03,9.07,239900,8.6
2003-07-24,9.29,9.34,9.08,9.15,406200,8.7
2003-07-23,9.80,9.88,9.16,9.31,597000,8.8
2003-07-22,9.90,9.99,9.75,9.80,94500,9.3
2003-07-21,9.79,9.90,9.69,9.80,374700,9.3
2003-07-18,10.05,10.10,9.62,9.79,176100,9.3
2003-07-17,10.04,10.15,10.02,10.04,185800,9.5
2003-07-16,10.21,10.21,10.03,10.13,122000,9.6
2003-07-15,10.29,10.29,10.17,10.21,101200,9.7
2003-07-14,10.28,10.30,10.16,10.17,94300,9.7
2003-07-11,10.18,10.43,10.18,10.33,153700,9.8
2003-07-10,10.10,10.17,10.05,10.15,155300,9.6
2003-07-09,10.10,10.13,10.02,10.03,56000,9.5
2003-07-08,10.16,10.16,10.06,10.08,66100,9.6
2003-07-07,10.15,10.15,10.01,10.07,93700,9.6
2003-07-04,10.10,10.20,10.09,10.15,98200,9.6
2003-07-03,10.10,10.15,10.09,10.10,67900,9.6
2003-07-02,10.10,10.15,10.03,10.10,115000,9.6
2003-07-01,10.08,10.34,10.00,10.02,160000,9.5
2003-06-30,10.15,10.15,10.15,10.15,000,9.6
2003-06-27,10.36,10.38,10.06,10.15,297300,9.6
2003-06-26,10.56,10.59,10.34,10.42,182100,9.9
2003-06-25,10.74,10.74,10.56,10.58,87600,10.1
2003-06-24,10.68,10.80,10.58,10.78,86500,10.1
2003-06-23,10.80,10.90,10.68,10.68,145100,10.1
2003-06-20,10.95,10.97,10.82,10.83,169300,10.2
2003-06-19,11.15,11.15,10.92,10.93,197000,10.3
2003-06-18,11.10,11.20,11.05,11.17,54800,10.5
2003-06-17,11.25,11.30,11.00,11.10,354400,10.4
2003-06-16,11.06,11.35,11.06,11.25,109200,10.6
2003-06-13,11.00,11.14,11.00,11.12,122400,10.5
2003-06-12,11.15,11.16,11.00,11.06,140500,10.4
2003-06-11,11.22,11.22,11.09,11.15,92800,10.5
2003-06-10,11.08,11.19,10.98,11.12,166000,10.5
2003-06-09,11.03,11.26,11.03,11.08,122300,10.4
2003-06-06,11.00,11.15,10.98,11.01,257400,10.4
2003-06-05,11.28,11.33,11.02,11.02,237900,10.4
2003-06-04,11.27,11.48,11.18,11.26,214600,10.6
2003-06-03,11.35,11.44,11.25,11.27,175700,10.6
2003-06-02,11.45,11.46,11.34,11.44,152000,10.8
2003-05-30,11.60,11.60,11.29,11.48,324800,10.8
2003-05-29,11.50,11.58,11.26,11.39,113000,10.7
2003-05-28,11.68,11.70,11.50,11.50,99800,10.8
2003-05-27,11.66,11.70,11.40,11.68,473900,11.0
2003-05-26,11.48,11.48,11.29,11.40,263900,10.7
2003-05-23,11.34,11.65,11.32,11.47,473800,10.8
2003-05-22,11.25,11.38,11.23,11.35,122200,10.7
2003-05-21,11.25,11.50,11.25,11.38,78700,10.7
2003-05-20,11.40,11.42,11.18,11.29,221800,10.6
2003-05-19,11.35,11.39,11.22,11.32,172900,10.7
2003-05-16,11.65,11.66,11.29,11.34,355900,10.7
2003-05-15,11.52,11.58,11.26,11.57,315600,10.9
2003-05-14,11.00,11.64,11.00,11.51,406900,10.8
2003-05-13,11.05,11.18,10.82,11.09,680200,10.4
2003-05-12,11.49,11.50,11.20,11.25,319000,10.6
2003-05-09,11.49,11.49,11.49,11.49,000,10.8
2003-05-08,11.49,11.49,11.49,11.49,000,10.8
2003-05-07,11.49,11.49,11.49,11.49,000,10.8
2003-05-06,11.49,11.49,11.49,11.49,000,10.8
2003-05-05,11.49,11.49,11.49,11.49,000,10.8
2003-05-02,11.49,11.49,11.49,11.49,000,10.8
2003-05-01,11.49,11.49,11.49,11.49,000,10.8
2003-04-30,11.69,11.69,11.20,11.49,525500,10.8
2003-04-29,11.70,11.70,11.70,11.70,000,11.0
2003-04-28,11.81,11.81,11.40,11.70,728500,11.0
2003-04-25,12.08,12.20,11.85,11.88,244100,11.2
2003-04-24,12.26,12.28,11.90,12.01,332500,11.3
2003-04-23,12.35,12.57,12.21,12.26,278600,11.5
2003-04-22,12.33,12.49,12.28,12.35,151600,11.6
2003-04-21,12.75,12.75,12.28,12.33,334900,11.6
2003-04-18,13.17,13.17,12.50,12.75,551300,12.0
2003-04-17,12.88,12.90,12.50,12.54,1102800,11.8
2003-04-16,12.83,13.65,12.72,13.14,1895000,12.4
2003-04-15,12.85,12.98,12.65,12.81,807700,12.1
2003-04-14,12.43,12.80,12.40,12.80,714600,12.1
2003-04-11,12.41,12.49,12.30,12.41,461700,11.7
2003-04-10,12.18,12.54,12.15,12.46,634100,11.7
2003-04-09,12.18,12.30,12.05,12.29,467200,11.6
2003-04-08,12.45,12.45,12.13,12.18,438000,11.5
2003-04-07,12.64,12.70,12.22,12.48,352400,11.8
2003-04-04,12.61,12.68,12.55,12.64,211200,11.9
2003-04-03,12.60,12.65,12.56,12.61,109000,11.9
2003-04-02,12.70,12.71,12.57,12.62,215100,11.9
2003-04-01,12.60,12.79,12.60,12.72,266200,12.0
2003-03-31,12.70,12.80,12.55,12.60,322000,11.9
2003-03-28,12.97,13.05,12.71,12.73,347900,12.0
2003-03-27,12.89,13.32,12.85,13.11,188100,12.3
2003-03-26,12.80,12.99,12.80,12.96,67200,12.2
2003-03-25,13.10,13.10,12.90,12.93,80800,12.2
2003-03-24,12.98,13.10,12.98,13.08,54500,12.3
2003-03-21,12.91,13.00,12.91,12.99,36700,12.2
2003-03-20,13.10,13.10,12.88,12.90,89800,12.1
2003-03-19,12.98,12.98,12.86,12.90,136500,12.1
2003-03-18,12.92,13.10,12.90,12.98,141500,12.2
2003-03-17,13.12,13.12,12.86,13.10,87500,12.3
2003-03-14,12.81,13.06,12.70,13.00,97900,12.2
2003-03-13,13.10,13.14,12.94,12.99,119800,12.2
2003-03-12,12.93,13.15,12.93,13.10,113900,12.3
2003-03-11,12.94,13.01,12.88,12.93,119800,12.2
2003-03-10,13.16,13.22,12.92,12.95,195800,12.2
2003-03-07,13.29,13.30,13.15,13.16,130300,12.4
2003-03-06,13.42,13.48,13.28,13.30,183000,12.5
2003-03-05,13.50,13.52,13.35,13.45,160800,12.7
2003-03-04,13.60,13.63,13.47,13.58,192600,12.8
2003-03-03,13.34,13.60,13.30,13.53,338400,12.7
2003-02-28,13.30,13.40,13.20,13.33,169400,12.6
2003-02-27,13.31,13.55,13.29,13.36,293500,12.6
2003-02-26,13.30,13.30,13.16,13.29,183300,12.5
2003-02-25,13.05,13.32,13.00,13.30,228000,12.5
2003-02-24,12.99,13.10,12.90,13.01,131300,12.3
2003-02-21,13.10,13.10,12.85,12.96,156400,12.2
2003-02-20,13.05,13.38,13.05,13.06,224400,12.3
2003-02-19,12.90,13.10,12.90,13.05,164800,12.3
2003-02-18,12.95,13.00,12.81,12.90,218000,12.1
2003-02-17,13.48,13.48,12.95,13.00,244900,12.2
2003-02-14,13.24,13.24,13.24,13.24,000,12.5
2003-02-13,13.38,13.40,13.20,13.24,370900,12.5
2003-02-12,13.28,13.40,13.28,13.35,163300,12.6
2003-02-11,13.28,13.38,13.20,13.32,159800,12.5
2003-02-10,13.48,13.56,13.20,13.28,226500,12.5
2003-02-07,13.43,13.43,13.43,13.43,000,12.7
2003-02-06,13.43,13.43,13.43,13.43,000,12.7
2003-02-05,13.43,13.43,13.43,13.43,000,12.7
2003-02-04,13.43,13.43,13.43,13.43,000,12.7
2003-02-03,13.43,13.43,13.43,13.43,000,12.7
2003-01-31,13.43,13.43,13.43,13.43,000,12.7
2003-01-30,13.43,13.43,13.43,13.43,000,12.7
2003-01-29,13.18,13.60,13.05,13.43,771200,12.7
2003-01-28,12.95,13.08,12.89,13.01,163500,12.3
2003-01-27,12.95,13.14,12.95,12.96,247100,12.2
2003-01-24,12.65,13.00,12.65,12.96,249600,12.2
2003-01-23,12.81,12.96,12.70,12.75,242100,12.0
2003-01-22,12.83,13.00,12.70,12.85,434200,12.1
2003-01-21,13.20,13.35,12.86,12.89,584100,12.1
2003-01-20,12.56,13.30,12.56,13.17,1086400,12.4
2003-01-17,12.56,12.60,12.41,12.57,278600,11.8
2003-01-16,12.35,12.89,12.35,12.65,425500,11.9
2003-01-15,12.70,12.70,12.36,12.40,375300,11.7
2003-01-14,12.03,13.18,11.96,12.64,733100,11.9
2003-01-13,11.60,12.14,11.38,11.98,427500,11.3
2003-01-10,11.74,11.83,11.64,11.64,160300,11.0
2003-01-09,11.52,11.75,11.51,11.74,244600,11.1
2003-01-08,11.22,11.60,11.22,11.47,96300,10.8
2003-01-07,11.10,11.40,11.10,11.29,77900,10.6
2003-01-06,11.16,11.33,11.00,11.30,62700,10.6
2003-01-03,11.12,11.28,11.12,11.20,39800,10.5
2003-01-02,11.31,11.45,11.17,11.18,54000,10.5
2003-01-01,11.28,11.28,11.28,11.28,000,10.6
