Date,Open,High,Low,Close,Volume,Adj Clos
2009-12-31,5.70,5.76,5.65,5.69,2171700,5.6
2009-12-30,5.67,5.75,5.62,5.70,4329400,5.7
2009-12-29,5.57,5.70,5.45,5.67,4566800,5.6
2009-12-28,5.60,5.66,5.48,5.56,4138300,5.5
2009-12-25,5.42,5.56,5.37,5.54,4380000,5.5
2009-12-23,5.08,5.21,5.04,5.21,2164800,5.2
2009-12-22,5.22,5.28,5.06,5.10,2335100,5.1
2009-12-21,5.18,5.24,5.03,5.22,2719900,5.2
2009-12-18,5.18,5.32,5.18,5.18,4897100,5.1
2009-12-17,5.70,5.76,5.45,5.45,4580600,5.4
2009-12-16,5.84,5.86,5.70,5.74,2242600,5.7
2009-12-15,5.81,5.91,5.75,5.81,2958100,5.8
2009-12-14,5.95,5.95,5.70,5.81,3347300,5.8
2009-12-11,5.90,6.03,5.85,5.90,3228600,5.9
2009-12-10,5.88,5.97,5.82,5.90,2595500,5.9
2009-12-09,5.85,6.04,5.79,5.83,4179000,5.8
2009-12-08,6.00,6.06,5.88,5.93,3388900,5.9
2009-12-07,5.89,6.13,5.85,6.02,4395900,6.0
2009-12-04,5.92,6.20,5.80,5.94,8068300,5.9
2009-12-03,6.06,6.07,5.87,5.97,6714500,5.9
2009-12-02,6.11,6.20,6.03,6.08,6315700,6.0
2009-12-01,6.05,6.17,5.92,6.11,6477400,6.1
2009-11-30,5.96,6.06,5.80,6.05,6329100,6.0
2009-11-27,5.94,6.12,5.86,5.86,8035300,5.8
2009-11-26,6.26,6.34,5.90,6.17,16021600,6.1
2009-11-25,5.60,6.06,5.60,6.06,12846200,6.0
2009-11-24,6.16,6.27,5.76,5.77,15816700,5.7
2009-11-23,6.00,6.19,5.93,6.06,8220100,6.0
2009-11-20,5.94,6.23,5.86,6.02,8999300,6.0
2009-11-19,5.72,6.00,5.65,5.94,9578500,5.9
2009-11-18,5.55,5.78,5.53,5.72,7732200,5.7
2009-11-17,5.61,5.70,5.53,5.56,6365600,5.5
2009-11-16,5.53,5.80,5.45,5.60,10838300,5.6
2009-11-13,5.50,5.64,5.36,5.53,15868600,5.5
2009-11-12,5.38,5.60,5.38,5.60,18695100,5.6
2009-11-11,5.18,5.36,5.18,5.33,7918500,5.3
2009-11-10,5.30,5.31,5.20,5.26,12088900,5.2
2009-11-09,5.25,5.38,5.13,5.36,29029700,5.3
2009-11-06,5.00,5.12,4.95,5.12,10634500,5.1
2009-11-05,4.65,4.88,4.59,4.88,14409300,4.8
2009-11-04,4.62,4.73,4.61,4.65,5460000,4.6
2009-11-03,4.54,4.68,4.50,4.66,7177600,4.6
2009-11-02,4.30,4.58,4.27,4.54,4393900,4.5
2009-10-30,4.37,4.47,4.37,4.39,3577300,4.3
2009-10-29,4.41,4.46,4.36,4.37,3493200,4.3
2009-10-28,4.29,4.55,4.29,4.48,5955900,4.4
2009-10-27,4.53,4.53,4.33,4.33,7272400,4.3
2009-10-26,4.66,4.71,4.50,4.56,6798700,4.5
2009-10-23,4.65,4.73,4.64,4.69,5640100,4.6
2009-10-22,4.67,4.78,4.63,4.65,5111000,4.6
2009-10-21,4.68,4.79,4.63,4.67,7202900,4.6
2009-10-20,4.70,4.75,4.65,4.70,7561000,4.7
2009-10-19,4.80,4.80,4.62,4.70,10944700,4.7
2009-10-16,4.69,4.87,4.68,4.80,21836500,4.8
2009-10-15,4.63,4.84,4.50,4.82,21186200,4.8
2009-10-14,4.44,4.68,4.39,4.67,15463400,4.6
2009-10-13,4.42,4.48,4.36,4.47,8255900,4.4
2009-10-12,4.52,4.52,4.28,4.49,13683600,4.4
2009-10-09,4.47,4.59,4.37,4.50,12396000,4.5
2009-09-30,4.50,4.58,4.37,4.43,13267600,4.4
2009-09-29,4.48,4.68,4.28,4.60,12069900,4.6
2009-09-28,4.46,4.57,4.39,4.50,6440600,4.5
2009-09-25,4.35,4.56,4.25,4.49,8931800,4.4
2009-09-24,4.30,4.41,4.17,4.36,5094100,4.3
2009-09-23,4.33,4.50,4.29,4.35,7374600,4.3
2009-09-22,4.20,4.41,4.15,4.41,14552100,4.4
2009-09-21,4.20,4.24,4.05,4.20,5686700,4.2
2009-09-18,4.44,4.44,4.26,4.26,9332100,4.2
2009-09-17,4.49,4.56,4.44,4.48,19187900,4.4
2009-09-16,4.31,4.55,4.20,4.55,11497300,4.5
2009-09-15,4.13,4.34,4.06,4.34,17197200,4.3
2009-09-14,3.92,4.13,3.92,4.13,10998400,4.1
2009-09-11,3.90,3.96,3.87,3.93,3031700,3.9
2009-09-10,3.85,4.03,3.81,3.92,7410700,3.9
2009-09-09,3.83,3.90,3.68,3.90,5106600,3.9
2009-09-08,3.71,3.83,3.65,3.81,4942000,3.8
2009-09-07,3.71,3.80,3.66,3.73,4134600,3.7
2009-09-04,3.66,3.76,3.64,3.72,3534900,3.7
2009-09-03,3.54,3.69,3.50,3.68,3089200,3.6
2009-09-02,3.45,3.54,3.41,3.53,2753400,3.5
2009-09-01,3.44,3.54,3.36,3.45,3090600,3.4
2009-08-31,3.68,3.68,3.54,3.54,2088100,3.5
2009-08-28,3.79,3.81,3.66,3.73,3535800,3.7
2009-08-27,3.78,3.87,3.69,3.79,7236800,3.7
2009-08-26,3.55,3.77,3.55,3.77,5343100,3.7
2009-08-25,3.66,3.66,3.51,3.59,4008700,3.5
2009-08-24,3.58,3.71,3.54,3.68,5580700,3.6
2009-08-21,3.49,3.61,3.45,3.59,4505300,3.5
2009-08-20,3.31,3.51,3.30,3.48,4037600,3.4
2009-08-19,3.51,3.55,3.35,3.35,4593000,3.3
2009-08-18,3.39,3.56,3.35,3.53,5015900,3.5
2009-08-17,3.63,3.63,3.52,3.52,4741700,3.5
2009-08-14,3.88,3.95,3.71,3.71,6139800,3.7
2009-08-13,3.97,3.98,3.80,3.90,5885300,3.9
2009-08-12,4.21,4.21,4.00,4.00,6591500,4.0
2009-08-11,4.21,4.24,4.15,4.21,2694100,4.2
2009-08-10,4.25,4.27,4.12,4.20,4444800,4.2
2009-08-07,4.29,4.34,4.20,4.22,4913100,4.2
2009-08-06,4.39,4.39,4.25,4.30,5702800,4.3
2009-08-05,4.35,4.44,4.31,4.41,7744300,4.4
2009-08-04,4.36,4.39,4.25,4.35,5480900,4.3
2009-08-03,4.30,4.40,4.29,4.37,5253900,4.3
2009-07-31,4.22,4.36,4.22,4.33,5667200,4.3
2009-07-30,4.28,4.35,4.11,4.23,9271800,4.2
2009-07-29,4.56,4.62,4.33,4.33,10660500,4.3
2009-07-28,4.53,4.56,4.39,4.56,11048900,4.5
2009-07-27,4.46,4.54,4.41,4.53,6537200,4.5
2009-07-24,4.49,4.59,4.36,4.46,6004500,4.4
2009-07-23,4.45,4.54,4.44,4.50,4838100,4.5
2009-07-22,4.38,4.52,4.35,4.45,6971000,4.4
2009-07-21,4.59,4.66,4.37,4.38,8470200,4.3
2009-07-20,4.53,4.66,4.52,4.60,6908200,4.6
2009-07-17,4.49,4.57,4.49,4.53,6369100,4.5
2009-07-16,4.60,4.62,4.50,4.50,6986100,4.5
2009-07-15,4.68,4.70,4.58,4.59,7475900,4.5
2009-07-14,4.67,4.73,4.61,4.67,7356200,4.6
2009-07-13,4.45,4.67,4.43,4.66,12360800,4.6
2009-07-10,4.54,4.56,4.45,4.45,6704700,4.4
2009-07-09,4.43,4.54,4.43,4.51,8329000,4.5
2009-07-08,4.34,4.46,4.32,4.45,8560500,4.4
2009-07-07,4.25,4.45,4.24,4.35,11372100,4.3
2009-07-06,4.28,4.28,4.22,4.25,4773600,4.2
2009-07-03,4.25,4.30,4.22,4.26,5359700,4.2
2009-07-02,4.28,4.30,4.19,4.27,5245100,4.2
2009-07-01,4.21,4.31,4.18,4.29,5490500,4.2
2009-06-30,4.34,4.36,4.17,4.23,7143700,4.2
2009-06-29,4.41,4.42,4.29,4.33,9465700,4.3
2009-06-26,4.29,4.43,4.28,4.40,8021200,4.4
2009-06-25,4.25,4.33,4.25,4.29,6380000,4.2
2009-06-24,4.23,4.32,4.21,4.25,5676300,4.2
2009-06-23,4.21,4.31,4.15,4.27,7347500,4.2
2009-06-22,4.33,4.50,4.32,4.33,15843000,4.3
2009-06-19,4.52,4.68,4.40,4.55,6764800,4.5
2009-06-18,4.51,4.69,4.50,4.56,6758600,4.5
2009-06-17,4.60,4.85,4.50,4.56,12073400,4.5
2009-06-16,4.36,4.63,4.31,4.63,13072200,4.6
2009-06-15,4.30,4.41,4.17,4.41,6910900,4.4
2009-06-12,4.30,4.43,4.21,4.23,8406400,4.2
2009-06-11,4.52,4.63,4.22,4.28,22013900,4.2
2009-06-10,4.27,4.41,4.21,4.41,14329600,4.4
2009-06-09,3.97,4.20,3.97,4.20,25161700,4.2
2009-06-08,3.94,4.02,3.87,4.00,7997300,4.0
2009-06-05,3.94,4.04,3.90,3.95,8199200,3.9
2009-06-04,3.87,3.97,3.83,3.95,8295700,3.9
2009-06-03,3.82,3.92,3.79,3.88,6613000,3.8
2009-06-02,3.84,3.84,3.78,3.81,4884800,3.8
2009-06-01,3.85,3.85,3.80,3.82,5538000,3.8
2009-05-27,3.77,3.85,3.77,3.80,4425100,3.8
2009-05-26,3.78,3.83,3.76,3.76,4564600,3.7
2009-05-25,3.67,3.79,3.66,3.77,5292600,3.7
2009-05-22,3.79,3.83,3.72,3.82,8449400,3.8
2009-05-20,3.99,4.05,3.92,3.92,7813200,3.9
2009-05-19,4.04,4.07,3.93,3.97,10313400,3.9
2009-05-18,3.87,4.04,3.85,4.03,15911400,4.0
2009-05-15,3.76,3.89,3.75,3.85,10874400,3.8
2009-05-14,3.68,3.75,3.63,3.74,5887400,3.7
2009-05-13,3.67,3.73,3.62,3.70,4682500,3.7
2009-05-12,3.56,3.67,3.52,3.67,4157600,3.6
2009-05-11,3.81,3.83,3.61,3.61,6466500,3.6
2009-05-08,3.76,3.81,3.68,3.79,6795000,3.7
2009-05-07,3.79,3.88,3.65,3.74,7565300,3.7
2009-05-06,3.71,3.79,3.66,3.77,6433400,3.7
2009-05-05,3.68,3.72,3.65,3.71,6263500,3.7
2009-05-04,3.59,3.70,3.51,3.68,8367100,3.6
2009-04-30,3.59,3.64,3.56,3.59,4367500,3.5
2009-04-29,3.45,3.60,3.45,3.59,5469100,3.5
2009-04-28,3.68,3.68,3.50,3.50,6929800,3.5
2009-04-27,3.87,3.92,3.68,3.68,5994200,3.6
2009-04-24,3.80,3.94,3.80,3.87,7080800,3.8
2009-04-23,3.80,3.85,3.68,3.80,7894900,3.8
2009-04-22,4.02,4.13,3.84,3.86,13766300,3.8
2009-04-21,3.89,4.10,3.83,4.04,14813600,4.0
2009-04-20,3.77,3.90,3.75,3.90,7818600,3.9
2009-04-17,3.80,3.88,3.70,3.77,7246500,3.7
2009-04-16,4.06,4.17,3.87,3.88,10244400,3.8
2009-04-15,3.79,4.02,3.77,4.02,13094300,4.0
2009-04-14,3.73,3.88,3.71,3.83,7836900,3.8
2009-04-13,3.75,3.79,3.68,3.72,7432000,3.7
2009-04-10,3.58,3.77,3.57,3.73,9759500,3.7
2009-04-09,3.56,3.61,3.49,3.59,4263200,3.5
2009-04-08,3.59,3.65,3.54,3.55,7768100,3.5
2009-04-07,3.52,3.64,3.52,3.61,5763000,3.6
2009-04-03,3.53,3.62,3.49,3.53,6159400,3.5
2009-04-02,3.62,3.67,3.46,3.53,10836400,3.5
2009-04-01,3.55,3.68,3.54,3.63,7945300,3.6
2009-03-31,3.54,3.65,3.50,3.58,17531400,3.5
2009-03-30,3.88,3.96,3.68,3.68,17622100,3.6
2009-03-27,3.90,4.04,3.83,3.87,6088100,3.8
2009-03-26,3.70,3.89,3.61,3.89,8177500,3.8
2009-03-25,3.68,3.74,3.60,3.70,6129000,3.7
2009-03-24,3.44,3.56,3.39,3.56,6840400,3.5
2009-03-23,3.35,3.48,3.30,3.39,5031500,3.3
2009-03-20,3.41,3.41,3.30,3.35,3090200,3.3
2009-03-19,3.37,3.42,3.34,3.40,2688300,3.4
2009-03-18,3.42,3.48,3.35,3.39,4911700,3.3
2009-03-17,3.36,3.51,3.29,3.44,5296200,3.4
2009-03-16,3.45,3.45,3.23,3.36,2307800,3.3
2009-03-13,3.42,3.44,3.30,3.39,2854300,3.3
2009-03-12,3.25,3.46,3.22,3.35,5138700,3.3
2009-03-11,3.19,3.32,3.08,3.32,7991500,3.3
2009-03-10,2.97,3.16,2.86,3.16,5772300,3.1
2009-03-09,3.12,3.22,3.00,3.01,3255200,3.0
2009-03-06,3.14,3.23,3.09,3.12,4370400,3.1
2009-03-05,3.40,3.41,3.19,3.25,5952500,3.2
2009-03-04,3.15,3.40,3.15,3.36,3684600,3.3
2009-03-03,3.38,3.38,3.27,3.27,3922200,3.2
2009-03-02,3.20,3.54,3.20,3.44,6284200,3.4
2009-02-27,3.38,3.44,3.37,3.37,4540400,3.3
2009-02-26,3.47,3.64,3.30,3.55,10497600,3.5
2009-02-25,3.50,3.53,3.35,3.47,6343400,3.4
2009-02-24,3.38,3.51,3.33,3.46,10879900,3.4
2009-02-23,3.26,3.34,3.19,3.34,6716200,3.3
2009-02-20,2.97,3.18,2.96,3.18,9458600,3.1
2009-02-19,2.79,3.03,2.75,3.03,8286600,3.0
2009-02-18,2.91,2.98,2.89,2.89,7147200,2.8
2009-02-17,3.16,3.19,3.04,3.04,8403900,3.0
2009-02-16,3.09,3.24,3.02,3.20,8594100,3.2
2009-02-13,3.02,3.09,2.93,3.09,12227000,3.0
2009-02-12,3.03,3.05,2.77,3.04,12822100,3.0
2009-02-11,2.89,2.90,2.85,2.90,7905100,2.9
2009-02-10,2.65,2.76,2.63,2.76,3764000,2.7
2009-02-09,2.53,2.63,2.47,2.63,9424700,2.6
2009-02-06,2.39,2.50,2.39,2.50,7625900,2.5
2009-02-05,2.44,2.50,2.38,2.39,7938100,2.3
2009-02-04,2.41,2.46,2.35,2.44,7101900,2.4
2009-02-03,2.45,2.46,2.38,2.40,8746000,2.4
2009-02-02,2.27,2.38,2.23,2.38,9253200,2.3
2009-01-23,2.18,2.27,2.16,2.27,10523700,2.2
2009-01-22,2.16,2.16,2.11,2.16,10320900,2.1
2009-01-21,2.00,2.06,2.00,2.06,3697300,2.0
2009-01-20,2.04,2.05,2.01,2.03,1981800,2.0
2009-01-19,2.02,2.06,2.01,2.05,4036100,2.0
2009-01-16,2.01,2.05,2.00,2.01,3421900,2.0
2009-01-15,1.97,2.04,1.97,2.01,3692300,2.0
2009-01-14,1.94,2.00,1.93,1.99,2226700,1.9
2009-01-13,1.98,2.00,1.94,1.94,2880100,1.9
2009-01-12,2.00,2.05,1.98,2.00,4700300,2.0
2009-01-09,1.96,2.00,1.94,2.00,2117600,2.0
2009-01-08,1.98,2.00,1.92,1.96,2720100,1.9
2009-01-07,1.97,2.02,1.96,2.01,3633500,2.0
2009-01-06,1.91,2.00,1.86,1.97,3780100,1.9
2009-01-05,1.84,1.92,1.82,1.91,3837800,1.9
