Date,Open,High,Low,Close,Volume,Adj Clos
2011-12-30,7.09,7.15,7.05,7.11,923000,7.1
2011-12-29,7.01,7.18,7.01,7.05,1288100,7.0
2011-12-28,6.81,7.06,6.81,7.04,1017000,7.0
2011-12-27,6.92,7.05,6.78,6.89,998500,6.8
2011-12-26,6.88,7.22,6.72,7.02,1581900,7.0
2011-12-23,6.65,7.33,6.65,6.92,1306200,6.9
2011-12-22,6.80,6.88,6.60,6.74,1131100,6.7
2011-12-21,7.11,7.13,6.90,6.90,661800,6.9
2011-12-20,6.94,7.15,6.92,7.00,571700,7.0
2011-12-19,7.10,7.10,6.90,7.06,846800,7.0
2011-12-16,6.70,7.19,6.70,7.19,976100,7.1
2011-12-15,7.22,7.22,6.82,6.82,1712400,6.8
2011-12-14,7.29,7.35,7.20,7.22,699800,7.2
2011-12-13,7.60,7.60,7.24,7.25,1104400,7.2
2011-12-12,7.62,7.69,7.57,7.60,470500,7.6
2011-12-09,7.71,7.73,7.60,7.68,788600,7.6
2011-12-08,7.69,7.84,7.65,7.74,1179600,7.7
2011-12-07,7.70,7.73,7.60,7.66,603800,7.6
2011-12-06,7.62,7.70,7.55,7.64,1038800,7.6
2011-12-05,7.95,7.97,7.66,7.69,1152800,7.6
2011-12-02,8.00,8.00,7.86,7.90,1027700,7.9
2011-12-01,8.02,8.12,7.99,8.02,1828100,8.0
2011-11-30,8.22,8.22,7.81,7.84,2027900,7.8
2011-11-29,8.17,8.24,8.12,8.23,1236000,8.2
2011-11-28,8.15,8.17,8.10,8.11,970400,8.1
2011-11-25,8.16,8.22,8.10,8.13,1311700,8.1
2011-11-24,8.18,8.28,8.08,8.19,1209500,8.1
2011-11-23,8.37,8.39,8.23,8.24,1403000,8.2
2011-11-22,8.36,8.42,8.27,8.37,1198100,8.3
2011-11-21,8.33,8.44,8.26,8.44,1392200,8.4
2011-11-18,8.51,8.62,8.26,8.33,2161600,8.3
2011-11-17,8.60,8.68,8.48,8.54,2364300,8.5
2011-11-16,8.91,8.91,8.55,8.58,4594500,8.5
2011-11-15,8.90,8.96,8.82,8.94,3208900,8.9
2011-11-14,8.90,8.97,8.79,8.91,4712100,8.9
2011-11-11,8.93,9.07,8.77,8.82,3605500,8.8
2011-11-10,8.99,9.35,8.83,8.98,6132900,8.9
2011-11-09,9.02,9.13,8.83,9.09,5588900,9.0
2011-11-08,9.48,9.51,9.00,9.03,9631600,9.0
2011-11-07,8.80,9.54,8.80,9.30,14945400,9.3
2011-11-04,8.70,8.74,8.55,8.67,2852600,8.6
2011-11-03,8.54,8.79,8.54,8.63,4335300,8.6
2011-11-02,8.38,8.54,8.21,8.53,2254800,8.5
2011-11-01,8.40,8.61,8.36,8.46,2005500,8.4
2011-10-31,8.57,8.58,8.41,8.47,2090800,8.4
2011-10-28,8.49,8.60,8.43,8.57,3861600,8.5
2011-10-27,8.31,8.53,8.23,8.45,3377400,8.4
2011-10-26,8.18,8.32,8.11,8.30,2299500,8.3
2011-10-25,7.92,8.23,7.83,8.23,1925600,8.2
2011-10-24,8.12,8.12,7.63,7.91,2423300,7.9
2011-10-21,8.14,8.28,8.00,8.05,1431200,8.0
2011-10-20,8.40,8.40,8.16,8.26,1186200,8.2
2011-10-19,8.35,8.48,8.27,8.46,1443800,8.4
2011-10-18,8.51,8.52,8.26,8.28,1469200,8.2
2011-10-17,8.54,8.61,8.47,8.60,1838400,8.6
2011-10-14,8.59,8.69,8.46,8.54,2964300,8.5
2011-10-12,8.13,8.51,8.10,8.49,2249800,8.4
2011-10-11,8.35,8.37,8.08,8.17,1239700,8.1
2011-10-10,8.24,8.26,8.10,8.12,841700,8.1
2011-09-30,8.07,8.27,8.07,8.20,939500,8.2
2011-09-29,8.30,8.38,8.12,8.14,1764900,8.1
2011-09-28,8.76,8.76,8.34,8.38,2251400,8.3
2011-09-27,8.53,8.63,8.45,8.61,2563500,8.6
2011-09-26,8.42,8.62,8.40,8.49,2276700,8.4
2011-09-23,8.18,8.48,8.12,8.46,2181300,8.4
2011-09-22,8.41,8.56,8.28,8.28,2108000,8.2
2011-09-21,8.21,8.53,8.16,8.51,2361200,8.5
2011-09-20,8.16,8.27,8.12,8.25,821300,8.2
2011-09-19,8.34,8.34,8.16,8.16,1505600,8.1
2011-09-16,8.45,8.55,8.40,8.40,1606200,8.4
2011-09-15,8.47,8.58,8.42,8.46,1871800,8.4
2011-09-14,8.28,8.44,8.19,8.44,1787600,8.4
2011-09-13,8.28,8.33,8.19,8.28,1326500,8.2
2011-09-09,8.46,8.52,8.37,8.40,960100,8.4
2011-09-08,8.46,8.59,8.39,8.44,1589500,8.4
2011-09-07,8.30,8.45,8.30,8.42,1588500,8.4
2011-09-06,8.15,8.39,8.12,8.26,1480200,8.2
2011-09-05,8.35,8.35,8.17,8.20,2003900,8.2
2011-09-02,8.63,8.65,8.39,8.47,1791700,8.4
2011-09-01,8.56,8.73,8.56,8.63,2413000,8.6
2011-08-31,8.51,8.68,8.50,8.57,1930600,8.5
2011-08-30,8.64,8.80,8.51,8.51,2953900,8.5
2011-08-29,8.69,8.69,8.56,8.56,2640700,8.5
2011-08-26,8.68,8.77,8.62,8.72,2930000,8.7
2011-08-25,8.45,8.69,8.40,8.68,4455000,8.6
2011-08-24,8.50,8.58,8.39,8.41,3539400,8.4
2011-08-23,8.29,8.40,8.27,8.39,4107900,8.3
2011-08-22,8.20,8.31,8.11,8.17,2257700,8.1
2011-08-19,8.29,8.38,8.05,8.19,5555900,8.1
2011-08-18,8.78,8.85,8.43,8.46,4006100,8.4
2011-08-17,8.81,8.96,8.78,8.81,1733700,8.8
2011-08-16,8.87,9.08,8.82,8.91,3255300,8.9
2011-08-15,8.78,8.89,8.70,8.85,2307800,8.8
2011-08-12,8.78,8.89,8.74,8.76,2955100,8.7
2011-08-11,8.57,8.77,8.43,8.72,3428600,8.7
2011-08-10,8.65,8.94,8.63,8.67,2912600,8.6
2011-08-09,8.40,8.61,8.00,8.49,2667900,8.4
2011-08-08,9.10,9.15,8.33,8.64,2594300,8.6
2011-08-05,9.20,9.34,9.10,9.25,2294400,9.2
2011-08-04,9.53,9.58,9.45,9.52,1994400,9.5
2011-08-03,9.32,9.77,9.28,9.51,2123300,9.5
2011-08-02,9.48,9.49,9.30,9.41,1697900,9.4
2011-08-01,9.59,9.65,9.46,9.50,1630300,9.5
2011-07-29,9.71,9.80,9.51,9.59,1812000,9.5
2011-07-28,9.66,9.84,9.56,9.74,2871600,9.7
2011-07-27,9.54,9.69,9.40,9.66,2193700,9.6
2011-07-26,9.46,9.62,9.42,9.54,1648600,9.5
2011-07-25,10.10,10.12,9.40,9.49,4157900,9.4
2011-07-22,10.13,10.18,10.05,10.08,1650400,10.0
2011-07-21,10.26,10.26,10.08,10.09,2059500,10.0
2011-07-20,10.34,10.40,10.12,10.26,2648900,10.2
2011-07-19,10.45,10.49,10.26,10.26,3623700,10.2
2011-07-18,10.75,10.75,10.50,10.58,4570000,10.5
2011-07-15,10.47,10.78,10.36,10.65,6238500,10.6
2011-07-14,10.50,10.54,10.30,10.48,4093900,10.4
2011-07-13,10.25,10.50,10.25,10.46,4034700,10.4
2011-07-12,10.29,10.54,10.21,10.30,4059300,10.3
2011-07-11,10.46,10.46,10.31,10.41,3276800,10.4
2011-07-08,10.43,10.54,10.21,10.47,3959900,10.4
2011-07-07,10.50,10.68,10.32,10.33,5262300,10.3
2011-07-06,10.70,10.70,10.42,10.58,4859000,10.5
2011-07-05,10.85,10.98,10.58,10.73,8126000,10.7
2011-07-04,10.30,10.93,10.20,10.68,13949000,10.6
2011-07-01,10.24,10.39,10.15,10.30,5749300,10.3
2011-06-30,10.15,10.43,10.14,10.24,6407000,10.2
2011-06-29,10.23,10.33,10.05,10.18,5967600,10.1
2011-06-28,10.35,10.35,10.10,10.28,6109700,10.2
2011-06-27,10.34,10.47,10.09,10.40,9246500,10.4
2011-06-24,10.15,10.67,10.01,10.34,15507800,10.3
2011-06-23,10.27,10.32,9.93,10.27,10987400,10.2
2011-06-22,10.17,10.90,10.10,10.45,22352900,10.4
2011-06-21,10.07,10.09,9.83,10.09,15350200,10.0
2011-06-17,9.08,9.38,9.05,9.19,2466400,9.1
2011-06-16,9.35,9.35,9.03,9.08,1492000,9.0
2011-06-15,9.30,9.60,9.25,9.31,3016900,9.2
2011-06-14,9.16,9.37,9.06,9.31,2112200,9.2
2011-06-13,9.10,9.14,8.90,9.09,1321600,9.0
2011-06-10,9.15,9.23,9.04,9.18,2021300,9.1
2011-06-09,9.45,9.48,9.15,9.21,2307700,9.1
2011-06-08,9.60,9.60,9.31,9.45,1893800,9.4
2011-06-07,9.48,9.63,9.47,9.55,1676800,9.5
2011-06-03,9.40,9.53,9.34,9.48,2443700,9.4
2011-06-02,9.34,9.65,9.10,9.45,3157600,9.4
2011-06-01,9.32,9.46,9.26,9.44,1656600,9.4
2011-05-31,9.09,9.36,9.09,9.36,1883100,9.3
2011-05-30,9.18,9.26,8.93,9.13,1887400,9.1
2011-05-27,9.38,9.39,9.15,9.18,1562000,9.1
2011-05-26,9.53,9.58,9.31,9.32,1947200,9.3
2011-05-25,9.61,9.65,9.46,9.47,2111400,9.4
2011-05-24,9.77,9.77,9.35,9.59,3893100,9.5
2011-05-23,10.12,10.12,9.78,9.78,2599300,9.7
2011-05-20,10.10,10.15,9.99,10.15,2319600,10.1
2011-05-19,10.08,10.14,10.04,10.09,2619500,10.0
2011-05-18,10.00,10.17,9.99,10.06,4561400,10.0
2011-05-17,10.35,10.39,9.72,9.97,7564300,9.9
2011-05-16,10.34,10.49,10.27,10.33,2630200,10.3
2011-05-13,10.30,10.45,10.09,10.32,4296700,10.3
2011-05-12,10.60,10.67,10.28,10.33,4291800,10.3
2011-05-11,10.89,10.95,10.57,10.69,9833800,10.6
2011-05-10,11.29,11.29,10.83,10.87,6770000,10.8
2011-05-09,11.20,11.63,11.11,11.20,4029800,11.1
2011-05-06,11.50,11.58,11.28,11.35,4320900,11.3
2011-05-04,11.60,11.61,11.12,11.30,3421300,11.2
2011-05-03,11.28,11.69,11.05,11.61,4081200,11.5
2011-04-29,11.02,11.50,10.96,11.31,3886400,11.2
2011-04-28,11.83,11.98,11.00,11.02,5329100,11.0
2011-04-27,11.88,12.37,11.65,11.99,4943800,11.9
2011-04-26,12.45,12.45,11.76,11.97,5662200,11.9
2011-04-25,12.51,12.86,12.13,12.45,12672400,12.4
2011-04-22,12.35,12.58,12.02,12.51,7345800,12.4
2011-04-21,11.82,12.98,11.72,12.38,14929300,12.3
2011-04-20,11.69,11.92,11.48,11.80,5638400,11.7
2011-04-19,11.75,12.30,11.60,11.81,8634200,11.7
2011-04-18,11.36,11.99,11.23,11.95,9110000,11.9
2011-04-15,11.51,11.51,11.20,11.37,5211900,11.3
2011-04-14,11.70,12.00,11.54,11.55,5041900,11.5
2011-04-13,11.75,11.83,11.47,11.72,5531200,11.6
2011-04-12,11.29,12.35,11.25,11.87,16283500,11.8
2011-04-11,11.17,11.57,11.11,11.27,6203200,11.2
2011-04-08,11.14,11.25,10.89,11.17,2597900,11.1
2011-04-07,10.95,11.27,10.88,11.14,3143400,11.1
2011-04-06,10.70,11.14,10.68,10.92,2906600,10.9
2011-04-01,10.64,10.85,10.43,10.77,2060200,10.7
2011-03-31,11.11,11.35,10.63,10.64,3124000,10.6
2011-03-30,11.15,11.40,11.03,11.17,3600200,11.1
2011-03-29,11.01,11.64,11.01,11.30,6332600,11.2
2011-03-28,11.43,11.43,11.18,11.21,4821900,11.1
2011-03-25,10.84,11.25,10.81,11.18,5002800,11.1
2011-03-24,10.85,11.05,10.80,10.85,2400100,10.8
2011-03-23,10.86,11.02,10.81,10.93,2342900,10.9
2011-03-22,10.76,10.95,10.59,10.92,2735900,10.9
2011-03-21,11.02,11.10,10.75,10.79,3050200,10.7
2011-03-18,11.16,11.32,10.98,11.03,2888900,11.0
2011-03-17,11.30,11.39,11.14,11.16,5617700,11.1
2011-03-16,11.45,11.69,11.10,11.47,8806000,11.4
2011-03-15,10.97,11.54,10.96,11.39,10480200,11.3
2011-03-14,10.75,10.97,10.73,10.92,5582500,10.9
2011-03-11,10.65,10.85,10.55,10.58,3414400,10.5
2011-03-10,10.80,10.96,10.60,10.67,4267500,10.6
2011-03-09,10.76,10.94,10.72,10.84,3893200,10.8
2011-03-08,10.76,10.95,10.63,10.79,4991200,10.7
2011-03-07,10.51,10.98,10.42,10.83,9976800,10.8
2011-03-04,10.26,10.55,10.26,10.49,5503900,10.4
2011-03-03,10.26,10.33,10.18,10.26,3940300,10.2
2011-03-02,10.24,10.26,10.07,10.25,2473500,10.2
2011-03-01,10.23,10.40,10.17,10.27,3862200,10.2
2011-02-28,10.12,10.29,10.12,10.24,3609800,10.2
2011-02-25,9.98,10.15,9.82,10.12,2455600,10.1
2011-02-24,9.83,9.99,9.78,9.96,2215700,9.9
2011-02-23,9.79,9.93,9.78,9.88,2174700,9.8
2011-02-22,10.09,10.18,9.81,9.83,3669500,9.8
2011-02-21,9.93,10.12,9.87,10.08,2859700,10.0
2011-02-18,10.19,10.20,9.97,10.01,4204400,9.9
2011-02-17,10.35,10.55,10.13,10.23,3357200,10.2
2011-02-16,10.10,10.45,10.08,10.30,4129400,10.2
2011-02-15,10.30,10.36,10.02,10.05,5141500,10.0
2011-02-14,9.98,10.50,9.98,10.32,4975700,10.3
2011-02-11,9.82,10.07,9.75,9.98,2727500,9.9
2011-02-10,9.64,9.88,9.54,9.88,2313800,9.8
2011-02-09,9.69,9.85,9.61,9.66,1425800,9.6
2011-02-01,9.73,9.95,9.70,9.78,1631900,9.7
2011-01-28,9.55,9.69,9.54,9.65,1870100,9.6
2011-01-27,9.40,9.63,9.27,9.51,1862100,9.4
2011-01-26,9.29,9.52,9.26,9.45,1684900,9.4
2011-01-25,9.20,9.55,9.20,9.30,2030100,9.2
2011-01-24,9.57,9.57,9.18,9.19,2052800,9.1
2011-01-21,9.48,9.66,9.13,9.51,2959000,9.4
2011-01-20,10.01,10.01,9.51,9.52,2148800,9.5
2011-01-19,9.88,10.03,9.77,10.01,1819300,9.9
2011-01-18,9.52,9.94,9.50,9.88,1913200,9.8
2011-01-17,10.21,10.21,9.69,9.75,2943100,9.7
2011-01-14,10.56,10.58,10.23,10.29,2486500,10.2
2011-01-13,10.75,10.81,10.56,10.56,3204400,10.5
2011-01-12,10.45,10.94,10.38,10.84,6629100,10.8
2011-01-11,10.30,10.65,10.10,10.50,3497300,10.4
2011-01-10,10.64,10.71,10.35,10.38,3034200,10.3
2011-01-07,10.55,10.83,10.40,10.72,3735400,10.7
2011-01-06,10.74,10.84,10.44,10.56,4364100,10.5
2011-01-05,11.00,11.00,10.76,10.81,3773000,10.7
2011-01-04,10.98,11.10,10.68,11.03,5011800,11.0
