Date,Open,High,Low,Close,Volume,Adj Clos
2003-12-31,4.53,4.55,4.50,4.50,150700,4.2
2003-12-30,4.60,4.64,4.50,4.58,373800,4.3
2003-12-29,4.61,4.67,4.58,4.58,366700,4.3
2003-12-26,4.60,4.71,4.60,4.61,474500,4.3
2003-12-25,4.68,4.73,4.59,4.60,425800,4.3
2003-12-24,4.70,4.75,4.67,4.68,378600,4.4
2003-12-23,4.82,4.82,4.69,4.73,496800,4.4
2003-12-22,4.71,4.82,4.59,4.82,395600,4.5
2003-12-19,5.15,5.15,4.71,4.80,641600,4.5
2003-12-18,5.18,5.20,5.08,5.11,556000,4.8
2003-12-17,5.11,5.20,5.10,5.16,487600,4.8
2003-12-16,5.21,5.21,5.09,5.17,507100,4.8
2003-12-15,5.20,5.25,5.15,5.21,352800,4.9
2003-12-12,5.11,5.20,5.11,5.19,327100,4.8
2003-12-11,5.15,5.15,5.07,5.13,328500,4.8
2003-12-10,5.16,5.16,5.05,5.15,330300,4.8
2003-12-09,5.10,5.18,5.09,5.15,399100,4.8
2003-12-08,5.10,5.17,5.06,5.14,266400,4.8
2003-12-05,5.09,5.14,5.02,5.14,233800,4.8
2003-12-04,5.12,5.19,5.09,5.09,279700,4.7
2003-12-03,5.03,5.09,4.98,5.04,252800,4.7
2003-12-02,5.10,5.12,5.03,5.06,332700,4.7
2003-12-01,4.96,5.10,4.96,5.10,287000,4.8
2003-11-28,4.87,5.02,4.87,4.96,162600,4.6
2003-11-27,5.09,5.14,4.86,4.95,478700,4.6
2003-11-26,5.30,5.61,5.15,5.20,1232300,4.8
2003-11-25,4.95,5.29,4.91,5.10,743800,4.8
2003-11-24,4.74,4.94,4.67,4.92,341700,4.6
2003-11-21,4.97,5.04,4.70,4.74,231300,4.4
2003-11-20,4.68,4.98,4.61,4.97,400500,4.6
2003-11-19,4.50,4.73,4.50,4.71,203000,4.4
2003-11-18,4.55,4.55,4.47,4.53,41000,4.2
2003-11-17,4.60,4.60,4.53,4.56,69800,4.2
2003-11-14,4.55,4.66,4.49,4.60,161100,4.3
2003-11-13,4.40,4.55,4.40,4.50,106200,4.2
2003-11-12,4.55,4.56,4.46,4.48,81200,4.2
2003-11-11,4.55,4.55,4.45,4.53,109900,4.2
2003-11-10,4.56,4.59,4.46,4.51,132100,4.2
2003-11-07,4.73,4.73,4.40,4.56,375200,4.2
2003-11-06,5.08,5.08,4.74,4.74,447000,4.4
2003-11-05,5.24,5.26,5.10,5.11,165600,4.8
2003-11-04,5.18,5.30,5.10,5.24,256700,4.9
2003-11-03,5.09,5.21,5.08,5.18,83200,4.8
2003-10-31,5.08,5.19,5.07,5.09,112000,4.7
2003-10-30,5.08,5.13,5.07,5.08,154800,4.7
2003-10-29,5.18,5.25,5.10,5.12,188300,4.8
2003-10-28,5.30,5.34,5.15,5.20,125000,4.8
2003-10-27,5.38,5.42,5.20,5.25,181200,4.9
2003-10-24,5.47,5.53,5.36,5.39,128700,5.0
2003-10-23,5.59,5.65,5.12,5.52,251900,5.1
2003-10-22,5.46,5.64,5.40,5.58,254600,5.2
2003-10-21,5.45,5.50,5.35,5.46,101200,5.1
2003-10-20,5.48,5.52,5.30,5.47,152800,5.1
2003-10-17,5.58,5.58,5.50,5.51,118900,5.1
2003-10-16,5.62,5.67,5.50,5.53,200900,5.2
2003-10-15,5.88,5.88,5.68,5.68,205600,5.3
2003-10-14,5.84,5.96,5.80,5.82,189700,5.4
2003-10-13,5.85,6.00,5.85,5.92,292500,5.5
2003-10-10,5.81,6.03,5.80,5.99,381900,5.6
2003-10-09,5.95,5.96,5.82,5.83,406100,5.4
2003-10-08,5.53,6.12,5.43,6.02,1308500,5.6
2003-10-07,5.56,5.56,5.56,5.56,000,5.2
2003-10-06,5.56,5.56,5.56,5.56,000,5.2
2003-10-03,5.56,5.56,5.56,5.56,000,5.2
2003-10-02,5.56,5.56,5.56,5.56,000,5.2
2003-10-01,5.56,5.56,5.56,5.56,000,5.2
2003-09-30,5.61,5.64,5.30,5.56,318900,5.2
2003-09-29,5.78,5.90,5.58,5.60,478100,5.2
2003-09-26,5.61,5.85,5.60,5.78,1414600,5.4
2003-09-25,5.75,5.76,5.60,5.62,96400,5.2
2003-09-24,5.66,5.76,5.65,5.75,257500,5.4
2003-09-23,5.75,5.77,5.56,5.69,209200,5.3
2003-09-22,5.82,5.84,5.76,5.78,67000,5.4
2003-09-19,5.78,5.83,5.72,5.82,90100,5.4
2003-09-18,5.74,5.79,5.68,5.78,189700,5.4
2003-09-17,5.82,5.85,5.75,5.75,155400,5.4
2003-09-16,5.89,5.89,5.78,5.87,117200,5.5
2003-09-15,5.76,5.88,5.75,5.81,154000,5.4
2003-09-12,5.93,5.93,5.80,5.84,264300,5.4
2003-09-11,6.00,6.04,5.79,5.96,1072200,5.6
2003-09-10,6.28,6.28,6.00,6.00,1085500,5.6
2003-09-09,6.38,6.38,6.28,6.28,392100,5.9
2003-09-08,6.36,6.42,6.36,6.38,146500,6.0
2003-09-05,6.65,6.65,6.40,6.44,301600,6.0
2003-09-04,6.80,6.80,6.61,6.65,887100,6.2
2003-09-03,6.85,6.85,6.67,6.80,864800,6.4
2003-09-02,6.85,6.85,6.64,6.78,212700,6.3
2003-09-01,6.69,6.80,6.56,6.74,188700,6.3
2003-08-29,6.81,6.81,6.49,6.64,315200,6.2
2003-08-28,6.55,6.85,6.51,6.67,110100,6.2
2003-08-27,6.51,6.55,6.40,6.55,55000,6.1
2003-08-26,6.41,6.50,6.38,6.50,125300,6.1
2003-08-25,6.51,6.51,6.45,6.45,66000,6.0
2003-08-22,6.48,6.56,6.48,6.50,39100,6.1
2003-08-21,6.44,6.56,6.41,6.49,56900,6.1
2003-08-20,6.60,6.60,6.48,6.48,83600,6.0
2003-08-19,6.69,6.69,6.54,6.60,66100,6.2
2003-08-18,6.62,6.70,6.59,6.62,90700,6.2
2003-08-15,6.60,6.66,6.50,6.55,113200,6.1
2003-08-14,6.57,6.63,6.52,6.54,103000,6.1
2003-08-13,6.67,6.70,6.55,6.59,120500,6.2
2003-08-12,6.79,6.79,6.61,6.67,100900,6.2
2003-08-11,6.60,6.69,6.50,6.66,138200,6.2
2003-08-08,6.97,7.00,6.69,6.72,665100,6.3
2003-08-07,6.84,7.00,6.82,6.96,645700,6.5
2003-08-06,6.90,6.90,6.71,6.81,208200,6.4
2003-08-05,6.66,6.80,6.66,6.79,218400,6.3
2003-08-04,6.59,6.75,6.50,6.66,256300,6.2
2003-08-01,6.70,6.70,6.45,6.54,245300,6.1
2003-07-31,6.80,6.80,6.65,6.65,102400,6.2
2003-07-30,6.85,6.85,6.67,6.68,191400,6.2
2003-07-29,6.98,6.98,6.82,6.82,170500,6.4
2003-07-28,7.10,7.10,6.88,6.88,207100,6.4
2003-07-25,7.00,7.11,6.78,7.10,222000,6.6
2003-07-24,6.97,7.00,6.94,7.00,70800,6.5
2003-07-23,7.08,7.20,6.97,7.06,211800,6.6
2003-07-22,7.21,7.21,7.00,7.08,237600,6.6
2003-07-21,7.02,7.22,6.80,7.21,365400,6.7
2003-07-18,7.35,7.35,7.00,7.01,445500,6.5
2003-07-17,7.27,7.48,7.16,7.28,840300,6.8
2003-07-16,7.25,7.25,7.12,7.22,292300,6.7
2003-07-15,7.23,7.23,7.09,7.16,775800,6.7
2003-07-14,7.21,7.30,7.09,7.19,1037900,6.7
2003-07-11,7.03,7.21,6.87,7.17,919800,6.7
2003-07-10,7.10,7.10,6.83,7.03,692000,6.6
2003-07-09,7.13,7.13,6.98,7.01,361700,6.5
2003-07-08,7.08,7.10,6.99,7.05,714800,6.6
2003-07-07,6.82,7.20,6.66,7.13,1221300,6.7
2003-07-04,6.69,6.80,6.60,6.80,188300,6.4
2003-07-03,6.57,6.65,6.55,6.64,86000,6.2
2003-07-02,6.59,6.59,6.49,6.52,44000,6.1
2003-07-01,6.45,6.48,6.37,6.45,70100,6.0
2003-06-30,6.41,6.41,6.41,6.41,000,6.0
2003-06-27,6.59,6.59,6.40,6.41,108300,6.0
2003-06-26,6.54,6.54,6.40,6.54,110300,6.1
2003-06-25,6.64,6.64,6.49,6.49,76400,6.1
2003-06-24,6.63,6.65,6.57,6.59,82200,6.2
2003-06-23,6.83,6.83,6.57,6.58,135800,6.1
2003-06-20,6.85,6.85,6.78,6.78,104500,6.3
2003-06-19,7.00,7.05,6.81,6.82,71400,6.4
2003-06-18,6.83,7.18,6.83,6.96,109900,6.5
2003-06-17,6.87,6.88,6.79,6.80,102100,6.4
2003-06-16,6.95,6.98,6.86,6.88,99100,6.4
2003-06-13,6.96,6.98,6.85,6.91,106800,6.5
2003-06-12,7.07,7.07,6.89,6.91,111500,6.5
2003-06-11,6.98,7.02,6.93,6.98,169700,6.5
2003-06-10,6.99,7.02,6.83,6.95,151800,6.5
2003-06-09,6.95,6.95,6.76,6.82,337700,6.4
2003-06-06,7.20,7.20,6.93,6.95,254700,6.5
2003-06-05,7.30,7.30,7.11,7.12,171800,6.7
2003-06-04,7.40,7.40,7.18,7.23,242000,6.8
2003-06-03,7.14,7.57,7.07,7.38,681200,6.9
2003-06-02,7.28,7.28,7.11,7.15,187700,6.7
2003-05-30,7.32,7.32,7.10,7.16,201400,6.7
2003-05-29,7.15,7.29,7.07,7.27,375200,6.8
2003-05-28,7.28,7.28,7.02,7.07,807800,6.6
2003-05-27,7.50,7.52,7.18,7.21,2573900,6.7
2003-05-26,6.45,7.05,6.40,7.05,682800,6.6
2003-05-23,6.50,6.50,6.32,6.41,352200,6.0
2003-05-22,6.72,6.72,6.44,6.46,212900,6.0
2003-05-21,6.83,6.83,6.55,6.59,143300,6.2
2003-05-20,6.92,6.92,6.61,6.67,228500,6.2
2003-05-19,6.73,6.75,6.50,6.74,414800,6.3
2003-05-16,6.72,6.72,6.48,6.55,166600,6.1
2003-05-15,6.65,6.65,6.36,6.54,287000,6.1
2003-05-14,6.20,6.50,5.97,6.44,335900,6.0
2003-05-13,6.48,6.48,6.10,6.23,620600,5.8
2003-05-12,6.50,6.70,6.44,6.52,209500,6.1
2003-05-09,6.73,6.73,6.73,6.73,000,6.3
2003-05-08,6.73,6.73,6.73,6.73,000,6.3
2003-05-07,6.73,6.73,6.73,6.73,000,6.3
2003-05-06,6.73,6.73,6.73,6.73,000,6.3
2003-05-05,6.73,6.73,6.73,6.73,000,6.3
2003-05-02,6.73,6.73,6.73,6.73,000,6.3
2003-05-01,6.73,6.73,6.73,6.73,000,6.3
2003-04-30,6.40,6.76,6.27,6.73,470900,6.3
2003-04-29,6.74,6.76,6.56,6.59,363700,6.2
2003-04-28,6.75,6.81,6.55,6.74,351600,6.3
2003-04-25,6.92,6.96,6.80,6.81,300000,6.4
2003-04-24,7.15,7.24,6.90,6.92,401600,6.5
2003-04-23,7.18,7.20,7.10,7.16,222700,6.7
2003-04-22,7.20,7.29,7.16,7.18,246600,6.7
2003-04-21,7.45,7.45,7.15,7.21,336600,6.7
2003-04-18,7.41,7.66,7.41,7.49,453700,7.0
2003-04-17,7.62,7.62,7.40,7.47,715900,7.0
2003-04-16,8.15,8.15,7.56,7.62,1560300,7.1
2003-04-15,7.78,8.18,7.60,8.15,3831700,7.6
2003-04-14,7.07,7.63,7.05,7.62,2497000,7.1
2003-04-11,6.90,7.08,6.86,7.07,868800,6.6
2003-04-10,7.01,7.01,6.70,6.96,1136500,6.5
2003-04-09,7.00,7.04,6.84,7.01,831800,6.5
2003-04-08,7.30,7.30,6.98,7.05,1472700,6.6
2003-04-07,7.45,7.45,7.45,7.45,000,7.0
2003-04-04,7.58,7.59,7.41,7.45,1094800,7.0
2003-04-03,7.84,7.86,7.56,7.59,1012600,7.1
2003-04-02,7.70,7.90,7.70,7.86,927700,7.3
2003-04-01,7.75,7.75,7.62,7.73,992000,7.2
2003-03-31,7.93,7.94,7.65,7.83,1456700,7.3
2003-03-28,8.15,8.70,7.91,8.14,270500,7.6
2003-03-27,7.80,8.20,7.80,8.15,128300,7.6
2003-03-26,7.89,7.98,7.80,7.93,77000,7.4
2003-03-25,7.97,7.97,7.80,7.88,88000,7.4
2003-03-24,7.88,7.97,7.83,7.95,72800,7.4
2003-03-21,7.85,7.94,7.77,7.93,76800,7.4
2003-03-20,7.92,7.95,7.77,7.77,167200,7.3
2003-03-19,8.05,8.05,7.92,7.92,172500,7.4
2003-03-18,8.11,8.23,8.05,8.10,222900,7.6
2003-03-17,8.28,8.28,8.08,8.20,97200,7.7
2003-03-14,8.20,8.30,8.20,8.24,109400,7.7
2003-03-13,8.22,8.39,8.20,8.31,136200,7.8
2003-03-12,8.30,8.58,8.29,8.40,253500,7.9
2003-03-11,8.40,8.49,8.34,8.38,85700,7.8
2003-03-10,8.54,8.73,8.40,8.47,199700,7.9
2003-03-07,8.50,8.58,8.47,8.54,113400,8.0
2003-03-06,8.68,8.68,8.46,8.55,571900,8.0
2003-03-05,8.78,8.78,8.56,8.66,841200,8.1
2003-03-04,8.70,8.77,8.65,8.74,689900,8.2
2003-03-03,8.76,8.76,8.61,8.68,566500,8.1
2003-02-28,8.49,8.74,8.49,8.71,871200,8.1
2003-02-27,8.52,8.61,8.52,8.59,556200,8.0
2003-02-26,8.50,8.54,8.39,8.51,139700,8.0
2003-02-25,8.30,8.53,8.30,8.50,162100,7.9
2003-02-24,8.32,8.45,8.32,8.34,138400,7.8
2003-02-21,8.55,8.69,8.37,8.38,1102200,7.8
2003-02-20,8.84,8.84,8.62,8.66,903900,8.1
2003-02-19,8.84,8.86,8.70,8.77,1284400,8.2
2003-02-18,8.68,8.82,8.59,8.80,1570900,8.2
2003-02-17,8.56,8.79,8.45,8.68,1019600,8.1
2003-02-14,8.54,8.54,8.36,8.51,903900,8.0
2003-02-13,8.65,8.65,8.40,8.41,636500,7.9
2003-02-12,8.40,8.55,8.34,8.53,191900,8.0
2003-02-11,8.21,8.42,8.03,8.41,101200,7.9
2003-02-10,8.36,8.44,8.29,8.34,138400,7.8
2003-02-07,8.34,8.34,8.34,8.34,000,7.8
2003-02-06,8.34,8.34,8.34,8.34,000,7.8
2003-02-05,8.34,8.34,8.34,8.34,000,7.8
2003-02-04,8.34,8.34,8.34,8.34,000,7.8
2003-02-03,8.34,8.34,8.34,8.34,000,7.8
2003-01-31,8.34,8.34,8.34,8.34,000,7.8
2003-01-30,8.34,8.34,8.34,8.34,000,7.8
2003-01-29,8.46,8.49,8.28,8.34,236700,7.8
2003-01-28,8.50,8.56,8.38,8.46,558400,7.9
2003-01-27,8.05,8.60,8.01,8.52,2331000,8.0
2003-01-24,8.00,8.10,7.93,8.04,152600,7.5
2003-01-23,8.05,8.23,8.00,8.00,69900,7.5
2003-01-22,8.13,8.23,8.00,8.16,166500,7.6
2003-01-21,8.10,8.63,8.10,8.23,242200,7.7
2003-01-20,8.25,8.31,8.00,8.23,251900,7.7
2003-01-17,8.31,8.48,8.31,8.33,374800,7.8
2003-01-16,8.15,8.35,8.15,8.32,297600,7.8
2003-01-15,8.29,8.44,8.15,8.19,305000,7.7
2003-01-14,7.90,8.44,7.89,8.29,498100,7.8
2003-01-13,8.00,8.02,7.86,7.90,76700,7.4
2003-01-10,8.06,8.15,8.00,8.00,198100,7.5
2003-01-09,7.98,8.13,7.95,8.11,340900,7.6
2003-01-08,7.85,7.94,7.68,7.92,83000,7.4
2003-01-07,7.74,7.90,7.58,7.60,119700,7.1
2003-01-06,7.68,7.83,7.46,7.70,87800,7.2
2003-01-03,7.61,7.71,7.56,7.62,75500,7.1
2003-01-02,7.82,7.82,7.50,7.54,199400,7.0
2003-01-01,7.85,7.85,7.85,7.85,000,7.3
