Date,Open,High,Low,Close,Volume,Adj Clos
2010-12-01,11.55,11.77,11.45,11.59,9638500,11.5
2010-11-30,12.12,12.21,11.08,11.56,19544700,11.5
2010-11-29,12.00,12.12,11.70,11.92,13531800,11.9
2010-11-26,12.64,12.83,12.00,12.17,22206900,12.1
2010-11-25,12.58,12.77,12.26,12.57,22835900,12.5
2010-11-24,12.35,12.93,12.35,12.60,29150600,12.6
2010-11-23,11.94,12.80,11.53,12.63,30769900,12.6
2010-11-22,11.60,12.10,11.49,11.90,20489400,11.9
2010-11-19,11.45,11.75,10.92,11.72,25600400,11.7
2010-11-18,11.90,12.14,10.90,11.50,38492600,11.5
2010-11-17,12.21,12.95,12.10,12.10,40542500,12.1
2010-11-16,12.70,13.16,12.00,12.42,35607200,12.4
2010-11-15,12.06,12.84,12.06,12.80,31593500,12.8
2010-11-12,12.55,12.90,11.90,12.00,32301500,12.0
2010-11-11,12.13,13.16,12.09,12.70,32692200,12.7
2010-11-10,12.25,12.44,12.00,12.11,31491900,12.1
2010-11-09,12.99,13.15,12.35,12.44,32182700,12.4
2010-11-08,12.89,13.30,12.45,12.90,32222100,12.9
2010-11-05,12.50,13.06,12.38,12.70,39560800,12.7
2010-11-04,11.62,12.77,11.62,12.55,55591500,12.5
2010-11-03,11.80,12.24,11.56,11.66,46542800,11.6
2010-11-02,10.87,11.95,10.72,11.95,55385700,11.9
2010-11-01,10.72,11.03,10.68,10.86,22978200,10.8
2010-10-29,10.66,11.00,10.65,10.78,13480300,10.7
2010-10-28,11.12,11.12,10.56,10.68,22988000,10.6
2010-10-27,11.00,11.35,10.80,11.12,37619400,11.1
2010-10-26,10.94,11.15,10.60,11.01,41407400,11.0
2010-10-25,10.14,10.64,10.13,10.62,27181300,10.6
2010-10-22,10.20,10.29,10.08,10.13,17062200,10.1
2010-10-21,9.96,10.36,9.95,10.15,14803500,10.1
2010-10-20,9.59,10.28,9.52,10.00,22637000,10.0
2010-10-19,9.45,9.79,9.42,9.74,21642800,9.7
2010-10-18,10.11,10.11,9.30,9.42,34928100,9.4
2010-10-15,10.08,10.24,9.87,10.11,42427300,10.1
2010-10-14,11.29,11.38,10.68,10.68,23620100,10.6
2010-10-13,11.37,11.60,11.12,11.29,28038300,11.2
2010-10-12,11.28,11.47,11.05,11.41,27104600,11.4
2010-10-11,11.47,11.71,11.08,11.29,33316900,11.2
2010-10-08,10.93,11.66,10.86,11.40,29113700,11.4
2010-09-30,10.68,11.30,10.58,10.80,23407700,10.8
2010-09-29,10.10,10.71,10.10,10.39,18464400,10.3
2010-09-28,10.34,10.44,10.15,10.20,7865200,10.2
2010-09-27,9.93,10.36,9.93,10.35,10073600,10.3
2010-09-21,9.76,9.98,9.76,9.93,7934400,9.9
2010-09-20,10.05,10.19,9.80,9.80,14512300,9.8
2010-09-17,10.38,10.50,10.08,10.12,15630400,10.1
2010-09-16,10.92,10.96,10.20,10.33,16935800,10.3
2010-09-15,11.27,11.27,10.94,10.96,13031000,10.9
2010-09-14,11.44,11.46,11.22,11.28,12618900,11.2
2010-09-13,11.44,11.53,11.22,11.41,14355000,11.4
2010-09-10,11.30,11.48,11.00,11.42,21831200,11.4
2010-09-09,10.90,11.68,10.75,11.24,35249500,11.2
2010-09-08,10.33,11.23,10.30,10.82,31840700,10.8
2010-09-07,10.21,10.46,10.21,10.40,11534700,10.4
2010-09-06,10.52,10.62,10.16,10.27,19329800,10.2
2010-09-03,10.52,10.68,10.25,10.44,15995700,10.4
2010-09-02,10.16,10.55,10.05,10.51,20607500,10.5
2010-09-01,10.41,10.48,9.96,10.05,18146600,10.0
2010-08-31,10.59,10.83,10.30,10.37,22070700,10.3
2010-08-30,10.16,10.58,10.12,10.46,14831000,10.4
2010-08-27,10.03,10.19,9.80,10.16,10076700,10.1
2010-08-26,10.22,10.28,9.98,10.01,9706700,10.0
2010-08-25,10.44,10.55,10.17,10.17,15559800,10.1
2010-08-23,10.30,10.65,10.29,10.40,13255500,10.4
2010-08-20,10.66,10.69,10.35,10.40,14966800,10.4
2010-08-19,10.37,10.78,10.37,10.70,22368100,10.7
2010-08-18,10.70,10.88,10.29,10.42,22152500,10.4
2010-08-17,10.38,10.60,10.30,10.52,25455200,10.5
2010-08-16,9.55,10.51,9.46,10.41,46341200,10.4
2010-08-13,9.42,9.57,9.24,9.55,11620400,9.5
2010-08-12,9.45,9.67,9.34,9.41,8902200,9.4
2010-08-11,9.69,9.72,9.43,9.55,14726500,9.5
2010-08-10,10.05,10.17,9.68,9.70,25456600,9.7
2010-08-09,9.68,10.10,9.48,10.06,30537600,10.0
2010-08-06,9.77,9.79,9.31,9.74,15876800,9.7
2010-08-05,9.86,9.94,9.65,9.74,17553900,9.7
2010-08-04,9.68,9.96,9.46,9.90,18609600,9.9
2010-08-03,9.88,9.91,9.63,9.67,19953700,9.6
2010-08-02,9.60,10.04,9.31,9.93,35739800,9.9
2010-07-30,9.00,9.90,8.92,9.69,40277200,9.6
2010-07-29,8.68,9.09,8.62,9.03,27060400,9.0
2010-07-28,8.40,8.72,8.33,8.68,18969300,8.6
2010-07-27,8.40,8.47,8.33,8.39,7287600,8.3
2010-07-26,8.52,8.56,8.33,8.48,10157200,8.4
2010-07-23,8.40,8.64,8.37,8.48,13400800,8.4
2010-07-22,8.21,8.44,8.20,8.37,10217500,8.3
2010-07-21,8.35,8.36,8.20,8.24,15173300,8.2
2010-07-20,7.83,8.46,7.82,8.40,19257600,8.4
2010-07-19,7.50,7.89,7.45,7.85,6513700,7.8
2010-07-16,7.63,7.78,7.39,7.58,6305700,7.5
2010-07-15,7.93,7.98,7.66,7.69,4513400,7.6
2010-07-14,7.93,8.05,7.89,7.92,7632600,7.9
2010-07-13,8.05,8.05,7.77,7.90,7148700,7.9
2010-07-12,7.98,8.21,7.89,8.11,9789900,8.1
2010-07-09,7.72,8.00,7.64,7.88,8569100,7.8
2010-07-08,7.73,7.80,7.63,7.68,5081000,7.6
2010-07-07,7.67,7.78,7.58,7.71,8454100,7.7
2010-07-06,7.34,7.63,7.29,7.61,7917300,7.6
2010-07-05,7.38,7.42,7.18,7.35,5804300,7.3
2010-07-02,7.46,7.67,7.19,7.53,8091700,7.5
2010-07-01,7.75,7.85,7.38,7.41,8663200,7.4
2010-06-30,8.08,8.08,7.73,7.73,9258500,7.7
2010-06-29,8.85,8.89,8.10,8.12,8596000,8.1
2010-06-28,8.92,8.97,8.75,8.85,3655800,8.8
2010-06-25,9.10,9.11,8.87,8.92,5706300,8.9
2010-06-24,9.15,9.21,9.06,9.12,3842500,9.1
2010-06-23,9.25,9.29,9.07,9.15,8250300,9.1
2010-06-22,9.42,9.55,9.33,9.38,8055300,9.3
2010-06-21,9.13,9.49,9.12,9.45,11714600,9.4
2010-06-18,9.22,9.26,8.81,8.89,6163100,8.8
2010-06-17,9.45,9.57,9.20,9.21,8550100,9.2
2010-06-11,9.15,9.47,9.05,9.38,17333100,9.3
2010-06-10,9.05,9.15,8.98,9.03,8709500,9.0
2010-06-09,9.05,9.14,8.69,9.14,12572100,9.1
2010-06-08,8.94,9.00,8.83,9.00,5738200,9.0
2010-06-07,9.00,9.05,8.74,8.89,7158500,8.8
2010-06-04,9.16,9.23,9.01,9.17,4027400,9.1
2010-06-03,9.28,9.51,9.10,9.16,7055700,9.1
2010-06-02,9.11,9.30,8.91,9.23,6005800,9.2
2010-06-01,9.57,9.57,9.07,9.19,7299300,9.1
2010-05-31,9.85,9.95,9.60,9.60,5716400,9.6
2010-05-28,10.02,10.17,9.85,9.87,8393200,9.8
2010-05-27,9.74,10.05,9.60,9.98,10530900,9.9
2010-05-26,9.56,9.82,9.56,9.72,5876600,9.7
2010-05-25,9.87,9.87,9.56,9.67,6845200,9.6
2010-05-24,9.56,9.93,9.55,9.91,9046900,9.9
2010-05-21,9.09,9.53,8.98,9.51,7012600,9.5
2010-05-20,9.31,9.69,9.30,9.38,5816600,9.3
2010-05-19,9.50,9.64,9.28,9.43,7019300,9.4
2010-05-18,9.65,9.85,9.15,9.50,12145700,9.5
2010-05-17,10.28,10.30,9.69,9.70,6808300,9.7
2010-05-14,10.35,10.58,10.25,10.38,4966300,10.3
2010-05-13,10.12,10.42,10.08,10.37,5022700,10.3
2010-05-12,10.90,10.90,10.10,10.18,9856800,10.1
2010-05-11,11.33,11.42,10.98,11.04,8415900,11.0
2010-05-10,11.18,11.33,10.91,11.13,6443200,11.1
2010-05-07,11.01,11.31,10.89,11.14,6911100,11.1
2010-05-06,11.40,11.48,11.10,11.18,6039500,11.1
2010-05-05,10.82,11.42,10.81,11.39,6910300,11.3
2010-05-04,10.72,11.22,10.72,11.00,4669700,11.0
2010-04-30,11.45,11.51,10.87,11.04,8162800,11.0
2010-04-29,11.79,11.79,11.43,11.43,6889800,11.4
2010-04-28,11.50,11.74,11.41,11.60,6314200,11.5
2010-04-27,12.14,12.16,11.48,11.65,9592200,11.6
2010-04-26,12.18,12.37,12.10,12.17,6992900,12.1
2010-04-23,12.52,12.57,12.13,12.16,11589400,12.1
2010-04-22,12.56,12.73,12.34,12.52,11184700,12.4
2010-04-21,12.40,12.75,12.38,12.65,9148800,12.6
2010-04-20,12.05,12.46,12.05,12.36,14042600,12.3
2010-04-19,12.43,12.63,11.89,12.01,14908900,11.9
2010-04-16,12.66,12.82,12.60,12.65,6860900,12.6
2010-04-15,12.60,12.82,12.51,12.74,11624100,12.7
2010-04-14,12.57,12.75,12.37,12.69,14960500,12.6
2010-04-13,12.95,12.96,12.26,12.60,32788800,12.5
2010-04-09,12.99,13.10,12.72,13.04,20561400,13.0
2010-04-07,13.07,13.40,13.07,13.22,22007800,13.1
2010-04-06,13.07,13.30,12.96,12.98,13030800,12.9
2010-04-02,12.70,13.20,12.65,13.17,22064000,13.1
2010-04-01,12.59,12.81,12.54,12.70,10827400,12.6
2010-03-31,12.50,12.74,12.45,12.59,6827900,12.5
2010-03-30,12.65,12.75,12.53,12.55,7563400,12.5
2010-03-29,12.60,12.83,12.55,12.69,12019300,12.6
2010-03-26,12.60,12.65,12.40,12.60,10165400,12.5
2010-03-25,12.85,12.96,12.43,12.50,12551400,12.4
2010-03-24,12.81,13.06,12.81,12.85,7879900,12.8
2010-03-23,13.20,13.24,12.76,12.81,10562300,12.7
2010-03-22,13.01,13.19,12.92,13.17,11790300,13.1
2010-03-19,12.93,13.12,12.77,12.97,10967500,12.9
2010-03-18,12.64,13.15,12.60,12.78,16063100,12.7
2010-03-17,12.48,12.75,12.34,12.75,10076500,12.7
2010-03-16,12.35,12.50,12.24,12.42,6072300,12.3
2010-03-15,12.28,12.53,12.23,12.35,8872500,12.3
2010-03-12,12.88,12.91,12.29,12.36,18325100,12.3
2010-03-11,13.24,13.33,12.83,12.88,12854900,12.8
2010-03-10,13.38,13.55,13.09,13.18,12322900,13.1
2010-03-09,13.01,13.38,12.66,13.35,22008600,13.3
2010-03-08,12.79,13.16,12.71,13.01,12463600,12.9
2010-03-05,12.88,13.12,12.75,12.88,13069800,12.8
2010-03-04,13.34,13.40,12.60,12.88,25812800,12.8
2010-03-03,13.19,13.46,13.02,13.30,20113400,13.2
2010-03-02,13.00,13.30,12.90,13.19,21040700,13.1
2010-03-01,13.14,13.59,13.00,13.04,29156600,13.0
2010-02-26,13.12,13.28,12.91,13.15,19063100,13.1
2010-02-25,13.02,13.30,12.86,13.10,31599800,13.0
2010-02-24,12.68,13.22,12.50,13.01,34590400,12.9
2010-02-23,12.48,12.72,12.27,12.70,24825100,12.6
2010-02-22,11.81,12.76,11.80,12.45,32430300,12.4
2010-02-12,11.52,11.82,11.48,11.73,8854400,11.6
2010-02-11,11.60,11.65,11.43,11.54,8255600,11.5
2010-02-10,11.36,11.49,11.29,11.47,6598800,11.4
2010-02-09,11.35,11.48,11.13,11.28,8967700,11.2
2010-02-08,11.40,11.99,11.30,11.48,20282000,11.4
2010-02-05,11.17,11.50,11.07,11.28,8984200,11.2
2010-02-04,11.25,11.54,11.16,11.33,8101100,11.2
2010-02-03,11.39,11.39,10.90,11.30,7377900,11.2
2010-02-02,11.28,11.50,11.21,11.26,6492800,11.2
2010-02-01,11.21,11.32,10.97,11.27,7444500,11.2
2010-01-29,11.16,11.46,11.07,11.25,8193600,11.2
2010-01-28,10.94,11.39,10.90,11.20,10976300,11.1
2010-01-27,11.30,11.31,10.83,11.00,10517500,10.9
2010-01-26,11.85,11.88,11.18,11.31,10833300,11.2
2010-01-25,11.68,11.99,11.65,11.80,8640700,11.7
2010-01-22,12.00,12.19,11.64,11.83,12684800,11.7
2010-01-21,12.24,12.58,12.12,12.19,15568600,12.1
2010-01-20,12.98,12.98,12.18,12.25,21171400,12.2
2010-01-19,13.04,13.10,12.68,12.98,18348100,12.9
2010-01-18,12.68,13.18,12.68,13.00,23171600,12.9
2010-01-15,12.53,12.80,12.31,12.68,20939300,12.6
2010-01-14,12.34,12.65,12.23,12.49,20278300,12.4
2010-01-13,12.30,12.64,12.18,12.25,22389100,12.2
2010-01-12,12.07,12.85,11.90,12.58,31027200,12.5
2010-01-11,11.99,12.18,11.70,12.00,19003500,11.9
2010-01-07,12.18,12.30,11.65,11.70,18623100,11.6
2010-01-06,11.98,12.39,11.98,12.18,16466100,12.1
2010-01-05,11.85,12.22,11.65,12.13,19575700,12.0
2010-01-04,11.65,11.92,11.65,11.84,12917600,11.8
