Date,Open,High,Low,Close,Volume,Adj Clos
2011-12-30,8.71,9.00,8.71,8.92,2187500,8.9
2011-12-29,8.72,8.83,8.63,8.70,1946800,8.7
2011-12-28,8.55,8.85,8.47,8.80,2110300,8.8
2011-12-27,8.99,8.99,8.50,8.64,2294100,8.6
2011-12-26,8.99,9.16,8.92,8.96,1586500,8.9
2011-12-23,8.89,9.10,8.81,8.99,1743600,8.9
2011-12-22,9.14,9.14,8.65,8.89,3021900,8.8
2011-12-21,9.71,9.77,9.12,9.16,3444700,9.1
2011-12-20,9.55,10.03,9.51,9.62,3981600,9.6
2011-12-19,9.35,9.54,9.20,9.51,2233700,9.5
2011-12-16,9.35,9.58,9.02,9.54,3748900,9.5
2011-12-15,9.78,9.79,9.25,9.30,5531800,9.3
2011-12-14,10.25,10.42,10.04,10.05,6158400,10.0
2011-12-13,10.19,10.44,9.89,10.07,5534400,10.0
2011-12-12,10.29,10.35,10.13,10.16,1342500,10.1
2011-12-09,10.34,10.41,10.20,10.25,2544500,10.2
2011-12-08,10.45,10.65,10.13,10.57,6102100,10.5
2011-12-07,10.56,10.64,10.45,10.50,2981000,10.5
2011-12-06,10.46,10.68,10.31,10.57,1517700,10.5
2011-12-05,10.85,10.93,10.40,10.46,1815600,10.4
2011-12-02,11.00,11.00,10.66,10.92,2880200,10.9
2011-12-01,11.22,11.45,11.04,11.04,4504300,11.0
2011-11-30,11.54,11.54,10.71,10.83,3327100,10.8
2011-11-29,11.33,11.56,11.28,11.47,2934300,11.4
2011-11-28,11.39,11.55,11.12,11.23,2326000,11.2
2011-11-25,11.77,11.77,11.31,11.38,1766000,11.3
2011-11-24,11.51,11.84,11.38,11.68,3155600,11.6
2011-11-23,11.78,12.02,11.70,11.71,3225000,11.7
2011-11-22,11.82,11.89,11.52,11.82,2746200,11.8
2011-11-21,12.04,12.16,11.75,11.92,2572100,11.9
2011-11-18,12.48,12.48,11.99,12.03,4192400,12.0
2011-11-17,12.63,12.77,12.37,12.60,4991000,12.6
2011-11-16,13.16,13.28,12.55,12.63,5537000,12.6
2011-11-15,13.28,13.47,13.01,13.15,8194400,13.1
2011-11-14,12.33,13.30,12.33,13.30,11114500,13.3
2011-11-11,12.43,12.49,12.18,12.20,2855300,12.2
2011-11-10,12.31,12.59,12.25,12.43,7100700,12.4
2011-11-09,12.02,12.38,11.93,12.29,3993400,12.2
2011-11-08,12.31,12.41,12.00,12.00,3028100,12.0
2011-11-07,12.60,12.60,12.29,12.31,3215700,12.3
2011-11-04,12.28,12.79,12.28,12.53,6584600,12.5
2011-11-03,12.22,12.68,12.19,12.20,8578900,12.2
2011-11-02,11.46,12.15,11.24,12.12,5231400,12.1
2011-11-01,11.28,11.68,11.18,11.66,4130900,11.6
2011-10-31,11.42,11.45,11.27,11.37,2273600,11.3
2011-10-28,11.29,11.48,11.17,11.35,3245100,11.3
2011-10-27,11.10,11.65,11.06,11.19,2696800,11.1
2011-10-26,11.05,11.26,10.92,11.05,3497200,11.0
2011-10-25,10.69,11.20,10.63,11.13,2938100,11.1
2011-10-24,10.50,10.69,10.22,10.62,1606200,10.6
2011-10-21,10.60,10.72,10.35,10.47,1019500,10.4
2011-10-20,10.99,11.06,10.52,10.60,2245000,10.6
2011-10-19,11.18,11.26,10.95,11.10,1458000,11.1
2011-10-18,11.51,11.59,11.09,11.10,2709000,11.1
2011-10-17,11.87,11.92,11.57,11.67,2900800,11.6
2011-10-14,11.76,12.06,11.66,11.88,2410200,11.8
2011-10-13,11.62,11.95,11.55,11.80,2881400,11.8
2011-10-12,11.08,11.63,10.98,11.57,2732400,11.5
2011-10-11,11.51,11.69,11.00,11.12,2054000,11.1
2011-10-10,11.19,11.35,11.11,11.12,1033800,11.1
2011-09-30,11.64,11.64,10.99,11.19,2974700,11.1
2011-09-29,11.62,11.78,11.50,11.57,2752000,11.5
2011-09-28,12.00,12.18,11.51,11.60,2357000,11.6
2011-09-27,11.85,11.98,11.73,11.90,1824200,11.9
2011-09-26,11.94,12.07,11.66,11.73,2090700,11.7
2011-09-23,12.18,12.28,11.84,11.96,4938800,11.9
2011-09-22,12.95,12.96,12.44,12.45,3731600,12.4
2011-09-21,12.70,13.09,12.62,13.06,3290900,13.0
2011-09-20,12.87,12.92,12.58,12.66,1776400,12.6
2011-09-19,13.35,13.35,12.70,12.75,2806100,12.7
2011-09-16,13.79,13.90,13.42,13.43,1834200,13.4
2011-09-15,13.68,13.85,13.56,13.58,2064400,13.5
2011-09-14,13.19,13.73,13.03,13.71,2057600,13.7
2011-09-13,13.00,13.15,12.80,13.14,1203500,13.1
2011-09-09,13.43,13.57,13.25,13.28,1212900,13.2
2011-09-08,13.83,13.90,13.40,13.42,2142000,13.4
2011-09-07,13.30,13.70,13.21,13.70,2789300,13.7
2011-09-05,13.91,13.91,13.22,13.26,3020400,13.2
2011-09-02,14.30,14.30,13.88,14.03,3671200,14.0
2011-09-01,15.22,15.24,14.30,14.37,7277100,14.3
2011-08-31,14.62,15.13,14.58,15.03,5165200,15.0
2011-08-30,14.91,15.40,14.63,14.76,9777900,14.7
2011-08-29,14.08,14.95,14.05,14.85,9085600,14.8
2011-08-26,14.05,14.45,14.03,14.29,4866200,14.2
2011-08-25,13.90,14.40,13.70,14.15,5390800,14.1
2011-08-24,14.20,14.35,13.81,13.83,5726500,13.8
2011-08-23,13.73,14.08,13.63,14.04,5246200,14.0
2011-08-22,14.24,14.40,13.50,13.56,7381200,13.5
2011-08-19,14.41,14.68,14.00,14.34,10208500,14.3
2011-08-18,14.05,15.59,14.05,14.81,17684400,14.8
2011-08-17,14.69,14.79,14.28,14.40,9729700,14.4
2011-08-16,13.80,15.36,13.70,14.69,19038500,14.6
2011-08-15,12.87,14.22,12.82,13.96,17582800,13.9
2011-08-12,13.40,13.74,12.84,12.99,13720000,12.9
2011-08-11,11.96,12.54,11.82,12.49,3103900,12.4
2011-08-10,12.39,12.49,12.25,12.26,3216900,12.2
2011-08-09,11.80,12.35,11.49,12.13,3981100,12.1
2011-08-08,13.50,13.58,12.35,12.37,5703300,12.3
2011-08-05,13.80,13.85,13.49,13.72,4147800,13.7
2011-08-04,13.99,14.13,13.88,14.13,3748700,14.1
2011-08-03,13.81,14.08,13.81,13.86,2585300,13.8
2011-08-02,14.15,14.15,13.87,13.95,2973500,13.9
2011-08-01,13.93,14.31,13.90,14.17,2964600,14.1
2011-07-29,14.21,14.30,13.89,13.91,2165700,13.9
2011-07-28,14.30,14.30,14.00,14.18,2187000,14.1
2011-07-27,13.86,14.52,13.85,14.46,4260400,14.4
2011-07-26,14.00,14.09,13.78,13.89,2914100,13.8
2011-07-25,14.72,14.72,13.87,14.00,6239500,14.0
2011-07-22,15.34,15.45,14.60,14.75,6766600,14.7
2011-07-21,15.93,15.95,15.27,15.31,2977300,15.3
2011-07-20,15.80,15.97,15.68,15.80,2307800,15.8
2011-07-19,16.04,16.08,15.72,15.77,2088800,15.7
2011-07-18,16.17,16.34,15.99,16.03,2837300,16.0
2011-07-15,16.17,16.29,16.06,16.18,2512600,16.1
2011-07-14,16.30,16.31,16.06,16.19,5787900,16.1
2011-07-13,16.06,16.60,15.97,16.51,4219800,16.5
2011-07-12,16.37,16.52,16.01,16.08,3351700,16.0
2011-07-11,16.49,16.65,16.23,16.53,3150500,16.5
2011-07-08,16.37,16.58,16.16,16.50,3346500,16.5
2011-07-07,15.76,16.87,15.74,16.37,6877500,16.3
2011-07-06,15.78,15.87,15.45,15.83,2542100,15.8
2011-07-05,15.88,15.90,15.58,15.70,1695100,15.7
2011-07-04,15.59,15.86,15.51,15.77,2346500,15.7
2011-06-30,15.30,15.70,15.27,15.43,1970400,15.4
2011-06-29,15.55,15.60,15.22,15.28,1523600,15.2
2011-06-28,15.36,15.69,15.29,15.53,1947600,15.5
2011-06-27,15.16,15.52,15.10,15.37,2241300,15.3
2011-06-24,14.86,15.38,14.75,15.16,2636800,15.1
2011-06-23,14.57,14.85,14.33,14.84,1753300,14.8
2011-06-22,14.63,14.80,14.45,14.54,1118800,14.5
2011-06-21,14.59,14.65,14.25,14.60,1313800,14.6
2011-06-20,14.58,14.90,14.42,14.46,1050100,14.4
2011-06-17,14.72,14.97,14.70,14.70,928500,14.7
2011-06-16,14.96,15.33,14.78,14.95,1739200,14.9
2011-06-15,15.10,15.31,14.95,15.00,1936600,15.0
2011-06-14,15.15,15.68,15.15,15.37,3347400,15.3
2011-06-13,14.73,14.88,14.52,14.76,792400,14.7
2011-06-10,14.88,15.00,14.52,14.83,2042700,14.8
2011-06-09,15.41,15.41,14.90,14.92,1542100,14.9
2011-06-08,15.60,15.65,15.07,15.29,1841400,15.2
2011-06-07,15.51,15.70,15.47,15.60,1687700,15.6
2011-06-03,15.55,15.75,15.39,15.70,2354800,15.7
2011-06-02,15.10,15.77,14.84,15.55,4707400,15.5
2011-06-01,15.15,15.40,15.01,15.25,2292400,15.2
2011-05-31,15.15,15.49,14.65,15.33,4076200,15.3
2011-05-30,14.85,14.96,14.50,14.65,1423700,14.6
2011-05-27,15.21,15.30,14.80,14.91,1651700,14.9
2011-05-26,15.42,15.50,15.10,15.21,1071300,15.2
2011-05-25,15.80,15.86,15.20,15.21,1375400,15.2
2011-05-24,16.08,16.09,15.50,15.70,1934900,15.7
2011-05-23,16.60,16.68,15.97,16.10,2352800,16.1
2011-05-20,16.83,16.99,16.46,16.50,1388800,16.5
2011-05-19,17.10,17.21,16.72,16.82,1602600,16.8
2011-05-18,16.55,17.48,16.20,17.19,3349200,17.1
2011-05-17,17.00,17.08,16.41,16.50,2494500,16.5
2011-05-16,17.10,17.47,16.90,16.90,1225000,16.9
2011-05-13,17.05,17.28,16.93,17.14,901100,17.1
2011-05-12,26.00,26.27,25.80,25.81,863400,25.7
2011-05-11,26.35,26.38,25.91,26.02,1154100,25.9
2011-05-10,26.56,26.59,25.91,26.22,986400,26.1
2011-05-09,25.98,26.63,25.98,26.42,1428600,26.3
2011-05-06,25.48,26.29,25.21,25.98,1883500,25.9
2011-05-05,25.00,25.50,24.72,25.18,980100,25.1
2011-05-04,25.67,26.10,25.20,25.42,1337300,25.3
2011-05-03,25.08,25.60,25.08,25.30,770500,25.2
2011-04-28,26.00,26.05,24.91,24.96,925700,24.9
2011-04-27,25.40,26.30,25.36,25.64,1498600,25.5
2011-04-26,25.55,25.78,25.23,25.31,768300,25.2
2011-04-25,26.16,26.16,25.50,25.71,1061600,25.6
2011-04-22,26.25,26.32,25.91,26.15,1392800,26.1
2011-04-21,25.50,26.35,25.21,26.19,2533400,26.1
2011-04-20,25.00,25.30,24.91,25.20,2672300,25.1
2011-04-19,25.65,25.74,24.96,25.05,2292200,25.0
2011-04-18,26.31,26.31,25.55,25.76,1546300,25.7
2011-04-15,26.12,26.35,25.50,26.33,1785500,26.2
2011-04-14,26.66,26.93,26.05,26.12,2536100,26.0
2011-04-13,26.68,26.86,26.42,26.65,1295700,26.6
2011-04-12,26.90,27.18,26.33,26.50,1792800,26.4
2011-04-11,28.59,28.60,26.70,26.93,4228500,26.8
2011-04-08,28.28,28.50,28.11,28.27,1534100,28.2
2011-04-07,28.30,28.47,27.90,28.28,1731000,28.2
2011-04-06,27.99,28.61,27.88,28.00,2567600,27.9
2011-04-01,27.63,28.00,27.50,27.99,926300,27.9
2011-03-31,27.62,28.10,27.45,27.63,1115200,27.5
2011-03-30,28.40,28.63,27.51,27.61,3121000,27.5
2011-03-29,28.76,28.94,28.21,28.49,2250300,28.4
2011-03-28,30.29,30.68,28.59,28.74,5062400,28.6
2011-03-25,29.73,30.38,29.73,29.99,3059300,29.9
2011-03-24,30.00,30.50,29.70,29.83,5234200,29.7
2011-03-23,28.87,29.80,28.61,29.73,4601300,29.6
2011-03-22,28.98,29.20,28.00,28.88,2961800,28.8
2011-03-21,29.14,29.33,28.52,28.87,3704900,28.8
2011-03-18,28.13,29.23,28.13,29.14,5550300,29.0
2011-03-17,27.76,28.88,27.45,27.99,3106900,27.9
2011-03-16,27.55,28.10,27.55,28.08,1643400,28.0
2011-03-15,28.38,28.47,26.88,27.79,2374300,27.7
2011-03-14,27.88,28.57,27.88,28.44,1878200,28.3
2011-03-11,27.50,28.61,27.45,28.00,2789000,27.9
2011-03-10,28.34,28.35,27.68,27.69,2360400,27.6
2011-03-09,28.68,28.99,28.32,28.36,2539100,28.3
2011-03-08,28.20,28.50,28.03,28.36,2641500,28.3
2011-03-07,28.60,28.60,27.87,28.28,4615300,28.2
2011-03-04,28.71,29.05,27.70,28.64,5350200,28.5
2011-03-03,29.11,29.49,28.13,28.69,5591900,28.6
2011-03-02,28.01,28.85,27.77,28.69,4766400,28.6
2011-03-01,27.60,28.35,27.42,28.27,3765300,28.2
2011-02-28,27.65,28.40,27.40,27.60,3987800,27.5
2011-02-25,28.50,28.50,27.42,27.84,2228800,27.7
2011-02-24,28.15,28.50,27.65,28.28,3736800,28.2
2011-02-23,27.20,28.20,26.90,28.20,3763900,28.1
2011-02-22,27.30,28.52,26.55,27.50,5822800,27.4
2011-02-21,25.90,27.27,25.75,27.21,3579200,27.1
2011-02-18,26.43,26.43,26.06,26.08,2621500,26.0
2011-02-17,26.47,26.98,26.16,26.45,4965500,26.4
2011-02-15,26.00,26.58,25.70,25.95,3291500,25.9
2011-02-14,25.70,26.15,25.38,25.96,3502800,25.9
2011-02-11,24.61,25.63,24.58,25.58,3527800,25.5
2011-02-10,23.83,24.56,23.71,24.56,3163900,24.5
2011-02-09,24.61,24.97,23.88,23.95,1832600,23.9
2011-02-01,24.80,24.97,24.53,24.86,1417200,24.8
2011-01-31,24.20,25.08,23.88,25.00,2588200,24.9
2011-01-28,24.29,24.50,23.88,24.20,2007500,24.1
2011-01-27,23.31,24.53,22.78,24.44,3306100,24.3
2011-01-26,23.35,23.76,23.20,23.57,3493500,23.5
2011-01-25,23.43,23.48,22.76,23.25,1712700,23.2
2011-01-24,23.28,23.77,23.20,23.50,1803800,23.4
2011-01-21,23.28,23.70,23.14,23.38,2610600,23.3
2011-01-20,25.25,25.25,23.63,23.63,3508500,23.5
2011-01-19,25.01,25.37,24.40,25.27,3120900,25.2
2011-01-18,24.70,25.20,24.21,25.05,1510100,25.0
2011-01-17,25.35,25.74,23.52,24.87,2962600,24.8
2011-01-14,26.88,26.89,25.79,25.85,1786600,25.8
2011-01-13,26.52,27.06,26.52,26.88,2191100,26.8
2011-01-12,26.59,26.66,25.95,26.40,2004700,26.3
2011-01-11,27.00,27.20,25.88,26.25,3173600,26.2
2011-01-10,29.04,29.59,27.00,27.26,4249400,27.2
2011-01-07,29.90,30.26,28.90,29.00,3862400,28.9
2011-01-06,30.38,30.89,30.13,30.16,2261900,30.1
2011-01-05,29.96,30.44,29.32,29.91,2698500,29.8
2011-01-04,30.39,30.40,29.54,29.97,2789400,29.9
