Date,Open,High,Low,Close,Volume,Adj Clos
2005-12-30,2.57,2.58,2.49,2.50,3792400,2.4
2005-12-29,2.57,2.57,2.53,2.55,4146400,2.4
2005-12-28,2.53,2.56,2.51,2.55,2286200,2.4
2005-12-27,2.56,2.57,2.52,2.53,3078000,2.4
2005-12-26,2.58,2.62,2.56,2.56,3243900,2.4
2005-12-23,2.54,2.58,2.53,2.57,3743400,2.5
2005-12-22,2.45,2.57,2.44,2.55,5016300,2.4
2005-12-21,2.52,2.53,2.46,2.47,3082000,2.4
2005-12-20,2.46,2.53,2.43,2.52,3630900,2.4
2005-12-19,2.48,2.48,2.43,2.46,1307800,2.3
2005-12-16,2.45,2.49,2.44,2.48,1390400,2.4
2005-12-15,2.47,2.51,2.43,2.45,2668200,2.3
2005-12-14,2.38,2.48,2.37,2.47,4065200,2.4
2005-12-13,2.39,2.40,2.35,2.38,1364800,2.3
2005-12-12,2.39,2.41,2.37,2.41,1649600,2.3
2005-12-09,2.31,2.39,2.30,2.39,2483700,2.3
2005-12-08,2.31,2.34,2.31,2.32,900000,2.2
2005-12-07,2.33,2.33,2.27,2.31,1627800,2.2
2005-12-06,2.27,2.34,2.27,2.31,1156800,2.2
2005-12-05,2.38,2.38,2.28,2.29,2581000,2.2
2005-12-02,2.39,2.41,2.35,2.38,1039900,2.3
2005-12-01,2.39,2.42,2.38,2.39,874600,2.3
2005-11-30,2.38,2.41,2.38,2.40,750700,2.3
2005-11-29,2.38,2.42,2.37,2.38,1434900,2.3
2005-11-28,2.45,2.45,2.38,2.39,1105300,2.3
2005-11-25,2.45,2.45,2.39,2.43,1616100,2.3
2005-11-24,2.41,2.44,2.39,2.39,1315500,2.3
2005-11-23,2.38,2.43,2.38,2.42,1133600,2.3
2005-11-22,2.45,2.46,2.38,2.38,1592400,2.3
2005-11-21,2.41,2.46,2.39,2.45,3446100,2.3
2005-11-18,2.32,2.44,2.31,2.41,7694400,2.3
2005-11-17,2.31,2.35,2.29,2.32,3055000,2.2
2005-11-16,2.25,2.32,2.24,2.32,2123900,2.2
2005-11-15,2.27,2.28,2.24,2.26,1209500,2.2
2005-11-14,2.25,2.27,2.22,2.25,878000,2.1
2005-11-11,2.22,2.27,2.22,2.26,889400,2.2
2005-11-10,2.31,2.32,2.24,2.24,1731800,2.1
2005-11-09,2.34,2.36,2.29,2.32,2566000,2.2
2005-11-08,2.33,2.34,2.28,2.32,1718400,2.2
2005-11-07,2.31,2.34,2.27,2.33,1118300,2.2
2005-11-04,2.25,2.33,2.25,2.31,3599600,2.2
2005-11-03,2.28,2.31,2.23,2.24,1713600,2.1
2005-11-02,2.22,2.29,2.19,2.27,3392600,2.2
2005-11-01,2.20,2.22,2.16,2.21,1309900,2.1
2005-10-31,2.15,2.22,2.15,2.20,3145000,2.1
2005-10-28,2.25,2.28,2.09,2.15,5796400,2.0
2005-10-27,2.32,2.35,2.23,2.24,7571300,2.1
2005-10-26,3.22,3.22,3.22,3.22,000,3.1
2005-10-25,3.22,3.22,3.22,3.22,000,3.1
2005-10-24,3.22,3.22,3.22,3.22,000,3.1
2005-10-21,3.22,3.22,3.22,3.22,000,3.1
2005-10-20,3.22,3.22,3.22,3.22,000,3.1
2005-10-19,3.22,3.22,3.22,3.22,000,3.1
2005-10-18,3.22,3.22,3.22,3.22,000,3.1
2005-10-17,3.22,3.22,3.22,3.22,000,3.1
2005-10-14,3.22,3.22,3.22,3.22,000,3.1
2005-10-13,3.22,3.22,3.22,3.22,000,3.1
2005-10-12,3.22,3.22,3.22,3.22,000,3.1
2005-10-11,3.22,3.22,3.22,3.22,000,3.1
2005-10-10,3.22,3.22,3.22,3.22,000,3.1
2005-10-07,3.22,3.22,3.22,3.22,000,3.1
2005-10-06,3.22,3.22,3.22,3.22,000,3.1
2005-10-05,3.22,3.22,3.22,3.22,000,3.1
2005-10-04,3.22,3.22,3.22,3.22,000,3.1
2005-10-03,3.22,3.22,3.22,3.22,000,3.1
2005-09-30,3.30,3.35,3.20,3.22,4732600,3.1
2005-09-29,3.35,3.35,3.25,3.27,3803700,3.1
2005-09-28,3.30,3.39,3.30,3.33,2068100,3.2
2005-09-27,3.36,3.38,3.28,3.32,2675700,3.2
2005-09-26,3.33,3.39,3.33,3.36,1220700,3.2
2005-09-23,3.43,3.44,3.32,3.34,3001700,3.2
2005-09-22,3.50,3.52,3.40,3.43,11614800,3.3
2005-09-21,3.39,3.39,3.39,3.39,000,3.2
2005-09-20,3.39,3.39,3.39,3.39,000,3.2
2005-09-19,3.39,3.39,3.39,3.39,000,3.2
2005-09-16,3.39,3.39,3.39,3.39,000,3.2
2005-09-15,3.39,3.39,3.39,3.39,000,3.2
2005-09-14,3.39,3.39,3.39,3.39,000,3.2
2005-09-13,3.39,3.39,3.39,3.39,000,3.2
2005-09-12,3.39,3.39,3.39,3.39,000,3.2
2005-09-09,3.31,3.41,3.30,3.39,9047400,3.2
2005-09-08,3.35,3.36,3.30,3.32,4007100,3.2
2005-09-07,3.26,3.34,3.24,3.33,4154200,3.2
2005-09-06,3.28,3.39,3.25,3.26,7056800,3.1
2005-09-05,3.30,3.33,3.26,3.29,2880500,3.2
2005-09-02,3.24,3.32,3.21,3.30,6743800,3.2
2005-09-01,3.13,3.25,3.10,3.25,5380900,3.1
2005-08-31,3.14,3.14,3.06,3.12,2863600,3.0
2005-08-30,3.15,3.15,3.07,3.10,3158700,3.0
2005-08-29,3.23,3.24,3.13,3.14,2045400,3.0
2005-08-26,3.20,3.21,3.17,3.21,3121200,3.1
2005-08-25,3.19,3.23,3.18,3.21,3658100,3.1
2005-08-24,3.24,3.24,3.17,3.20,2334500,3.1
2005-08-23,3.30,3.30,3.18,3.21,2811500,3.1
2005-08-22,3.25,3.33,3.22,3.29,3011400,3.2
2005-08-19,3.16,3.29,3.16,3.25,5667200,3.1
2005-08-18,3.35,3.43,3.18,3.19,16749000,3.1
2005-08-17,3.16,3.33,3.13,3.31,7637200,3.2
2005-08-16,3.22,3.22,3.14,3.16,4904000,3.0
2005-08-15,3.10,3.23,3.10,3.22,7575200,3.1
2005-08-12,3.30,3.31,3.13,3.14,7119400,3.0
2005-08-11,3.27,3.32,3.22,3.30,6527800,3.2
2005-08-10,3.17,3.28,3.14,3.28,5459300,3.1
2005-08-09,3.18,3.19,3.12,3.18,2406400,3.0
2005-08-08,3.16,3.19,3.13,3.18,4287800,3.0
2005-08-05,3.05,3.15,3.05,3.14,3833700,3.0
2005-08-04,3.10,3.11,3.05,3.05,1891700,2.9
2005-08-03,3.10,3.16,3.07,3.11,5737800,3.0
2005-08-02,3.01,3.08,2.99,3.08,2094600,2.9
2005-08-01,3.01,3.05,3.00,3.03,1794100,2.9
2005-07-29,3.08,3.08,2.99,3.01,2787100,2.9
2005-07-28,3.10,3.12,3.05,3.08,4269200,2.9
2005-07-27,3.02,3.10,2.98,3.10,6325100,3.0
2005-07-26,2.96,3.03,2.94,3.01,3091200,2.9
2005-07-25,2.96,2.99,2.94,2.96,831000,2.8
2005-07-22,2.93,3.00,2.90,2.96,2773700,2.8
2005-07-21,2.91,2.96,2.85,2.90,1038800,2.8
2005-07-20,2.87,2.95,2.85,2.90,1311000,2.8
2005-07-19,2.81,2.88,2.79,2.87,1208700,2.7
2005-07-18,2.97,2.97,2.83,2.86,1454500,2.7
2005-07-15,2.95,2.97,2.90,2.97,2011600,2.8
2005-07-14,2.92,2.95,2.88,2.94,1167500,2.8
2005-07-13,2.94,2.94,2.88,2.92,1556800,2.7
2005-07-12,2.80,2.95,2.78,2.94,2653200,2.8
2005-07-11,2.83,2.97,2.80,2.81,2728700,2.6
2005-07-08,2.92,2.92,2.77,2.80,2270100,2.6
2005-07-07,2.93,2.98,2.90,2.94,925200,2.8
2005-07-06,2.95,3.01,2.93,2.95,1064900,2.8
2005-07-05,2.98,3.03,2.93,2.95,1775100,2.8
2005-07-04,3.01,3.05,2.85,2.95,2538800,2.8
2005-07-01,3.22,3.22,3.00,3.04,3489500,2.9
2005-06-30,3.29,3.29,3.21,3.22,1300100,3.0
2005-06-29,3.28,3.33,3.24,3.29,2675200,3.1
2005-06-28,3.35,3.35,3.25,3.28,2169700,3.1
2005-06-27,3.32,3.39,3.30,3.36,3384200,3.2
2005-06-24,3.27,3.30,3.25,3.29,1151200,3.1
2005-06-23,3.34,3.36,3.28,3.29,1767900,3.1
2005-06-22,3.38,3.39,3.29,3.33,1467200,3.1
2005-06-21,3.39,3.42,3.36,3.38,1474600,3.2
2005-06-20,3.34,3.44,3.26,3.43,2986000,3.2
2005-06-17,3.34,3.36,3.26,3.34,2047300,3.1
2005-06-16,3.35,3.38,3.22,3.33,3123800,3.1
2005-06-15,3.42,3.43,3.34,3.35,2303300,3.2
2005-06-14,3.35,3.51,3.35,3.41,5833300,3.2
2005-06-13,3.41,3.44,3.32,3.35,3866900,3.2
2005-06-10,3.51,3.51,3.40,3.42,3464400,3.2
2005-06-09,3.51,3.56,3.41,3.52,7822800,3.3
2005-06-08,3.28,3.54,3.28,3.49,7461800,3.3
2005-06-07,3.30,3.35,3.26,3.27,1468200,3.1
2005-06-06,3.20,3.29,3.16,3.29,1898800,3.1
2005-06-03,3.19,3.27,3.16,3.18,1654500,3.0
2005-06-02,3.27,3.32,3.18,3.22,1899100,3.0
2005-06-01,3.33,3.36,3.27,3.28,1166300,3.1
2005-05-31,3.32,3.39,3.28,3.36,2601300,3.2
2005-05-30,3.27,3.35,3.26,3.32,1059700,3.1
2005-05-27,3.35,3.37,3.27,3.31,2907300,3.1
2005-05-26,3.37,3.42,3.34,3.35,1636700,3.2
2005-05-25,3.36,3.48,3.34,3.39,3608300,3.2
2005-05-24,3.35,3.42,3.31,3.40,2758000,3.2
2005-05-23,3.36,3.41,3.30,3.36,2345100,3.2
2005-05-20,3.37,3.37,3.37,3.37,000,3.2
2005-05-19,3.34,3.42,3.32,3.37,2480000,3.2
2005-05-18,3.35,3.40,3.27,3.34,1894600,3.1
2005-05-17,3.37,3.42,3.33,3.37,3222700,3.2
2005-05-16,3.29,3.39,3.24,3.39,5293300,3.2
2005-05-13,3.13,3.32,3.12,3.30,5665900,3.1
2005-05-12,3.19,3.24,3.10,3.15,2792400,3.0
2005-05-11,3.18,3.26,3.10,3.22,3612300,3.0
2005-05-10,3.11,3.24,3.09,3.22,4677800,3.0
2005-05-09,3.33,3.36,3.14,3.15,4331300,3.0
2005-05-06,3.33,3.33,3.33,3.33,000,3.1
2005-05-05,3.33,3.33,3.33,3.33,000,3.1
2005-05-04,3.33,3.33,3.33,3.33,000,3.1
2005-05-03,3.33,3.33,3.33,3.33,000,3.1
2005-05-02,3.33,3.33,3.33,3.33,000,3.1
2005-04-29,3.60,3.60,3.29,3.33,15377700,3.1
2005-04-28,3.55,3.66,3.44,3.65,8226700,3.4
2005-04-27,3.71,3.73,3.49,3.58,6256900,3.4
2005-04-26,3.73,3.78,3.55,3.69,4399500,3.5
2005-04-25,3.80,3.80,3.61,3.75,3481300,3.5
2005-04-22,3.69,3.91,3.65,3.83,4227100,3.6
2005-04-21,3.90,3.95,3.68,3.69,4081500,3.5
2005-04-20,3.90,3.97,3.83,3.91,2087100,3.7
2005-04-19,3.80,3.92,3.80,3.90,2185000,3.7
2005-04-18,3.95,3.98,3.73,3.85,7292200,3.6
2005-04-15,4.08,4.10,3.96,4.03,6491500,3.8
2005-04-14,4.15,4.18,4.06,4.11,9960700,3.9
2005-04-13,3.95,4.15,3.94,4.14,13509500,3.9
2005-04-12,4.02,4.05,3.90,3.90,4446700,3.7
2005-04-11,3.99,4.18,3.90,4.04,17329800,3.8
2005-04-08,3.74,3.99,3.73,3.91,9216300,3.7
2005-04-07,3.60,3.80,3.58,3.73,6220700,3.5
2005-04-06,3.57,3.67,3.47,3.60,2731000,3.4
2005-04-05,3.66,3.72,3.58,3.59,1575100,3.4
2005-04-04,3.73,3.78,3.67,3.69,2324700,3.5
2005-04-01,3.66,3.86,3.64,3.77,4496600,3.6
2005-03-31,3.56,3.68,3.56,3.68,1411800,3.5
2005-03-30,3.60,3.65,3.53,3.64,2066300,3.4
2005-03-29,3.60,3.66,3.60,3.62,1247700,3.4
2005-03-28,3.62,3.65,3.56,3.61,1852100,3.4
2005-03-25,3.69,3.72,3.62,3.65,2652400,3.4
2005-03-24,3.55,3.72,3.52,3.71,5557000,3.5
2005-03-23,3.45,3.60,3.43,3.55,4492300,3.3
2005-03-22,3.72,3.72,3.42,3.45,5008800,3.2
2005-03-21,3.70,3.75,3.65,3.73,2558200,3.5
2005-03-18,3.68,3.73,3.65,3.69,3331200,3.5
2005-03-17,3.77,3.81,3.65,3.67,5592000,3.5
2005-03-16,4.10,4.12,3.70,3.77,13717500,3.6
2005-03-15,4.14,4.17,4.08,4.11,3200000,3.9
2005-03-14,4.20,4.23,4.09,4.13,4074700,3.9
2005-03-11,4.20,4.24,4.15,4.20,4937200,4.0
2005-03-10,4.30,4.33,4.17,4.18,9813500,3.9
2005-03-09,4.16,4.27,4.15,4.21,6353800,4.0
2005-03-08,4.10,4.19,4.05,4.16,6450200,3.9
2005-03-07,4.17,4.23,4.07,4.09,6638200,3.9
2005-03-04,4.28,4.28,4.15,4.18,5994600,3.9
2005-03-03,4.28,4.30,4.22,4.28,3406500,4.0
2005-03-02,4.20,4.31,4.20,4.30,7591500,4.1
2005-03-01,4.32,4.34,4.18,4.19,9244700,4.0
2005-02-28,4.28,4.34,4.26,4.32,8490700,4.1
2005-02-25,4.43,4.45,4.20,4.30,28568800,4.1
2005-02-24,4.53,4.61,4.44,4.46,6112300,4.2
2005-02-23,4.59,4.60,4.52,4.54,2160200,4.3
2005-02-22,4.49,4.62,4.46,4.59,2852100,4.3
2005-02-21,4.34,4.48,4.34,4.46,778000,4.2
2005-02-18,4.42,4.45,4.36,4.37,809600,4.1
2005-02-17,4.48,4.48,4.42,4.45,552000,4.2
2005-02-16,4.53,4.58,4.40,4.48,1715200,4.2
2005-02-15,4.53,4.53,4.53,4.53,000,4.3
2005-02-14,4.53,4.53,4.53,4.53,000,4.3
2005-02-11,4.53,4.53,4.53,4.53,000,4.3
2005-02-10,4.53,4.53,4.53,4.53,000,4.3
2005-02-09,4.53,4.53,4.53,4.53,000,4.3
2005-02-08,4.53,4.53,4.53,4.53,000,4.3
2005-02-07,4.53,4.53,4.53,4.53,000,4.3
2005-02-04,4.46,4.60,4.44,4.53,1228500,4.3
2005-02-03,4.46,4.57,4.43,4.44,1439300,4.2
2005-02-02,4.33,4.50,4.33,4.50,1531000,4.3
2005-02-01,4.27,4.37,4.27,4.30,994800,4.1
2005-01-31,4.25,4.37,4.21,4.29,775600,4.1
2005-01-28,4.33,4.40,4.30,4.31,1348500,4.1
2005-01-27,4.26,4.35,4.25,4.33,794300,4.1
2005-01-26,4.34,4.36,4.28,4.30,717800,4.1
2005-01-25,4.37,4.37,4.29,4.34,799300,4.1
2005-01-24,4.49,4.50,4.35,4.40,1674500,4.2
2005-01-21,4.18,4.39,4.18,4.36,1621300,4.1
2005-01-20,4.20,4.26,4.15,4.21,1986900,4.0
2005-01-19,4.45,4.45,4.22,4.23,1830300,4.0
2005-01-18,4.39,4.48,4.38,4.43,781000,4.2
2005-01-17,4.50,4.50,4.38,4.39,1446800,4.1
2005-01-14,4.61,4.65,4.54,4.54,665300,4.3
2005-01-13,4.53,4.63,4.49,4.61,1341000,4.4
2005-01-12,4.52,4.55,4.49,4.53,959100,4.3
2005-01-11,4.48,4.55,4.46,4.52,904900,4.3
2005-01-10,4.46,4.55,4.42,4.53,474900,4.3
2005-01-07,4.45,4.55,4.45,4.47,666300,4.2
2005-01-06,4.54,4.55,4.46,4.49,325200,4.2
2005-01-05,4.44,4.55,4.42,4.54,882900,4.3
2005-01-04,4.52,4.60,4.39,4.42,1037900,4.2
2005-01-03,4.54,4.54,4.54,4.54,000,4.3
