Date,Open,High,Low,Close,Volume,Adj Clos
2010-12-31,8.15,8.30,7.99,8.30,3213900,8.3
2010-12-30,7.86,8.04,7.81,7.90,1604700,7.9
2010-12-29,7.99,8.14,7.88,7.89,3650700,7.8
2010-12-28,8.42,8.50,8.29,8.29,1619200,8.2
2010-12-24,8.70,8.90,8.50,8.73,4419800,8.7
2010-12-23,8.49,8.79,8.44,8.67,3989100,8.6
2010-12-22,8.54,8.60,8.40,8.51,2418500,8.5
2010-12-21,8.68,8.85,8.47,8.56,5300300,8.5
2010-12-20,8.25,8.66,8.25,8.66,8012300,8.6
2010-12-17,8.29,8.30,8.15,8.25,1746600,8.2
2010-12-16,8.47,8.48,8.27,8.30,2369900,8.3
2010-12-15,8.50,8.59,8.39,8.49,2082000,8.4
2010-12-14,8.47,8.52,8.35,8.50,2121300,8.5
2010-12-13,8.49,8.49,8.33,8.48,2519600,8.4
2010-12-10,8.20,8.44,8.15,8.32,1253900,8.3
2010-12-09,8.44,8.52,8.11,8.18,1561700,8.1
2010-12-08,8.18,8.57,8.18,8.51,2404300,8.5
2010-12-07,8.18,8.28,7.91,8.22,1561400,8.2
2010-12-06,8.38,8.46,8.13,8.26,2211800,8.2
2010-12-03,8.66,8.78,8.29,8.38,3258200,8.3
2010-12-02,8.62,8.85,8.52,8.73,3639000,8.7
2010-12-01,8.44,8.71,8.40,8.59,3234000,8.5
2010-11-30,8.75,8.79,8.54,8.56,6387800,8.5
2010-11-29,9.28,9.45,8.76,8.99,10440800,8.9
2010-11-26,8.57,9.00,8.54,9.00,2857700,9.0
2010-11-25,8.78,8.78,8.45,8.57,3354100,8.5
2010-11-24,8.70,8.98,8.56,8.72,2820500,8.7
2010-11-23,8.40,8.77,8.32,8.75,4648100,8.7
2010-11-22,8.33,8.49,8.27,8.42,2420100,8.4
2010-11-19,8.02,8.35,8.00,8.33,3062200,8.3
2010-11-18,7.81,8.15,7.81,8.04,1980800,8.0
2010-11-17,7.76,8.13,7.73,7.81,3791600,7.8
2010-11-16,8.10,8.19,7.76,7.78,4312400,7.7
2010-11-15,8.00,8.26,7.76,8.16,5178800,8.1
2010-11-12,8.62,8.74,8.17,8.17,6180200,8.1
2010-11-11,8.73,9.06,8.60,8.60,6905600,8.6
2010-11-10,8.29,8.84,8.29,8.74,6056900,8.7
2010-11-09,8.40,8.55,8.30,8.42,6044500,8.4
2010-11-08,7.94,8.33,7.94,8.33,7339600,8.3
2010-11-05,7.92,8.04,7.86,7.93,3842400,7.9
2010-11-04,7.74,7.93,7.74,7.90,3886200,7.9
2010-11-03,7.89,8.13,7.66,7.73,8332900,7.7
2010-11-02,7.47,7.86,7.45,7.86,6681600,7.8
2010-11-01,7.37,7.56,7.37,7.49,4309500,7.4
2010-10-29,7.22,7.46,7.16,7.35,2815500,7.3
2010-10-28,7.42,7.47,7.20,7.27,3481800,7.2
2010-10-27,7.41,7.49,7.38,7.43,4254100,7.4
2010-10-26,7.40,7.55,7.37,7.44,5222100,7.4
2010-10-25,7.25,7.47,7.19,7.45,5691600,7.4
2010-10-22,7.20,7.34,7.14,7.23,2611200,7.2
2010-10-21,7.12,7.22,7.09,7.19,1853600,7.1
2010-10-20,7.15,7.28,7.11,7.15,2874800,7.1
2010-10-19,7.09,7.30,7.02,7.29,3820300,7.2
2010-10-18,7.06,7.13,6.85,7.10,4120600,7.1
2010-10-15,7.10,7.18,7.00,7.09,3466600,7.0
2010-10-14,7.44,7.49,7.11,7.13,4644200,7.1
2010-10-13,7.35,7.49,7.24,7.48,4709800,7.4
2010-10-12,7.40,7.52,7.28,7.31,4254600,7.3
2010-10-11,7.31,7.57,7.31,7.44,4362000,7.4
2010-10-08,7.30,7.48,7.30,7.34,3782300,7.3
2010-09-30,7.12,7.35,7.12,7.24,3309800,7.2
2010-09-29,7.46,7.55,7.13,7.14,6052100,7.1
2010-09-28,7.40,7.60,7.31,7.51,5151800,7.5
2010-09-27,7.39,7.48,7.27,7.43,5275900,7.4
2010-09-21,7.40,7.45,7.30,7.38,3648400,7.3
2010-09-20,7.25,7.54,7.00,7.42,8201600,7.4
2010-09-17,6.97,7.26,6.87,7.25,5470900,7.2
2010-09-16,7.12,7.17,6.81,6.91,4374800,6.9
2010-09-15,6.99,7.31,6.89,7.15,8041500,7.1
2010-09-14,6.89,7.03,6.85,6.96,3295500,6.9
2010-09-13,6.80,6.94,6.77,6.89,3522700,6.8
2010-09-10,6.68,6.84,6.59,6.82,2862700,6.8
2010-09-09,6.83,6.84,6.62,6.69,3937000,6.6
2010-09-08,6.70,6.89,6.68,6.79,3561900,6.7
2010-09-07,6.66,6.76,6.63,6.73,3252600,6.7
2010-09-06,6.68,6.68,6.57,6.65,3445700,6.6
2010-09-03,6.60,6.72,6.56,6.66,3144700,6.6
2010-09-02,6.55,6.67,6.49,6.56,4070800,6.5
2010-09-01,6.78,6.81,6.47,6.51,7667800,6.5
2010-08-31,7.28,7.29,6.81,6.81,10570500,6.8
2010-08-13,6.88,7.17,6.85,7.17,2912900,7.1
2010-08-12,6.84,6.96,6.62,6.83,1144300,6.8
2010-08-11,6.83,6.98,6.76,6.90,1462200,6.9
2010-08-10,7.27,7.32,6.88,6.88,2702100,6.8
2010-08-09,7.22,7.30,7.21,7.24,2486200,7.2
2010-08-06,7.30,7.38,7.07,7.26,3572400,7.2
2010-08-05,7.34,7.46,7.20,7.28,1661200,7.2
2010-08-04,7.05,7.38,7.05,7.34,2861600,7.3
2010-08-03,7.16,7.18,7.04,7.15,1839300,7.1
2010-08-02,7.08,7.18,7.01,7.15,2178500,7.1
2010-07-30,6.91,7.19,6.89,7.04,2730000,7.0
2010-07-29,6.90,6.95,6.80,6.91,2214100,6.9
2010-07-28,6.81,6.94,6.75,6.91,1787300,6.9
2010-07-27,6.90,6.95,6.78,6.80,882400,6.8
2010-07-26,6.81,6.98,6.76,6.90,1074200,6.9
2010-07-23,6.74,6.85,6.72,6.81,1107700,6.8
2010-07-22,6.79,6.87,6.70,6.80,1102200,6.8
2010-07-21,6.57,6.90,6.45,6.82,3204700,6.8
2010-07-20,6.38,6.60,6.34,6.57,1354900,6.5
2010-07-19,6.25,6.40,6.13,6.38,628500,6.3
2010-07-16,6.29,6.33,6.06,6.28,847100,6.2
2010-07-15,6.34,6.47,6.30,6.32,795100,6.3
2010-07-14,6.32,6.45,6.25,6.38,738800,6.3
2010-07-13,6.38,6.42,6.18,6.30,953900,6.3
2010-07-12,6.35,6.58,6.34,6.46,785400,6.4
2010-07-09,6.24,6.38,6.17,6.35,887300,6.3
2010-07-08,6.30,6.30,6.12,6.15,504500,6.1
2010-07-07,6.16,6.30,6.16,6.26,792700,6.2
2010-07-06,6.11,6.25,6.10,6.16,1040000,6.1
2010-07-05,6.01,6.12,5.92,6.11,622500,6.1
2010-07-02,5.96,6.10,5.84,6.10,1047500,6.1
2010-07-01,6.08,6.19,5.98,5.99,783600,5.9
2010-06-30,6.38,6.38,6.08,6.08,1491000,6.0
2010-06-29,6.65,6.77,6.37,6.40,1765000,6.4
2010-06-28,6.78,6.88,6.65,6.70,1070800,6.7
2010-06-25,6.92,7.03,6.76,6.83,891200,6.8
2010-06-24,7.03,7.08,6.99,7.04,590200,7.0
2010-06-23,7.01,7.14,6.90,7.03,1286700,7.0
2010-06-22,7.05,7.11,6.97,7.07,1357300,7.0
2010-06-21,6.88,7.07,6.67,7.04,1239600,7.0
2010-06-18,7.24,7.35,6.88,6.88,1756900,6.8
2010-06-17,7.27,7.37,7.24,7.24,1246100,7.2
2010-06-11,7.38,7.42,7.24,7.27,1306800,7.2
2010-06-10,7.35,7.50,7.30,7.35,1569400,7.3
2010-06-09,7.10,7.40,7.10,7.35,2058200,7.3
2010-06-08,7.00,7.18,7.00,7.14,1525100,7.1
2010-06-07,6.92,7.00,6.86,6.96,1384700,6.9
2010-06-04,7.25,7.29,7.00,7.01,2316900,7.0
2010-06-03,7.58,7.62,7.24,7.24,2533000,7.2
2010-06-02,7.46,7.59,7.30,7.57,1854000,7.5
2010-06-01,7.23,7.60,7.23,7.49,3198100,7.4
2010-05-31,7.46,7.53,7.30,7.33,2569900,7.3
2010-05-28,7.45,7.57,7.28,7.43,2769100,7.4
2010-05-27,7.29,7.64,7.21,7.43,3913500,7.4
2010-05-26,7.00,7.40,6.99,7.31,5135500,7.3
2010-05-25,6.65,7.05,6.61,7.05,5101100,7.0
2010-05-24,6.51,6.80,6.51,6.71,2788900,6.7
2010-05-21,6.40,6.59,6.40,6.51,3417800,6.5
2010-05-20,7.02,7.13,6.74,6.74,1798000,6.7
2010-05-19,7.05,7.27,6.92,7.09,1909700,7.0
2010-05-17,7.36,7.38,7.09,7.09,1414400,7.0
2010-05-14,7.46,7.59,7.36,7.46,1375400,7.4
2010-05-13,7.35,7.53,7.20,7.50,1450500,7.5
2010-05-12,7.53,7.53,7.14,7.34,1954000,7.3
2010-05-11,7.65,7.70,7.31,7.46,3242600,7.4
2010-05-10,7.12,7.50,7.12,7.50,3405000,7.5
2010-05-07,6.99,7.35,6.90,7.14,1630700,7.1
2010-05-06,7.36,7.42,7.09,7.09,2035400,7.0
2010-05-05,7.10,7.36,6.97,7.35,1977500,7.3
2010-05-04,6.98,7.20,6.87,7.13,1462800,7.1
2010-04-30,7.41,7.46,7.13,7.13,3514500,7.1
2010-04-29,7.91,7.97,7.51,7.51,3533700,7.5
2010-04-28,8.03,8.06,7.79,7.90,3841400,7.9
2010-04-27,8.57,8.62,8.20,8.20,3939700,8.2
2010-04-26,8.51,8.75,8.51,8.63,3209000,8.6
2010-04-23,8.70,8.94,8.51,8.55,4425000,8.5
2010-04-22,8.61,8.85,8.42,8.77,4767900,8.7
2010-04-21,8.51,8.75,8.41,8.69,5648300,8.6
2010-04-20,8.59,8.64,8.17,8.57,5670000,8.5
2010-04-19,8.82,9.20,8.59,8.60,8281400,8.6
2010-04-16,8.74,9.05,8.52,8.89,6183000,8.8
2010-04-15,8.86,8.99,8.58,8.70,6482900,8.7
2010-04-14,8.66,9.02,8.61,8.89,11029300,8.8
2010-04-13,8.25,8.66,8.20,8.66,14261100,8.6
2010-04-12,8.18,8.33,8.16,8.25,4108800,8.2
2010-04-09,8.21,8.28,8.12,8.18,4075000,8.1
2010-04-08,8.53,8.53,8.23,8.25,5581500,8.2
2010-04-07,8.17,8.20,8.05,8.20,3781700,8.2
2010-04-06,8.21,8.27,8.14,8.19,3268000,8.1
2010-04-02,8.07,8.25,8.03,8.17,3625700,8.1
2010-04-01,7.95,8.10,7.90,8.09,3973300,8.0
2010-03-31,8.00,8.05,7.93,7.95,2594800,7.9
2010-03-30,8.00,8.05,7.92,8.00,2445900,8.0
2010-03-29,7.95,8.07,7.87,7.98,2644200,7.9
2010-03-26,7.84,8.05,7.82,7.94,2442900,7.9
2010-03-25,8.13,8.15,7.78,7.82,4932600,7.8
2010-03-24,8.29,8.33,8.12,8.13,6356500,8.1
2010-03-23,8.11,8.54,8.10,8.38,9005900,8.3
2010-03-22,8.29,8.51,8.13,8.14,6395100,8.1
2010-03-19,7.98,8.18,7.88,8.12,5204900,8.1
2010-03-18,7.85,8.13,7.81,8.05,9737600,8.0
2010-03-17,7.43,7.75,7.43,7.75,4252000,7.7
2010-03-16,7.33,7.41,7.27,7.38,2288100,7.3
2010-03-15,7.57,7.63,7.29,7.31,4366100,7.3
2010-03-12,7.78,7.84,7.67,7.67,3031500,7.6
2010-03-11,7.71,7.89,7.69,7.81,3020900,7.8
2010-03-10,7.81,7.87,7.68,7.72,2254900,7.7
2010-03-09,7.85,7.91,7.66,7.84,3217200,7.8
2010-03-08,7.75,7.95,7.69,7.85,3219700,7.8
2010-03-05,7.72,7.87,7.70,7.75,3160600,7.7
2010-03-04,8.05,8.12,7.65,7.74,4882100,7.7
2010-03-03,8.02,8.07,7.93,8.05,4166700,8.0
2010-03-02,8.14,8.14,7.97,8.03,4968100,8.0
2010-03-01,8.08,8.20,8.06,8.12,4784800,8.1
2010-02-26,8.14,8.14,7.92,8.06,8174400,8.0
2010-02-25,7.65,8.00,7.64,8.00,7166200,8.0
2010-02-24,7.42,7.64,7.41,7.62,6157300,7.6
2010-02-23,7.57,7.64,7.33,7.42,7635400,7.4
2010-02-22,7.52,7.77,7.52,7.71,10633800,7.7
2010-02-12,7.92,7.92,7.92,7.92,2208500,7.9
2010-02-10,8.40,8.48,8.29,8.34,1552800,8.3
2010-02-09,8.20,8.36,8.20,8.25,1449800,8.2
2010-02-08,8.36,8.37,8.21,8.29,1441800,8.2
2010-02-05,8.48,8.48,8.09,8.30,3132300,8.3
2010-02-04,8.75,8.81,8.51,8.65,2773000,8.6
2010-02-03,8.68,8.78,8.30,8.72,2938400,8.7
2010-02-02,8.45,9.16,8.45,8.68,4023200,8.6
2010-01-29,8.70,8.85,8.57,8.60,1880000,8.6
2010-01-28,8.65,8.76,8.50,8.70,1842800,8.7
2010-01-27,9.19,9.19,8.36,8.69,3020200,8.6
2010-01-26,9.30,9.33,9.00,9.07,3723600,9.0
2010-01-25,9.45,9.92,9.45,9.53,7092800,9.5
2010-01-22,9.38,9.38,8.98,9.24,3226600,9.2
2010-01-21,9.40,9.56,9.35,9.44,2500000,9.4
2010-01-20,9.92,9.95,9.30,9.39,4462800,9.3
2010-01-19,10.12,10.20,9.86,9.92,4360800,9.9
2010-01-18,9.85,10.10,9.71,10.10,5714400,10.1
2010-01-15,9.66,9.95,9.66,9.88,5311000,9.8
2010-01-14,9.31,9.64,9.31,9.61,4231900,9.6
2010-01-13,9.40,9.47,9.26,9.31,3894200,9.3
2010-01-12,9.36,9.50,9.30,9.50,3316400,9.5
2010-01-11,9.63,9.69,9.32,9.35,4417100,9.3
2010-01-08,9.75,9.75,9.28,9.62,5301100,9.6
2010-01-07,10.02,10.20,9.71,9.77,5087900,9.7
2010-01-06,9.86,10.18,9.80,10.06,5339700,10.0
2010-01-05,9.90,9.93,9.66,9.92,4199900,9.9
2010-01-04,9.87,9.95,9.72,9.76,3066200,9.7
