Date,Open,High,Low,Close,Volume,Adj Clos
2009-12-31,10.71,10.82,10.55,10.74,941800,10.7
2009-12-30,10.90,11.08,10.60,10.69,1908600,10.6
2009-12-29,10.85,11.16,10.80,11.01,1883200,11.0
2009-12-28,10.63,10.97,10.43,10.96,2320400,10.9
2009-12-25,10.65,10.78,10.48,10.51,1406300,10.5
2009-12-23,10.00,10.50,9.90,10.42,1759500,10.4
2009-12-22,10.37,10.47,9.94,10.01,1215100,10.0
2009-12-21,10.04,10.41,10.03,10.30,1319500,10.3
2009-12-18,10.40,10.51,9.85,10.03,1400700,10.0
2009-12-17,11.00,11.10,10.40,10.40,1873400,10.4
2009-12-16,11.17,11.25,10.95,11.00,1436800,11.0
2009-12-15,11.06,11.27,10.85,11.11,1212400,11.1
2009-12-14,11.35,11.47,10.80,11.07,2022100,11.0
2009-12-11,11.71,11.74,11.33,11.35,2239700,11.3
2009-12-10,11.23,11.80,11.20,11.72,3160900,11.7
2009-12-09,11.40,11.49,11.10,11.17,3018900,11.1
2009-12-08,11.61,11.85,11.43,11.49,2973800,11.4
2009-12-07,11.35,11.87,11.03,11.64,4430400,11.6
2009-12-04,11.30,11.60,10.66,11.01,4272600,11.0
2009-12-03,11.00,11.54,10.92,11.42,5752600,11.4
2009-12-02,10.72,11.15,10.52,11.13,5568900,11.1
2009-12-01,10.39,10.75,10.17,10.66,4444900,10.6
2009-11-30,10.00,10.43,9.80,10.36,2758700,10.3
2009-11-27,10.72,10.72,9.72,9.97,3529800,9.9
2009-11-26,10.53,11.25,10.40,10.80,6986400,10.8
2009-11-25,10.00,10.48,9.95,10.45,3209900,10.4
2009-11-24,10.58,10.90,9.87,10.01,4178400,10.0
2009-11-23,10.23,10.70,10.23,10.56,4064000,10.5
2009-11-20,10.28,10.40,10.10,10.20,2875500,10.2
2009-11-19,10.10,10.35,10.09,10.29,3225700,10.2
2009-11-18,10.05,10.20,9.91,10.15,3620200,10.1
2009-11-17,9.91,10.15,9.80,10.02,3765100,10.0
2009-11-16,9.72,9.99,9.71,9.89,3552600,9.8
2009-11-13,9.71,9.82,9.53,9.70,1971900,9.7
2009-11-12,9.83,9.92,9.73,9.73,2246200,9.7
2009-11-11,9.90,9.90,9.70,9.78,2790200,9.7
2009-11-09,9.60,9.97,9.57,9.91,4521200,9.9
2009-11-06,9.58,9.72,9.48,9.58,2832800,9.5
2009-11-05,9.61,9.67,9.41,9.55,3064400,9.5
2009-11-04,9.70,9.88,9.60,9.68,4433800,9.6
2009-11-03,9.25,9.73,9.19,9.73,4668500,9.7
2009-11-02,9.12,9.47,8.80,9.38,4442300,9.3
2009-10-30,9.80,9.93,9.39,9.57,6135000,9.5
2009-10-26,9.98,10.30,9.59,10.26,12637600,10.2
2009-10-23,9.24,9.48,9.18,9.39,3379300,9.3
2009-10-22,8.93,9.22,8.90,9.18,1671700,9.1
2009-10-21,9.19,9.19,8.87,8.93,1536600,8.9
2009-10-20,9.10,9.25,9.05,9.20,1496000,9.2
2009-10-19,8.90,9.18,8.82,9.05,1449300,9.0
2009-10-16,9.14,9.16,8.84,8.98,1374000,8.9
2009-10-15,8.90,9.36,8.83,9.18,2079700,9.1
2009-10-14,8.85,9.05,8.76,8.95,1789800,8.9
2009-10-13,8.46,9.00,8.00,9.00,2355300,9.0
2009-10-12,8.43,8.60,8.30,8.48,891600,8.4
2009-10-09,8.30,8.48,8.17,8.45,920400,8.4
2009-09-30,8.03,8.35,8.03,8.17,812100,8.1
2009-09-29,8.10,8.30,7.82,7.95,832200,7.9
2009-09-28,8.69,8.75,8.10,8.20,912500,8.2
2009-09-25,8.90,8.99,8.50,8.64,1480400,8.6
2009-09-24,9.03,9.24,8.90,9.05,1427200,9.0
2009-09-23,8.97,9.37,8.80,9.27,2380700,9.2
2009-09-22,9.45,9.45,8.99,8.99,1922400,8.9
2009-09-21,9.60,9.60,8.90,9.36,2983500,9.3
2009-09-18,9.35,9.90,9.25,9.60,6335100,9.6
2009-09-17,9.29,9.51,9.11,9.35,3030200,9.3
2009-09-16,9.02,9.42,8.88,9.29,4158500,9.2
2009-09-15,8.95,9.20,8.87,9.05,2715300,9.0
2009-09-14,8.75,9.05,8.72,8.91,2254500,8.9
2009-09-11,8.74,8.98,8.73,8.83,2098500,8.8
2009-09-10,8.58,8.94,8.53,8.85,3438400,8.8
2009-09-09,8.64,8.75,8.41,8.64,2168500,8.6
2009-09-08,8.64,8.70,8.45,8.63,1936600,8.6
2009-09-07,8.72,8.88,8.64,8.66,3305800,8.6
2009-09-04,8.35,8.83,8.30,8.82,3894400,8.8
2009-09-03,8.30,8.55,8.19,8.45,2733400,8.4
2009-09-02,8.14,8.50,8.00,8.33,2474100,8.3
2009-09-01,7.81,8.19,7.80,8.17,2344600,8.1
2009-08-31,8.34,8.34,7.56,7.93,1910200,7.9
2009-08-28,8.40,8.66,8.28,8.40,2914800,8.4
2009-08-27,8.25,8.45,8.07,8.39,1695000,8.3
2009-08-26,8.00,8.38,7.90,8.27,1507000,8.2
2009-08-25,8.68,8.68,7.84,8.04,2541600,8.0
2009-08-24,8.63,8.88,8.41,8.68,2767500,8.6
2009-08-21,8.65,8.92,8.38,8.78,4176000,8.7
2009-08-20,8.79,9.09,8.50,8.95,6617200,8.9
2009-08-19,8.10,8.97,7.94,8.60,4618500,8.6
2009-08-18,7.83,8.40,7.70,8.30,1537000,8.3
2009-08-17,8.16,8.18,7.49,7.85,2669700,7.8
2009-08-14,9.00,9.10,8.25,8.25,2152700,8.2
2009-08-13,9.30,9.40,8.78,9.10,1888200,9.1
2009-08-12,10.10,10.18,9.33,9.45,2902400,9.4
2009-08-11,9.88,10.49,9.73,10.36,8256800,10.3
2009-08-10,9.32,10.30,9.25,10.08,4701500,10.0
2009-08-07,9.30,9.39,9.02,9.36,2467700,9.3
2009-08-06,9.45,9.47,8.93,9.30,2961700,9.3
2009-08-05,9.53,9.73,9.27,9.51,2921000,9.5
2009-08-04,9.69,9.69,9.30,9.52,1998000,9.5
2009-08-03,9.39,9.79,9.35,9.73,2507100,9.7
2009-07-31,9.22,9.55,9.00,9.40,2091700,9.4
2009-07-30,9.23,9.60,8.78,9.22,2561600,9.2
2009-07-29,10.20,10.38,9.26,9.26,3813400,9.2
2009-07-28,10.02,10.57,9.70,10.29,4631700,10.2
2009-07-27,9.55,10.30,9.38,10.02,5445000,10.0
2009-07-24,9.45,10.30,9.11,9.66,6308700,9.6
2009-07-23,8.88,9.40,8.73,9.40,3692100,9.4
2009-07-22,8.66,8.97,8.66,8.87,2314900,8.8
2009-07-21,8.76,9.00,8.56,8.86,2859200,8.8
2009-07-20,8.49,8.76,8.46,8.76,3586000,8.7
2009-07-17,8.38,8.61,8.34,8.50,1495300,8.5
2009-07-16,8.55,8.55,8.30,8.42,2251000,8.4
2009-07-15,8.51,8.73,8.48,8.49,2221100,8.4
2009-07-14,8.40,8.68,8.37,8.49,2240600,8.4
2009-07-13,8.42,8.57,8.32,8.43,1877800,8.4
2009-07-10,8.50,8.75,8.36,8.43,3254200,8.4
2009-07-09,8.08,8.75,7.96,8.69,3132800,8.6
2009-07-08,8.07,8.11,7.85,8.00,2033600,8.0
2009-07-07,8.01,8.23,7.87,8.07,2226200,8.0
2009-07-06,7.92,8.09,7.92,8.01,2550300,8.0
2009-07-03,7.80,7.99,7.72,7.92,2375200,7.9
2009-07-02,7.90,8.10,7.83,7.86,5016600,7.8
2009-07-01,7.53,7.79,7.53,7.75,1796500,7.7
2009-06-30,7.63,7.71,7.42,7.45,1339300,7.4
2009-06-29,7.68,7.82,7.51,7.63,1325000,7.6
2009-06-26,7.78,7.87,7.57,7.65,1760700,7.6
2009-06-25,7.71,7.88,7.69,7.84,2372700,7.8
2009-06-24,7.58,7.70,7.47,7.63,1225100,7.6
2009-06-23,7.63,7.68,7.45,7.58,1403100,7.5
2009-06-22,7.68,7.93,7.62,7.68,1520700,7.6
2009-06-19,7.85,7.90,7.63,7.71,2921900,7.7
2009-06-18,8.01,8.01,7.80,7.84,4471900,7.8
2009-06-17,7.90,8.45,7.75,8.20,10062400,8.2
2009-06-16,7.32,7.90,7.30,7.85,4584300,7.8
2009-06-15,7.11,7.46,7.03,7.46,2348800,7.4
2009-06-12,7.38,7.42,7.05,7.10,2111100,7.1
2009-06-11,7.45,7.57,7.35,7.43,2021300,7.4
2009-06-10,7.45,7.64,7.37,7.47,2820700,7.4
2009-06-09,7.16,7.57,7.08,7.45,3281500,7.4
2009-06-08,7.07,7.20,7.06,7.17,1530300,7.1
2009-06-05,7.30,7.33,7.16,7.18,1524300,7.1
2009-06-04,7.27,7.49,7.20,7.33,3741900,7.3
2009-06-03,7.15,7.20,7.11,7.16,1519200,7.1
2009-06-02,7.08,7.23,7.04,7.12,1212000,7.1
2009-06-01,7.13,7.17,7.04,7.08,998000,7.0
2009-05-27,6.93,7.09,6.90,7.03,875300,7.0
2009-05-26,6.92,7.03,6.88,6.95,1024100,6.9
2009-05-25,6.94,6.98,6.60,6.95,1416200,6.9
2009-05-22,7.14,7.20,7.01,7.04,1272800,7.0
2009-05-21,7.48,7.57,7.11,7.16,2256600,7.1
2009-05-20,7.40,7.64,7.31,7.48,3150100,7.4
2009-05-19,7.37,7.46,7.29,7.41,1816900,7.4
2009-05-18,7.44,7.45,7.20,7.36,1404500,7.3
2009-05-15,7.50,7.55,7.31,7.45,1860100,7.4
2009-05-14,7.43,7.56,7.33,7.50,2242400,7.5
2009-05-13,7.23,7.52,7.23,7.46,2670000,7.4
2009-05-12,7.18,7.35,7.10,7.30,1114300,7.3
2009-05-11,7.57,7.60,7.17,7.20,3096000,7.2
2009-05-08,7.50,7.75,7.41,7.54,4438000,7.5
2009-05-07,7.45,7.74,7.28,7.56,3665100,7.5
2009-05-06,7.25,7.65,7.07,7.54,5167700,7.5
2009-05-05,7.32,7.48,7.21,7.29,2800400,7.2
2009-05-04,7.16,7.33,7.10,7.27,2745200,7.2
2009-04-30,7.18,7.35,7.11,7.20,1975300,7.2
2009-04-29,7.24,7.45,7.01,7.21,3277000,7.2
2009-04-28,7.08,7.46,6.87,7.38,7291900,7.3
2009-04-27,6.77,7.26,6.70,7.14,4242100,7.1
2009-04-24,6.62,6.78,6.50,6.75,1859500,6.7
2009-04-23,6.57,6.72,6.45,6.62,2025300,6.6
2009-04-22,7.10,7.19,6.53,6.54,2465900,6.5
2009-04-21,7.14,7.16,6.95,7.01,2902600,7.0
2009-04-20,7.25,7.43,7.07,7.22,3869200,7.2
2009-04-17,7.30,7.75,7.09,7.44,10971000,7.4
2009-04-16,6.89,7.50,6.66,7.50,9209900,7.5
2009-04-15,6.42,6.97,6.30,6.97,7307600,6.9
2009-04-13,6.35,6.50,6.22,6.34,3113500,6.3
2009-04-10,6.15,6.35,6.10,6.29,3211000,6.2
2009-04-09,5.90,6.16,5.85,6.16,1565900,6.1
2009-04-08,6.25,6.29,5.92,5.92,2237300,5.9
2009-04-07,6.10,6.35,6.03,6.33,2161900,6.3
2009-04-03,6.25,6.30,6.01,6.08,1758900,6.0
2009-04-02,6.20,6.31,6.10,6.23,2342900,6.2
2009-04-01,6.40,6.40,6.10,6.18,3374500,6.1
2009-03-31,5.91,6.20,5.88,6.20,2617000,6.2
2009-03-30,5.90,6.03,5.85,6.01,1540700,6.0
2009-03-27,5.85,5.94,5.81,5.89,1469100,5.8
2009-03-26,5.77,5.89,5.62,5.86,1241800,5.8
2009-03-25,5.96,5.96,5.74,5.74,1869100,5.7
2009-03-24,6.07,6.10,5.93,5.96,2508400,5.9
2009-03-23,5.93,6.21,5.80,6.07,2617000,6.0
2009-03-20,6.02,6.02,5.75,5.88,1862500,5.8
2009-03-19,5.85,6.03,5.82,6.00,2328000,6.0
2009-03-18,5.81,6.02,5.81,5.83,3112400,5.8
2009-03-17,5.65,5.86,5.59,5.79,2168500,5.7
2009-03-16,5.53,5.72,5.37,5.69,1129000,5.6
2009-03-13,5.73,5.85,5.56,5.56,1554900,5.5
2009-03-12,5.72,5.79,5.50,5.69,2116800,5.6
2009-03-11,5.54,5.76,5.44,5.71,2747800,5.7
2009-03-10,5.30,5.46,5.20,5.43,1441900,5.4
2009-03-09,5.73,5.87,5.28,5.37,1894100,5.3
2009-03-06,5.69,6.00,5.69,5.76,2821500,5.7
2009-03-05,5.83,5.90,5.65,5.83,2526200,5.8
2009-03-04,5.55,5.91,5.55,5.85,3992200,5.8
2009-03-03,5.27,5.63,5.17,5.57,3108800,5.5
2009-03-02,5.25,5.41,5.15,5.38,1423400,5.3
2009-02-27,5.44,5.44,5.15,5.35,2112800,5.3
2009-02-26,5.68,5.82,5.15,5.65,2200100,5.6
2009-02-25,5.59,5.75,5.40,5.68,1727600,5.6
2009-02-24,6.08,6.09,5.51,5.51,2771400,5.5
2009-02-23,5.81,6.19,5.74,6.05,2508400,6.0
2009-02-20,5.58,5.81,5.55,5.80,1489200,5.8
2009-02-19,5.51,5.61,5.41,5.55,1076000,5.5
2009-02-18,5.85,5.89,5.38,5.42,2106900,5.4
2009-02-17,5.87,6.33,5.83,5.95,2963300,5.9
2009-02-16,5.80,6.06,5.76,5.93,2369900,5.9
2009-02-13,5.51,5.79,5.50,5.77,2498700,5.7
2009-02-12,5.52,5.54,5.26,5.52,1789600,5.5
2009-02-11,5.40,5.61,5.33,5.42,2467200,5.4
2009-02-10,5.25,5.48,5.20,5.47,2232200,5.4
2009-02-09,5.27,5.34,5.17,5.27,2218400,5.2
2009-02-06,4.99,5.20,4.99,5.19,2532400,5.1
2009-02-05,5.15,5.19,4.93,4.99,2517800,4.9
2009-02-04,5.15,5.20,5.00,5.10,2234500,5.1
2009-02-03,4.87,5.15,4.87,5.13,2747800,5.1
2009-02-02,4.81,4.90,4.73,4.87,1293700,4.8
2009-01-23,4.81,4.83,4.70,4.74,958400,4.7
2009-01-22,4.79,4.81,4.71,4.80,980200,4.8
2009-01-21,4.65,4.85,4.63,4.79,2031800,4.7
2009-01-20,4.65,4.70,4.58,4.70,829300,4.7
2009-01-19,4.73,4.78,4.56,4.65,1323100,4.6
2009-01-16,4.75,4.87,4.69,4.70,2255100,4.7
2009-01-15,4.65,4.83,4.60,4.74,1998500,4.7
2009-01-14,4.53,4.71,4.52,4.70,1367400,4.7
2009-01-13,4.55,4.66,4.46,4.52,904200,4.5
2009-01-12,4.58,4.72,4.55,4.65,1729300,4.6
2009-01-09,4.41,4.59,4.41,4.59,1381800,4.5
2009-01-08,4.61,4.61,4.40,4.43,1943600,4.4
2009-01-07,4.67,4.70,4.56,4.64,1497100,4.6
2009-01-06,4.52,4.69,4.48,4.67,2088600,4.6
2009-01-05,4.40,4.61,4.35,4.60,2069600,4.6
