Date,Open,High,Low,Close,Volume,Adj Clos
2010-12-31,6.17,6.23,6.11,6.23,6242300,6.2
2010-12-30,6.28,6.28,6.04,6.19,7843800,6.1
2010-12-29,6.28,6.30,6.19,6.29,6015700,6.2
2010-12-28,6.48,6.57,6.20,6.24,9099500,6.2
2010-12-27,6.67,6.72,6.48,6.49,13498300,6.4
2010-12-24,6.50,6.83,6.50,6.69,14211500,6.6
2010-12-22,6.79,6.90,6.65,6.66,15081500,6.6
2010-12-21,6.49,6.98,6.47,6.85,27428400,6.8
2010-12-20,6.60,6.60,6.37,6.50,7147500,6.5
2010-12-17,6.59,6.60,6.47,6.55,4739700,6.5
2010-12-16,6.53,6.63,6.51,6.57,7533300,6.5
2010-12-15,6.60,6.62,6.50,6.53,6920500,6.5
2010-12-14,6.63,6.67,6.54,6.62,7740200,6.6
2010-12-13,6.49,6.61,6.48,6.60,7868800,6.6
2010-12-10,6.40,6.53,6.38,6.48,5616300,6.4
2010-12-09,6.57,6.57,6.42,6.42,7995800,6.4
2010-12-08,6.70,6.70,6.57,6.58,8605500,6.5
2010-12-07,6.55,6.74,6.51,6.70,15058000,6.7
2010-12-06,6.55,6.61,6.49,6.53,7683800,6.5
2010-12-03,6.49,6.60,6.47,6.52,7657300,6.5
2010-12-02,6.54,6.57,6.48,6.48,7589100,6.4
2010-12-01,6.50,6.53,6.45,6.48,7230700,6.4
2010-11-30,6.67,6.71,6.40,6.49,11919600,6.4
2010-11-29,6.64,6.72,6.63,6.67,8275100,6.6
2010-11-26,6.77,6.78,6.52,6.63,10108700,6.6
2010-11-25,6.66,6.86,6.60,6.78,12773700,6.7
2010-11-24,6.52,6.68,6.52,6.64,8403600,6.6
2010-11-23,6.76,6.76,6.47,6.56,11146300,6.5
2010-11-22,6.73,6.85,6.65,6.76,11112200,6.7
2010-11-19,6.76,6.85,6.60,6.75,9199000,6.7
2010-11-18,6.80,6.82,6.70,6.72,6557500,6.7
2010-11-17,6.68,6.78,6.66,6.69,9469100,6.6
2010-11-16,6.97,6.97,6.65,6.68,12180000,6.6
2010-11-15,6.86,7.05,6.85,6.91,10437400,6.9
2010-11-12,7.27,7.31,6.83,6.84,25137600,6.8
2010-11-11,7.25,7.36,7.24,7.28,17373800,7.2
2010-11-10,7.36,7.40,7.23,7.28,17777200,7.2
2010-11-09,7.58,7.58,7.30,7.42,29790200,7.4
2010-11-08,7.60,7.75,7.52,7.58,34257000,7.5
2010-11-05,7.34,7.54,7.28,7.49,35508800,7.4
2010-11-04,7.22,7.31,7.20,7.29,16556200,7.2
2010-11-03,7.29,7.34,7.23,7.24,14667200,7.2
2010-11-02,7.23,7.37,7.14,7.27,26047700,7.2
2010-11-01,7.25,7.31,7.20,7.24,18573100,7.2
2010-10-29,7.36,7.38,7.20,7.22,14751800,7.2
2010-10-28,7.23,7.50,7.23,7.38,16352500,7.3
2010-10-27,7.31,7.60,7.24,7.35,23547800,7.3
2010-10-26,7.44,7.68,7.32,7.35,37031700,7.3
2010-10-25,7.26,7.49,7.19,7.48,21053500,7.4
2010-10-22,7.30,7.37,7.22,7.29,10856000,7.2
2010-10-21,7.25,7.44,7.20,7.30,12012100,7.3
2010-10-20,7.45,7.51,7.20,7.27,35153100,7.2
2010-10-19,7.78,7.82,7.45,7.71,24816400,7.7
2010-10-18,7.43,7.83,7.43,7.75,42062500,7.7
2010-10-15,7.34,7.47,7.22,7.39,19285900,7.3
2010-10-14,7.62,7.65,7.35,7.38,22260100,7.3
2010-10-13,7.25,7.71,7.18,7.59,31745000,7.5
2010-10-12,7.22,7.35,7.15,7.20,14531200,7.2
2010-10-11,7.04,7.30,6.97,7.24,21563800,7.2
2010-10-08,6.99,7.09,6.83,7.04,15083300,7.0
2010-09-30,6.65,7.06,6.60,7.00,13852200,7.0
2010-09-28,6.90,6.94,6.75,6.75,7035600,6.7
2010-09-27,6.83,6.98,6.68,6.96,8639600,6.9
2010-09-21,6.81,6.89,6.79,6.82,4077000,6.8
2010-09-20,6.91,6.95,6.78,6.81,7150800,6.8
2010-09-17,6.91,7.04,6.87,6.88,8728700,6.8
2010-09-16,7.09,7.11,6.88,6.92,9597900,6.9
2010-09-15,7.16,7.17,7.05,7.08,7557100,7.0
2010-09-14,7.25,7.28,7.13,7.15,8295000,7.1
2010-09-13,7.09,7.32,7.05,7.21,13599700,7.2
2010-09-10,7.12,7.16,7.01,7.08,11587100,7.0
2010-09-09,7.28,7.29,7.06,7.08,13709800,7.0
2010-09-08,7.36,7.36,7.23,7.28,9681500,7.2
2010-09-07,7.35,7.44,7.30,7.37,12403900,7.3
2010-09-06,7.26,7.35,7.20,7.32,17549400,7.3
2010-09-03,7.36,7.38,7.18,7.24,14347400,7.2
2010-09-02,7.43,7.45,7.30,7.35,13582400,7.3
2010-09-01,7.52,7.56,7.24,7.38,15243800,7.3
2010-08-31,7.68,7.72,7.48,7.50,13532300,7.5
2010-08-30,7.75,7.79,7.63,7.67,10694000,7.6
2010-08-27,7.57,7.75,7.54,7.73,5924500,7.7
2010-08-26,7.60,7.69,7.52,7.57,5564600,7.5
2010-08-25,7.78,7.82,7.58,7.60,8026200,7.6
2010-08-24,7.75,7.93,7.71,7.82,8773300,7.8
2010-08-23,7.77,7.91,7.65,7.66,8655400,7.6
2010-08-20,7.90,7.95,7.71,7.75,13170200,7.7
2010-08-19,8.03,8.08,7.89,7.94,10387500,7.9
2010-08-18,8.17,8.19,8.00,8.04,9831700,8.0
2010-08-17,8.11,8.25,8.10,8.17,12101800,8.1
2010-08-16,8.08,8.18,7.96,8.14,14195200,8.1
2010-08-13,7.88,8.13,7.81,8.10,12723300,8.1
2010-08-12,7.80,8.16,7.77,7.91,16861300,7.9
2010-08-11,7.63,7.92,7.62,7.87,8472100,7.8
2010-08-10,8.00,8.09,7.71,7.71,11230200,7.7
2010-08-09,7.95,8.06,7.90,7.99,10211300,7.9
2010-08-06,7.98,8.08,7.80,8.05,14466000,8.0
2010-08-05,8.14,8.20,7.91,8.04,15212300,8.0
2010-08-04,8.05,8.18,7.91,8.13,15833300,8.1
2010-08-03,8.21,8.45,8.06,8.11,21300400,8.1
2010-08-02,8.10,8.22,8.01,8.20,16427400,8.2
2010-07-30,8.04,8.17,7.95,8.13,14266200,8.1
2010-07-29,8.13,8.19,7.98,8.10,18481300,8.1
2010-07-28,7.80,8.21,7.80,8.15,20548600,8.1
2010-07-27,8.00,8.07,7.90,7.90,10960400,7.9
2010-07-26,8.02,8.05,7.78,8.00,17804500,8.0
2010-07-23,7.95,8.05,7.78,7.94,23673000,7.9
2010-07-22,7.56,7.93,7.52,7.88,28291600,7.8
2010-07-21,7.63,7.73,7.55,7.59,12904900,7.5
2010-07-20,7.55,7.73,7.52,7.63,19885300,7.6
2010-07-19,7.21,7.58,7.21,7.51,15680800,7.5
2010-07-16,7.16,7.39,7.14,7.35,7234600,7.3
2010-07-15,7.45,7.48,7.25,7.25,12367500,7.2
2010-07-14,7.26,7.44,7.23,7.28,9210800,7.2
2010-07-13,7.48,7.48,7.22,7.26,13108800,7.2
2010-07-12,7.36,7.78,7.30,7.64,20482500,7.6
2010-07-09,7.20,7.43,7.10,7.35,13657100,7.3
2010-07-08,7.14,7.31,7.14,7.21,10079600,7.2
2010-07-07,7.17,7.23,7.01,7.09,7148000,7.0
2010-07-06,7.12,7.27,7.09,7.16,7670800,7.1
2010-07-05,7.10,7.28,6.95,7.16,8205300,7.1
2010-07-02,6.95,7.25,6.77,7.19,10812100,7.1
2010-07-01,6.90,7.05,6.88,6.90,4724600,6.9
2010-06-30,6.75,6.97,6.71,6.88,6369600,6.8
2010-06-29,7.30,7.39,6.90,6.90,11609200,6.9
2010-06-28,7.52,7.53,7.27,7.30,7966700,7.3
2010-06-25,7.51,7.74,7.46,7.53,19740100,7.5
2010-06-24,7.32,7.60,7.25,7.60,22083800,7.6
2010-06-23,7.30,7.39,7.17,7.38,11029800,7.3
2010-06-22,7.24,7.38,7.20,7.34,17516900,7.3
2010-06-21,7.00,7.30,6.94,7.26,17025100,7.2
2010-06-18,7.02,7.19,6.95,6.98,8495000,6.9
2010-06-17,7.05,7.10,7.00,7.01,5176900,7.0
2010-06-11,7.06,7.12,6.98,7.00,4517200,7.0
2010-06-10,7.02,7.13,7.00,7.01,7302900,7.0
2010-06-09,6.87,7.18,6.82,7.13,10397300,7.1
2010-06-08,6.86,6.91,6.80,6.85,3855800,6.8
2010-06-07,6.81,6.90,6.78,6.85,6067300,6.8
2010-06-04,6.86,7.07,6.81,6.99,6160900,6.9
2010-06-03,7.06,7.10,6.85,6.90,6093200,6.9
2010-06-02,6.80,7.06,6.80,7.05,6374800,7.0
2010-06-01,6.99,6.99,6.80,6.86,7414700,6.8
2010-05-31,7.10,7.24,7.01,7.01,8440300,7.0
2010-05-28,7.35,7.40,7.12,7.18,8433600,7.1
2010-05-27,7.13,7.36,7.00,7.30,13270600,7.3
2010-05-26,7.17,7.30,7.13,7.21,7204500,7.2
2010-05-25,7.30,7.30,7.10,7.25,14861000,7.2
2010-05-24,7.28,7.63,7.28,7.40,27804200,7.4
2010-05-21,6.65,7.18,6.62,7.16,19624600,7.1
2010-05-20,6.90,7.11,6.81,6.82,7409200,6.8
2010-05-19,7.00,7.18,6.86,6.98,12100400,6.9
2010-05-18,6.65,7.30,6.58,7.17,19054700,7.1
2010-05-17,7.02,7.02,6.63,6.65,9542700,6.6
2010-05-14,7.10,7.17,7.05,7.12,9151300,7.1
2010-05-13,7.11,7.21,6.97,7.20,12233100,7.1
2010-05-12,6.85,7.14,6.80,7.12,11102200,7.1
2010-05-11,7.20,7.27,6.90,6.92,10464600,6.9
2010-05-10,7.02,7.14,6.95,7.10,12259100,7.0
2010-05-07,6.79,7.11,6.74,6.96,10373000,6.9
2010-05-06,7.20,7.28,6.91,6.94,9648900,6.9
2010-05-05,7.00,7.42,6.78,7.33,17594300,7.3
2010-05-04,7.60,7.67,7.01,7.10,14190300,7.0
2010-04-30,7.70,7.83,7.65,7.78,8069500,7.7
2010-04-29,7.80,7.90,7.70,7.71,7997500,7.6
2010-04-28,7.70,7.87,7.60,7.74,9300200,7.7
2010-04-27,7.90,7.90,7.65,7.84,11515500,7.8
2010-04-26,8.01,8.06,7.89,7.95,9608000,7.9
2010-04-23,7.88,8.03,7.84,8.00,11202200,7.9
2010-04-22,8.04,8.04,7.86,7.91,13539800,7.8
2010-04-21,7.88,8.07,7.82,8.04,14916900,8.0
2010-04-20,8.21,8.28,7.63,7.86,20102800,7.8
2010-04-19,9.00,9.00,8.28,8.28,26615500,8.2
2010-04-16,9.26,9.36,9.06,9.20,12969000,9.1
2010-04-15,9.39,9.39,9.26,9.31,15316700,9.2
2010-04-14,9.52,9.52,9.38,9.45,10277000,9.4
2010-04-13,9.43,9.55,9.31,9.52,14909100,9.4
2010-04-12,9.74,9.76,9.35,9.46,28059300,9.4
2010-04-09,9.64,9.79,9.60,9.72,18292800,9.6
2010-04-07,10.00,10.00,9.81,9.85,14938300,9.8
2010-04-06,10.24,10.30,9.95,10.00,22404800,9.9
2010-04-02,10.23,10.43,10.21,10.23,22508400,10.2
2010-04-01,10.05,10.27,10.01,10.20,26565700,10.1
2010-03-31,10.05,10.15,9.90,10.04,18745100,10.0
2010-03-30,9.94,10.05,9.83,10.02,15686400,9.9
2010-03-29,9.71,9.96,9.70,9.93,18255500,9.9
2010-03-26,9.57,9.75,9.55,9.67,11365700,9.6
2010-03-25,9.80,9.83,9.50,9.57,15491300,9.5
2010-03-24,9.85,9.94,9.81,9.86,11726200,9.8
2010-03-23,10.11,10.11,9.80,9.85,20020700,9.8
2010-03-22,10.15,10.25,9.95,10.11,22839400,10.0
2010-03-19,9.75,10.46,9.75,10.23,55324500,10.2
2010-03-18,9.63,9.84,9.61,9.68,23008800,9.6
2010-03-17,9.46,9.65,9.42,9.61,12896200,9.5
2010-03-16,9.40,9.50,9.35,9.44,6037300,9.4
2010-03-15,9.38,9.40,9.26,9.40,7739900,9.3
2010-03-12,9.50,9.55,9.37,9.37,9408400,9.3
2010-03-11,9.56,9.70,9.40,9.50,11280500,9.4
2010-03-10,9.78,9.84,9.55,9.59,18165100,9.5
2010-03-09,9.45,9.87,9.31,9.80,32164900,9.7
2010-03-08,9.46,9.58,9.30,9.45,14832900,9.4
2010-03-05,9.48,9.59,9.41,9.45,11259100,9.4
2010-03-04,9.72,9.90,9.48,9.52,22716200,9.4
2010-03-03,9.83,9.83,9.60,9.71,18534800,9.6
2010-03-02,9.65,9.83,9.60,9.80,20216900,9.7
2010-03-01,9.63,9.70,9.50,9.65,16027000,9.6
2010-02-26,9.77,9.80,9.63,9.66,14274900,9.6
2010-02-25,9.50,9.79,9.50,9.78,24408000,9.7
2010-02-24,9.25,9.48,9.20,9.47,11387900,9.4
2010-02-23,9.42,9.44,9.20,9.28,9253700,9.2
2010-02-22,9.50,9.57,9.42,9.42,6525200,9.3
2010-02-12,9.47,9.57,9.39,9.55,7929400,9.5
2010-02-11,9.48,9.63,9.40,9.43,9883800,9.4
2010-02-10,9.42,9.55,9.34,9.49,7500500,9.4
2010-02-09,9.34,9.47,9.30,9.38,6227900,9.3
2010-02-08,9.38,9.44,9.24,9.39,6743400,9.3
2010-02-05,9.49,9.49,9.28,9.40,12963300,9.3
2010-02-04,9.50,9.90,9.45,9.69,18206700,9.6
2010-02-03,9.31,9.62,9.20,9.56,14187000,9.5
2010-02-02,9.64,9.76,9.37,9.38,13517600,9.3
2010-02-01,9.46,9.75,9.21,9.62,13947500,9.5
2010-01-29,9.35,9.57,9.26,9.49,12806900,9.4
2010-01-28,9.30,9.50,9.29,9.44,9342000,9.4
2010-01-27,9.33,9.60,9.22,9.39,13572000,9.3
2010-01-26,9.88,9.97,9.21,9.31,16993000,9.2
2010-01-25,10.07,10.11,9.88,9.88,12139000,9.8
2010-01-22,10.35,10.38,10.01,10.11,14403100,10.0
2010-01-21,10.43,10.55,10.25,10.48,13871600,10.4
2010-01-20,10.85,10.90,10.40,10.42,18457900,10.3
2010-01-19,10.92,10.99,10.78,10.79,17256600,10.7
2010-01-18,10.80,10.95,10.71,10.88,19399100,10.8
2010-01-15,10.55,10.78,10.55,10.67,18578800,10.6
2010-01-14,10.51,10.65,10.33,10.56,19203300,10.5
2010-01-13,10.56,10.74,10.50,10.52,21300200,10.4
2010-01-12,10.77,11.06,10.50,10.90,22228500,10.8
2010-01-11,11.41,11.50,10.74,10.79,27269900,10.7
2010-01-08,10.80,11.06,10.72,10.99,19959800,10.9
2010-01-07,10.76,11.10,10.60,10.90,23706500,10.8
2010-01-06,10.69,10.99,10.56,10.76,19842600,10.7
2010-01-05,10.93,10.93,10.50,10.74,25390200,10.7
2010-01-04,11.28,11.35,10.97,10.97,24324700,10.9
