Date,Open,High,Low,Close,Volume,Adj Clos
2002-12-31,8.25,8.37,8.10,8.10,239100,7.3
2002-12-30,8.32,8.40,8.20,8.25,430000,7.4
2002-12-27,8.42,8.68,8.31,8.46,721600,7.6
2002-12-26,8.80,8.86,8.02,8.61,1114200,7.8
2002-12-25,9.00,9.00,8.80,8.80,235800,7.9
2002-12-24,8.98,9.05,8.91,9.02,202000,8.1
2002-12-23,9.05,9.08,8.98,8.99,206000,8.1
2002-12-20,9.00,9.13,8.95,9.04,197200,8.2
2002-12-19,9.00,9.02,8.90,9.00,149700,8.1
2002-12-18,9.19,9.19,8.97,8.98,260000,8.1
2002-12-17,8.97,9.17,8.90,9.16,1460200,8.3
2002-12-16,8.90,8.99,8.82,8.90,89800,8.0
2002-12-13,8.76,8.95,8.72,8.81,113100,7.9
2002-12-12,8.75,8.93,8.75,8.80,123400,7.9
2002-12-11,8.70,8.79,8.62,8.72,125500,7.9
2002-12-10,8.80,8.98,8.75,8.78,88500,7.9
2002-12-09,9.10,9.10,8.80,8.81,47800,7.9
2002-12-06,8.83,9.18,8.72,8.90,63800,8.0
2002-12-05,8.72,8.90,8.72,8.88,123800,8.0
2002-12-04,8.93,9.18,8.70,8.84,169500,8.0
2002-12-03,8.61,8.80,8.61,8.80,113100,7.9
2002-12-02,9.03,9.03,9.03,9.03,000,8.1
2002-11-29,8.98,9.19,8.82,9.03,422900,8.1
2002-11-28,8.69,8.98,8.60,8.94,173500,8.1
2002-11-27,8.60,8.68,8.50,8.66,157100,7.8
2002-11-26,8.91,8.91,8.66,8.66,96900,7.8
2002-11-25,8.61,8.85,8.61,8.80,100700,7.9
2002-11-22,8.68,8.95,8.68,8.79,191900,7.9
2002-11-21,9.08,9.08,8.76,8.77,305800,7.9
2002-11-20,9.30,9.30,9.00,9.06,123100,8.2
2002-11-19,9.32,9.42,9.25,9.38,67700,8.5
2002-11-18,9.15,9.30,9.14,9.29,118600,8.4
2002-11-15,9.10,9.43,9.05,9.32,315700,8.4
2002-11-14,9.40,9.40,9.17,9.20,256100,8.3
2002-11-13,9.20,9.39,9.15,9.36,172100,8.4
2002-11-12,9.48,9.57,9.24,9.37,546600,8.5
2002-11-11,9.69,9.69,9.48,9.50,190000,8.6
2002-11-08,10.10,10.14,9.58,9.62,242800,8.7
2002-11-07,9.98,10.01,9.88,9.97,259100,9.0
2002-11-06,9.96,10.05,9.85,10.00,450600,9.0
2002-11-05,9.72,10.08,9.70,10.02,1237100,9.0
2002-11-04,9.68,9.74,9.53,9.70,207400,8.8
2002-11-01,9.62,9.78,9.48,9.55,78000,8.6
2002-10-31,9.69,9.69,9.45,9.46,98100,8.5
2002-10-30,9.57,9.58,9.45,9.48,116800,8.6
2002-10-29,9.63,9.70,9.32,9.60,200000,8.7
2002-10-28,9.70,9.79,9.68,9.70,162900,8.8
2002-10-25,9.80,9.86,9.70,9.72,182900,8.8
2002-10-24,9.92,9.94,9.76,9.78,184800,8.8
2002-10-23,9.80,9.90,9.80,9.90,141100,8.9
2002-10-22,9.69,9.80,9.62,9.74,90200,8.8
2002-10-21,9.52,9.63,9.52,9.57,67600,8.6
2002-10-18,9.65,9.69,9.52,9.62,88400,8.7
2002-10-17,9.80,9.80,9.63,9.65,70000,8.7
2002-10-16,9.50,9.92,9.50,9.74,118000,8.8
2002-10-15,9.80,10.00,9.68,9.77,59200,8.8
2002-10-14,9.75,9.88,9.60,9.86,165800,8.9
2002-10-11,9.72,9.98,9.72,9.75,114600,8.8
2002-10-10,9.75,9.95,9.73,9.84,46200,8.9
2002-10-09,9.95,9.98,9.73,9.94,136300,9.0
2002-10-08,10.00,10.06,9.95,9.96,147000,9.0
2002-10-07,10.09,10.09,10.09,10.09,000,9.1
2002-10-04,10.09,10.09,10.09,10.09,000,9.1
2002-10-03,10.09,10.09,10.09,10.09,000,9.1
2002-10-02,10.09,10.09,10.09,10.09,000,9.1
2002-10-01,10.09,10.09,10.09,10.09,000,9.1
2002-09-30,10.09,10.09,10.09,10.09,000,9.1
2002-09-27,10.04,10.19,10.00,10.09,169400,9.1
2002-09-26,10.15,10.15,10.01,10.05,223300,9.1
2002-09-25,10.12,10.19,10.06,10.13,129300,9.1
2002-09-24,10.20,10.29,10.08,10.12,338100,9.1
2002-09-23,10.16,10.21,10.00,10.21,120500,9.2
2002-09-20,10.30,10.30,10.19,10.22,88500,9.2
2002-09-19,10.10,10.35,10.05,10.30,123800,9.3
2002-09-18,10.12,10.20,10.10,10.10,108500,9.1
2002-09-17,10.35,10.35,10.07,10.17,88300,9.2
2002-09-16,10.22,10.29,10.02,10.10,196000,9.1
2002-09-13,10.35,10.35,10.28,10.31,47400,9.3
2002-09-12,10.28,10.36,10.20,10.29,166400,9.3
2002-09-11,10.30,10.31,10.15,10.22,170100,9.2
2002-09-10,10.25,10.31,10.21,10.30,149000,9.3
2002-09-09,10.49,10.49,10.21,10.24,452700,9.2
2002-09-06,10.55,10.63,10.45,10.47,157800,9.5
2002-09-05,10.68,10.68,10.46,10.50,326700,9.5
2002-09-04,10.88,10.88,10.68,10.69,130600,9.7
2002-09-03,10.76,10.89,10.71,10.80,152200,9.8
2002-09-02,10.70,10.80,10.67,10.79,198900,9.7
2002-08-30,10.80,10.84,10.73,10.77,101200,9.7
2002-08-29,10.81,10.86,10.73,10.77,231400,9.7
2002-08-28,10.78,10.92,10.78,10.87,316600,9.8
2002-08-27,10.78,10.95,10.70,10.88,606900,9.8
2002-08-26,10.83,10.90,10.75,10.77,415600,9.7
2002-08-23,10.64,10.64,10.64,10.64,000,9.6
2002-08-22,10.53,10.77,10.53,10.64,838700,9.6
2002-08-21,10.60,10.60,10.49,10.57,283900,9.5
2002-08-20,10.44,10.61,10.42,10.54,267400,9.5
2002-08-19,10.45,10.51,10.38,10.40,134500,9.4
2002-08-16,10.37,10.55,10.36,10.50,103900,9.5
2002-08-15,10.60,10.60,10.45,10.46,121700,9.4
2002-08-14,10.45,10.53,10.45,10.51,173500,9.5
2002-08-13,10.45,10.53,10.38,10.42,153700,9.4
2002-08-12,10.55,10.55,10.35,10.37,241000,9.4
2002-08-09,10.80,10.80,10.54,10.55,174400,9.5
2002-08-08,10.70,10.78,10.66,10.70,117400,9.7
2002-08-07,10.63,10.70,10.60,10.70,119000,9.7
2002-08-06,10.51,10.75,10.50,10.62,338200,9.6
2002-08-05,10.68,10.72,10.45,10.63,155700,9.6
2002-08-02,10.76,10.79,10.63,10.68,118600,9.6
2002-08-01,10.75,10.88,10.75,10.76,299400,9.7
2002-07-31,10.73,10.76,10.65,10.74,332500,9.7
2002-07-30,10.72,10.78,10.61,10.73,290300,9.7
2002-07-29,10.56,10.72,10.50,10.72,347500,9.7
2002-07-26,10.70,10.70,10.70,10.70,000,9.7
2002-07-25,10.95,11.05,10.70,10.70,345400,9.7
2002-07-24,11.00,11.08,10.91,10.95,261300,9.9
2002-07-23,11.10,11.13,10.97,11.00,565100,9.9
2002-07-22,11.38,11.39,11.11,11.13,383900,10.1
2002-07-19,11.32,11.45,11.27,11.33,674700,10.2
2002-07-18,11.21,11.32,11.12,11.29,705000,10.2
2002-07-17,11.12,11.20,11.04,11.19,302400,10.1
2002-07-16,11.10,11.23,11.08,11.16,182500,10.1
2002-07-15,11.11,11.20,11.07,11.10,336600,10.0
2002-07-12,11.11,11.27,11.02,11.16,402800,10.1
2002-07-11,11.10,11.16,11.03,11.03,458200,10.0
2002-07-10,11.48,11.48,11.10,11.12,659700,10.0
2002-07-09,11.20,11.36,11.13,11.29,966000,10.2
2002-07-08,11.10,11.22,11.05,11.17,560300,10.1
2002-07-05,11.06,11.20,11.00,11.14,193000,10.1
2002-07-04,11.34,11.35,11.03,11.07,644900,10.0
2002-07-03,11.10,11.34,11.08,11.34,1052800,10.2
2002-07-02,11.00,11.14,10.93,11.10,649800,10.0
2002-07-01,11.11,11.18,11.03,11.05,723300,10.0
2002-06-28,11.29,11.35,10.95,11.07,2417300,10.0
2002-06-27,11.48,11.50,11.17,11.23,1738000,10.1
2002-06-26,11.20,11.44,10.40,11.43,3560500,10.3
2002-06-25,11.73,12.09,11.35,11.48,4773900,10.4
2002-06-24,11.47,11.47,11.16,11.47,5794900,10.4
2002-06-21,10.03,10.48,10.00,10.43,3634400,9.4
2002-06-20,9.80,10.18,9.80,10.00,939500,9.0
2002-06-19,10.00,10.01,9.75,9.77,470000,8.8
2002-06-18,9.75,10.13,9.74,10.06,987400,9.1
2002-06-17,9.60,9.80,9.52,9.74,490100,8.8
2002-06-14,10.02,10.08,9.66,9.71,887000,8.8
2002-06-13,10.08,10.34,10.01,10.10,946700,9.1
2002-06-12,10.25,10.28,9.95,10.09,1087200,9.1
2002-06-11,10.17,10.32,10.17,10.24,842300,9.2
2002-06-10,10.33,10.33,10.08,10.19,1408700,9.2
2002-06-07,10.00,10.50,9.88,10.33,4343500,9.3
2002-06-06,9.36,10.22,9.35,10.08,4105500,9.1
2002-06-05,9.60,9.60,9.36,9.39,623400,8.5
2002-06-04,9.53,9.69,9.46,9.63,857200,8.7
2002-06-03,9.58,9.59,9.32,9.50,846800,8.6
2002-05-31,9.50,9.77,9.50,9.60,1060400,8.7
2002-05-30,9.71,9.80,9.30,9.59,2223800,8.7
2002-05-29,10.05,10.08,9.50,9.70,3393200,8.8
2002-05-28,9.78,10.26,9.75,10.17,5920200,9.2
2002-05-27,10.99,10.99,10.27,10.27,2946600,9.3
2002-05-24,11.41,11.64,11.05,11.41,1776700,10.3
2002-05-23,11.10,11.42,11.10,11.40,1136100,10.3
2002-05-22,11.11,11.18,10.79,11.03,435300,10.0
2002-05-21,10.80,11.50,10.75,11.23,991300,10.1
2002-05-20,10.92,10.92,10.46,10.64,294100,9.6
2002-05-17,11.00,11.18,10.83,10.92,296500,9.9
2002-05-16,11.15,11.20,10.88,10.98,290200,9.9
2002-05-15,11.50,11.58,11.23,11.27,318800,10.2
2002-05-14,11.50,11.64,11.47,11.49,396200,10.4
2002-05-13,11.90,11.90,11.50,11.55,683300,10.4
2002-05-10,12.05,12.15,11.89,11.94,326600,10.8
2002-05-09,12.10,12.28,12.03,12.11,199100,10.9
2002-05-08,12.35,12.35,12.20,12.20,164100,11.0
2002-05-07,12.34,12.34,12.34,12.34,000,11.1
2002-05-06,12.34,12.34,12.34,12.34,000,11.1
2002-05-03,12.34,12.34,12.34,12.34,000,11.1
2002-05-02,12.34,12.34,12.34,12.34,000,11.1
2002-05-01,12.34,12.34,12.34,12.34,000,11.1
2002-04-30,12.45,12.49,12.30,12.34,254300,11.1
2002-04-29,12.23,12.45,12.22,12.44,229300,11.2
2002-04-26,12.16,12.26,12.10,12.23,196900,11.0
2002-04-25,12.00,12.10,11.93,12.02,110100,10.9
2002-04-24,12.00,12.08,11.90,11.97,93600,10.8
2002-04-23,11.98,12.20,11.91,12.00,91800,10.8
2002-04-22,12.05,12.09,11.91,11.98,141300,10.8
2002-04-19,12.00,12.30,11.70,12.20,269000,11.0
2002-04-18,12.10,12.15,12.03,12.04,93000,10.9
2002-04-17,12.11,12.20,12.00,12.12,98100,10.9
2002-04-16,12.10,12.20,12.05,12.10,131200,10.9
2002-04-15,12.26,12.26,12.02,12.15,158200,11.0
2002-04-12,12.18,12.35,12.18,12.26,114100,11.1
2002-04-11,12.45,12.45,12.17,12.19,245900,11.0
2002-04-10,12.45,12.51,12.35,12.47,237400,11.3
2002-04-09,12.25,12.48,12.25,12.45,234400,11.2
2002-04-08,12.10,12.29,12.10,12.15,113100,11.0
2002-04-05,12.34,12.44,12.05,12.15,250100,11.0
2002-04-04,11.80,12.27,11.72,12.20,425800,11.0
2002-04-03,11.77,12.00,11.70,11.77,259600,10.6
2002-04-02,12.19,12.24,11.90,11.95,246000,10.6
2002-04-01,12.05,12.35,12.04,12.19,200500,10.8
2002-03-29,12.36,12.49,12.00,12.13,284200,10.8
2002-03-28,12.48,12.77,12.25,12.61,234500,11.2
2002-03-27,12.31,12.49,12.21,12.42,209900,11.1
2002-03-26,12.66,12.66,12.31,12.43,196100,11.1
2002-03-25,12.56,12.88,12.51,12.70,283200,11.3
2002-03-22,12.73,12.73,12.46,12.57,288700,11.2
2002-03-21,12.85,12.90,12.61,12.70,489200,11.3
2002-03-20,12.98,13.05,12.51,12.93,1207300,11.5
2002-03-19,12.23,12.83,12.20,12.74,1089500,11.3
2002-03-18,12.00,12.40,11.98,12.20,592700,10.9
2002-03-15,12.45,12.45,12.45,12.45,000,11.1
2002-03-14,11.71,12.50,11.70,12.45,525600,11.1
2002-03-13,11.95,12.05,11.70,11.72,339500,10.4
2002-03-12,12.35,12.36,12.01,12.03,642300,10.7
2002-03-11,12.00,12.40,11.88,12.33,693100,11.0
2002-03-08,12.01,12.08,11.82,11.96,822400,10.6
2002-03-07,11.50,12.01,11.48,11.99,546000,10.7
2002-03-06,11.33,11.75,11.33,11.50,763500,10.2
2002-03-05,11.04,11.37,11.04,11.32,233300,10.1
2002-03-04,10.80,11.02,10.66,11.02,139400,9.8
2002-03-01,11.18,11.18,10.85,10.86,248500,9.7
2002-02-28,11.38,11.39,11.18,11.20,126900,10.0
2002-02-27,11.25,11.41,11.23,11.38,189700,10.1
2002-02-26,11.40,11.40,11.15,11.27,174600,10.0
2002-02-25,11.51,11.68,11.32,11.40,272100,10.1
2002-02-22,11.18,11.18,11.18,11.18,000,9.9
2002-02-21,11.18,11.18,11.18,11.18,000,9.9
2002-02-20,11.18,11.18,11.18,11.18,000,9.9
2002-02-19,11.18,11.18,11.18,11.18,000,9.9
2002-02-18,11.18,11.18,11.18,11.18,000,9.9
2002-02-15,11.18,11.18,11.18,11.18,000,9.9
2002-02-14,11.18,11.18,11.18,11.18,000,9.9
2002-02-13,11.18,11.18,11.18,11.18,000,9.9
2002-02-12,11.18,11.18,11.18,11.18,000,9.9
2002-02-11,11.18,11.18,11.18,11.18,000,9.9
2002-02-08,11.28,11.40,11.10,11.18,253900,9.9
2002-02-07,10.81,11.20,10.80,11.10,242700,9.9
2002-02-06,11.20,11.27,10.93,10.93,233600,9.7
2002-02-05,11.20,11.35,11.20,11.28,238300,10.0
2002-02-04,11.08,11.28,10.95,11.23,246900,10.0
2002-02-01,11.38,11.39,11.06,11.08,588900,9.9
2002-01-31,10.45,10.45,10.45,10.45,000,9.3
2002-01-30,10.38,10.65,10.30,10.45,164500,9.3
2002-01-29,10.16,10.56,10.00,10.46,323900,9.3
2002-01-28,10.76,10.79,10.12,10.21,581000,9.1
2002-01-25,10.56,10.99,10.55,10.73,921900,9.5
2002-01-24,9.95,10.65,9.50,10.34,770200,9.2
2002-01-23,9.17,10.00,8.95,9.99,515500,8.9
2002-01-22,9.60,9.95,9.10,9.17,321600,8.1
2002-01-21,10.70,10.88,9.62,9.62,405600,8.5
2002-01-18,10.89,11.18,10.50,10.69,299700,9.5
2002-01-17,11.85,11.85,10.98,11.00,268400,9.8
2002-01-16,11.77,11.80,11.25,11.60,122800,10.3
2002-01-15,11.25,11.60,11.25,11.38,147200,10.1
2002-01-14,11.59,11.79,11.30,11.41,202700,10.1
2002-01-11,12.00,12.00,11.66,11.66,113900,10.4
2002-01-10,12.09,12.30,11.20,12.01,357300,10.7
2002-01-09,12.21,12.31,12.00,12.12,121000,10.8
2002-01-08,12.30,12.55,12.30,12.30,59800,10.9
2002-01-07,12.50,12.50,12.29,12.38,85900,11.0
2002-01-04,12.95,12.95,12.40,12.50,131300,11.1
2002-01-03,12.88,12.88,12.88,12.88,000,11.5
2002-01-02,12.88,12.88,12.88,12.88,000,11.5
2002-01-01,12.88,12.88,12.88,12.88,000,11.5
