Date,Open,High,Low,Close,Volume,Adj Clos
2010-12-31,10.13,10.47,10.13,10.47,944100,10.4
2010-12-30,10.28,10.28,10.10,10.20,858100,10.2
2010-12-29,10.07,10.26,10.07,10.25,811200,10.2
2010-12-28,10.45,10.52,10.06,10.07,1295700,10.0
2010-12-27,10.73,10.91,10.45,10.45,1358900,10.4
2010-12-24,10.77,10.93,10.60,10.75,1362100,10.7
2010-12-23,11.08,11.08,10.85,10.85,1781300,10.8
2010-12-22,11.35,11.36,11.05,11.08,2053100,11.0
2010-12-21,11.18,11.35,11.01,11.29,2039900,11.2
2010-12-20,11.33,11.38,10.90,11.18,3079700,11.1
2010-12-17,11.16,11.37,11.15,11.32,2020300,11.3
2010-12-16,11.17,11.29,11.14,11.17,1803400,11.1
2010-12-15,11.25,11.36,11.13,11.17,2030500,11.1
2010-12-14,11.11,11.38,11.04,11.27,3188000,11.2
2010-12-13,10.81,11.15,10.81,11.11,2287200,11.1
2010-12-10,10.60,10.87,10.52,10.80,1531900,10.8
2010-12-09,10.88,10.90,10.65,10.67,2105900,10.6
2010-12-08,10.95,11.07,10.86,10.95,1728100,10.9
2010-12-07,10.85,11.03,10.66,10.96,1557000,10.9
2010-12-06,11.33,11.33,10.80,10.87,2297000,10.8
2010-12-03,11.42,11.59,11.05,11.14,3129700,11.1
2010-12-02,11.19,11.75,11.16,11.40,5688900,11.4
2010-12-01,10.84,11.20,10.70,11.15,2860200,11.1
2010-11-30,11.60,11.67,10.60,10.98,7206700,10.9
2010-11-29,11.85,11.86,11.40,11.74,7047300,11.7
2010-11-26,12.05,12.05,11.55,11.73,11466400,11.7
2010-11-25,10.97,12.07,10.91,12.07,16841000,12.0
2010-11-24,10.43,10.98,10.42,10.97,2314900,10.9
2010-11-23,10.87,11.05,10.28,10.56,2808200,10.5
2010-11-22,10.76,11.08,10.67,10.96,3010700,10.9
2010-11-19,10.83,10.94,10.50,10.89,3698800,10.8
2010-11-18,10.45,10.98,10.43,10.78,2533200,10.7
2010-11-17,10.60,10.95,10.44,10.46,2211000,10.4
2010-11-16,11.00,11.10,10.50,10.78,3680700,10.7
2010-11-15,10.60,10.90,10.46,10.75,3223800,10.7
2010-11-12,11.70,11.70,10.57,10.57,6056100,10.5
2010-11-11,11.91,12.12,11.71,11.74,7388400,11.7
2010-11-10,11.67,12.06,11.67,11.99,6698600,11.9
2010-11-09,11.82,11.96,11.64,11.71,4736800,11.7
2010-11-08,11.55,11.86,11.41,11.82,6165600,11.8
2010-11-05,11.44,11.65,11.36,11.49,3710900,11.4
2010-11-04,11.31,11.55,11.31,11.43,3182900,11.4
2010-11-03,11.80,11.80,11.32,11.33,4316100,11.3
2010-11-02,11.86,12.20,11.65,11.81,8634500,11.8
2010-11-01,11.46,11.98,11.45,11.86,7751200,11.8
2010-10-29,11.20,11.78,11.09,11.62,10030000,11.6
2010-10-28,11.20,11.20,10.89,11.19,3112800,11.1
2010-10-27,11.01,11.23,11.00,11.19,4534500,11.1
2010-10-26,11.05,11.10,10.80,11.06,3237900,11.0
2010-10-25,10.76,11.08,10.74,11.03,3440500,11.0
2010-10-22,10.67,10.79,10.60,10.74,2379300,10.7
2010-10-21,10.57,10.68,10.44,10.61,2330800,10.6
2010-10-20,10.58,10.74,10.46,10.55,3265600,10.5
2010-10-19,10.46,10.79,10.46,10.70,2782100,10.7
2010-10-18,10.29,10.43,9.95,10.41,4151200,10.4
2010-10-15,10.64,10.88,10.28,10.30,4894100,10.3
2010-10-14,11.53,11.59,10.70,10.70,6221600,10.7
2010-10-13,11.38,11.52,11.25,11.51,3837600,11.5
2010-10-12,11.28,11.54,11.21,11.36,2627500,11.3
2010-10-11,11.39,11.40,11.20,11.30,3447100,11.3
2010-10-08,11.22,11.40,11.12,11.27,2155200,11.2
2010-09-30,10.89,11.08,10.79,11.04,1476400,11.0
2010-09-29,11.16,11.29,10.95,10.95,1997500,10.9
2010-09-28,11.50,11.57,11.15,11.17,1630100,11.1
2010-09-27,11.26,11.50,11.26,11.50,1843000,11.5
2010-09-21,11.27,11.27,11.13,11.20,1251000,11.2
2010-09-20,11.25,11.40,11.09,11.14,1995900,11.1
2010-09-17,11.30,11.47,11.13,11.22,1958200,11.2
2010-09-16,11.88,12.03,11.10,11.30,4218000,11.3
2010-09-15,12.46,12.46,11.85,11.94,4282900,11.9
2010-09-14,12.55,12.55,12.25,12.46,5723000,12.4
2010-09-13,12.57,12.66,12.31,12.60,7590900,12.6
2010-09-10,12.20,12.65,12.10,12.46,10448300,12.4
2010-09-09,12.11,12.40,11.95,12.07,6709200,12.0
2010-09-07,11.78,11.96,11.70,11.94,2909300,11.9
2010-09-06,12.25,12.27,11.80,11.82,6199500,11.8
2010-09-03,12.31,12.70,12.03,12.27,6761500,12.2
2010-09-02,12.28,12.35,11.91,12.18,5965000,12.1
2010-09-01,12.47,12.47,11.82,12.06,9369400,12.0
2010-08-31,12.25,12.60,12.10,12.50,11936400,12.5
2010-08-30,11.85,12.31,11.73,12.28,12897500,12.2
2010-08-27,11.65,12.00,11.51,11.76,7343400,11.7
2010-08-26,11.52,12.07,11.48,11.76,15077400,11.7
2010-08-25,11.20,11.80,11.00,11.73,13970200,11.7
2010-08-24,11.49,11.49,11.20,11.32,6173000,11.3
2010-08-23,10.78,11.44,10.78,11.37,8506800,11.3
2010-08-20,11.31,11.32,10.83,10.88,6235300,10.8
2010-08-19,11.61,11.61,11.25,11.31,6135400,11.3
2010-08-18,11.50,11.76,11.34,11.52,10585600,11.5
2010-08-17,11.18,11.60,11.02,11.57,9023900,11.5
2010-08-16,10.79,11.09,10.70,11.09,3448900,11.0
2010-08-13,10.56,10.80,10.55,10.79,1612800,10.7
2010-08-12,10.72,10.88,10.50,10.50,2684100,10.5
2010-08-11,10.75,10.95,10.70,10.90,2501400,10.9
2010-08-10,11.49,11.54,10.89,10.89,4824600,10.8
2010-08-09,11.18,11.55,11.12,11.46,6531700,11.4
2010-08-06,10.96,11.14,10.74,11.14,4563900,11.1
2010-08-05,11.09,11.15,10.88,10.96,3578100,10.9
2010-08-04,10.68,11.07,10.67,11.07,4799000,11.0
2010-08-03,11.00,11.07,10.67,10.67,3935700,10.6
2010-08-02,10.80,11.07,10.77,11.00,4337300,11.0
2010-07-30,11.05,11.10,10.63,10.83,6223600,10.8
2010-07-29,11.36,11.44,10.96,11.05,10016300,11.0
2010-07-28,11.38,11.59,11.15,11.36,8808500,11.3
2010-07-27,11.35,11.70,11.11,11.38,8280200,11.3
2010-07-26,11.09,11.49,10.86,11.35,7608500,11.3
2010-07-23,11.25,11.65,10.90,11.09,8977800,11.0
2010-07-22,10.50,11.52,10.35,11.40,6596500,11.4
2010-07-21,10.59,10.78,10.31,10.48,4710500,10.4
2010-07-20,10.16,10.69,10.09,10.59,8653600,10.5
2010-07-19,9.49,10.30,9.41,10.10,5222000,10.1
2010-07-16,9.50,9.65,9.21,9.55,1543100,9.5
2010-07-15,9.83,9.97,9.58,9.60,2438100,9.6
2010-07-14,9.77,9.96,9.65,9.85,2846400,9.8
2010-07-13,9.61,9.87,9.51,9.77,3520900,9.7
2010-07-12,9.55,9.88,9.50,9.65,3612700,9.6
2010-07-09,9.04,9.92,8.83,9.61,3753000,9.6
2010-07-08,9.16,9.19,8.94,9.04,1032200,9.0
2010-07-07,9.09,9.17,8.95,9.08,1222600,9.0
2010-07-06,8.88,9.18,8.83,9.08,1737800,9.0
2010-07-05,8.79,8.92,8.60,8.89,1005100,8.8
2010-07-02,8.90,8.98,8.30,8.77,1649000,8.7
2010-07-01,9.07,9.23,8.88,8.90,1294300,8.9
2010-06-30,9.38,9.40,9.01,9.07,1917300,9.0
2010-06-29,10.43,10.57,9.53,9.53,2195600,9.5
2010-06-28,10.73,10.73,10.42,10.43,1149300,10.4
2010-06-25,10.69,10.79,10.51,10.77,1308100,10.7
2010-06-24,10.70,10.85,10.60,10.70,969400,10.7
2010-06-23,10.92,10.99,10.58,10.76,2191300,10.7
2010-06-22,11.20,11.28,11.03,11.05,1454400,11.0
2010-06-21,10.81,11.26,10.30,11.18,1864900,11.1
2010-06-17,11.45,11.64,11.32,11.32,1557500,11.3
2010-06-11,11.55,11.65,11.28,11.40,2594300,11.4
2010-06-10,11.38,11.58,11.24,11.45,3173200,11.4
2010-06-09,11.05,11.38,10.96,11.38,3037800,11.3
2010-06-08,10.69,11.17,10.69,11.02,2378500,11.0
2010-06-07,10.65,10.91,10.48,10.80,2123900,10.8
2010-06-04,10.90,11.03,10.74,10.98,1941800,10.9
2010-06-03,11.30,11.35,10.92,10.95,3146600,10.9
2010-06-02,11.04,11.22,10.82,11.19,2293400,11.1
2010-06-01,11.40,11.48,10.83,11.04,3004000,11.0
2010-05-31,12.22,12.39,11.45,11.51,4955600,11.5
2010-05-28,12.23,12.44,11.95,12.39,6565600,12.3
2010-05-27,11.98,12.22,11.49,12.18,4726500,12.1
2010-05-26,11.98,12.30,11.86,11.99,4118900,11.9
2010-05-25,11.95,12.23,11.78,12.12,5597600,12.1
2010-05-24,11.20,12.15,11.20,12.02,6461100,12.0
2010-05-21,10.41,11.24,10.32,11.20,4111700,11.2
2010-05-20,10.35,11.19,10.35,10.88,5380700,10.8
2010-05-19,10.47,10.79,10.17,10.47,2059000,10.4
2010-05-18,10.18,10.66,10.10,10.58,2696900,10.5
2010-05-17,10.80,10.85,10.10,10.19,2479200,10.1
2010-05-14,10.90,11.09,10.63,11.01,3512900,11.0
2010-05-13,10.10,11.05,10.03,10.97,3584500,10.9
2010-05-12,10.00,10.41,9.91,10.24,2636000,10.2
2010-05-11,10.80,10.81,10.00,10.11,3697800,10.1
2010-05-10,11.17,11.37,10.28,10.50,3869300,10.5
2010-05-07,11.60,11.60,10.98,11.09,4962500,11.0
2010-05-06,12.53,12.75,11.91,11.95,3364500,11.9
2010-05-05,11.81,12.42,11.81,12.40,3197100,12.4
2010-05-04,12.30,12.49,11.72,11.80,5225500,11.8
2010-04-27,13.56,13.69,12.78,13.02,4996800,13.0
2010-04-26,13.95,13.99,13.51,13.59,4404500,13.5
2010-04-23,14.48,14.84,13.88,14.03,5285500,14.0
2010-04-22,14.20,14.94,14.12,14.69,5850600,14.6
2010-04-21,13.97,14.45,13.83,14.30,4611000,14.3
2010-04-20,13.36,14.00,13.21,13.99,3096700,13.9
2010-04-19,13.75,14.00,13.33,13.36,3767900,13.3
2010-04-16,13.11,14.23,13.11,13.77,3281100,13.7
2010-04-14,14.40,14.68,14.08,14.31,6700700,14.3
2010-04-13,14.01,14.46,13.38,14.41,9627000,14.4
2010-04-12,13.38,14.28,13.25,13.90,10865500,13.9
2010-04-09,13.05,13.47,13.05,13.38,6478700,13.3
2010-04-08,13.10,13.30,12.99,13.04,3849200,13.0
2010-04-07,13.32,13.55,13.10,13.26,4534800,13.2
2010-04-06,13.59,13.59,13.20,13.37,6561100,13.3
2010-04-02,12.65,13.85,12.52,13.83,11215700,13.8
2010-04-01,12.39,12.75,12.35,12.61,4848700,12.6
2010-03-31,12.47,12.55,12.25,12.39,2633500,12.3
2010-03-30,11.92,12.68,11.92,12.47,6185500,12.4
2010-03-29,12.00,12.12,11.87,11.92,2131200,11.9
2010-03-26,11.60,12.09,11.60,12.00,2110900,12.0
2010-03-25,11.92,12.07,11.62,11.69,2026900,11.6
2010-03-24,12.20,12.30,11.90,11.97,2559300,11.9
2010-03-23,12.48,12.54,12.11,12.17,2801400,12.1
2010-03-22,12.22,12.46,12.03,12.43,3513600,12.4
2010-03-19,12.09,12.23,12.00,12.21,2132800,12.2
2010-03-18,12.11,12.15,11.91,12.10,2835100,12.1
2010-03-17,11.34,12.38,11.34,12.12,5143200,12.1
2010-03-16,11.20,11.34,11.16,11.33,1115100,11.3
2010-03-15,11.03,11.32,10.90,11.20,2017100,11.2
2010-03-12,11.57,11.57,11.12,11.13,2394200,11.1
2010-03-11,11.66,11.78,11.34,11.50,2399300,11.5
2010-03-10,11.89,12.07,11.62,11.66,1752700,11.6
2010-03-09,12.00,12.11,11.78,11.99,1628200,11.9
2010-03-08,11.99,12.13,11.91,12.06,1500700,12.0
2010-03-05,12.17,12.25,11.90,11.98,2134000,11.9
2010-03-04,12.75,12.79,11.90,12.04,3370200,12.0
2010-03-03,12.53,12.88,12.41,12.72,4242600,12.7
2010-03-02,12.67,12.68,12.35,12.53,3582400,12.5
2010-03-01,12.15,12.72,12.15,12.63,4215200,12.6
2010-02-26,12.09,12.35,12.03,12.19,3007000,12.1
2010-02-25,12.01,12.34,11.91,12.09,3408600,12.0
2010-02-24,11.60,12.06,11.50,11.99,3232100,11.9
2010-02-23,11.40,11.60,11.20,11.60,1541600,11.6
2010-02-22,11.36,11.64,11.33,11.42,1474600,11.4
2010-02-12,11.22,11.39,11.20,11.38,853200,11.3
2010-02-11,11.60,11.65,11.17,11.19,1673200,11.1
2010-02-10,11.79,11.79,11.47,11.59,1184300,11.5
2010-02-09,11.21,11.68,11.08,11.67,2741700,11.6
2010-02-08,10.86,11.26,10.77,11.18,1889100,11.1
2010-02-05,11.30,11.40,10.80,10.91,4542400,10.9
2010-02-04,11.66,11.86,11.50,11.67,3521500,11.6
2010-02-03,11.91,12.05,10.96,11.67,3745100,11.6
2010-02-02,12.03,12.28,11.81,11.91,2902600,11.9
2010-02-01,12.61,12.71,11.80,12.00,4294100,12.0
2010-01-29,12.24,12.92,12.06,12.74,5207000,12.7
2010-01-28,12.15,12.58,12.04,12.40,3536800,12.4
2010-01-27,11.72,12.52,11.55,12.20,4616500,12.2
2010-01-26,12.20,12.33,11.61,11.62,3322200,11.6
2010-01-25,12.15,12.39,12.11,12.20,2496100,12.2
2010-01-22,12.50,12.69,11.95,12.11,4273600,12.1
2010-01-21,12.68,12.80,12.40,12.62,4178600,12.6
2010-01-20,13.25,13.45,12.40,12.70,6730400,12.7
2010-01-19,13.87,13.97,13.02,13.27,6632300,13.2
2010-01-18,13.60,14.00,13.36,13.85,5073500,13.8
2010-01-15,13.48,13.76,13.28,13.55,6699100,13.5
2010-01-14,13.10,14.10,13.01,13.65,12902700,13.6
2010-01-13,12.70,13.78,12.70,13.17,22459000,13.1
2010-01-12,11.50,12.65,11.45,12.65,16715700,12.6
2010-01-11,11.04,11.70,10.90,11.50,8269100,11.5
2010-01-08,10.81,11.09,10.56,11.07,3618400,11.0
2010-01-07,11.38,11.50,10.73,10.80,4179600,10.8
2010-01-06,11.35,11.60,11.20,11.35,5444900,11.3
2010-01-05,11.45,11.48,11.06,11.32,6096300,11.3
2010-01-04,11.02,11.44,10.88,11.30,6852300,11.3
