Date,Open,High,Low,Close,Volume,Adj Clos
2002-12-31,7.15,7.21,7.03,7.09,238300,7.0
2002-12-30,7.25,7.25,7.25,7.25,000,7.2
2002-12-27,7.21,7.40,7.13,7.25,315600,7.2
2002-12-26,7.58,7.60,7.30,7.32,278300,7.3
2002-12-25,7.72,7.74,7.60,7.60,167600,7.6
2002-12-24,7.75,7.75,7.60,7.70,211300,7.7
2002-12-23,7.80,7.88,7.73,7.75,301000,7.7
2002-12-20,7.80,7.85,7.72,7.80,476000,7.8
2002-12-19,7.70,7.70,7.70,7.70,000,7.7
2002-12-18,7.58,7.96,7.58,7.70,922500,7.7
2002-12-17,7.50,7.67,7.38,7.57,209500,7.5
2002-12-16,7.35,7.58,7.25,7.50,284900,7.5
2002-12-13,7.12,7.40,7.04,7.38,255600,7.3
2002-12-12,7.10,7.23,7.10,7.12,94900,7.1
2002-12-11,7.22,7.22,7.00,7.09,199000,7.0
2002-12-10,7.34,7.50,7.20,7.22,151900,7.2
2002-12-09,7.37,7.43,7.30,7.34,59000,7.3
2002-12-06,7.52,7.52,7.35,7.38,58200,7.3
2002-12-05,7.40,7.45,7.28,7.39,122200,7.3
2002-12-04,7.42,7.65,7.42,7.46,203500,7.4
2002-12-03,7.31,7.45,7.28,7.42,258300,7.4
2002-12-02,7.58,7.58,7.58,7.58,000,7.5
2002-11-29,7.49,7.74,7.40,7.58,618800,7.5
2002-11-28,7.22,7.44,7.16,7.43,232300,7.4
2002-11-27,7.17,7.29,7.08,7.20,214300,7.2
2002-11-26,7.50,7.63,7.20,7.22,140400,7.2
2002-11-25,7.49,7.59,7.41,7.50,135700,7.5
2002-11-22,7.42,7.60,7.35,7.48,278800,7.4
2002-11-21,7.60,7.65,7.40,7.42,225700,7.4
2002-11-20,8.00,8.00,7.65,7.65,181900,7.6
2002-11-19,7.90,8.07,7.89,8.00,236800,8.0
2002-11-18,8.00,8.00,7.83,7.89,102100,7.8
2002-11-15,7.88,8.11,7.80,7.85,271100,7.8
2002-11-14,8.18,8.18,7.88,7.89,275900,7.8
2002-11-13,8.08,8.25,8.06,8.21,218000,8.2
2002-11-12,8.54,8.67,8.15,8.18,234100,8.1
2002-11-11,8.66,8.79,8.51,8.54,155100,8.5
2002-11-08,8.98,9.03,8.66,8.68,335800,8.6
2002-11-07,8.80,9.04,8.65,9.03,898700,9.0
2002-11-06,8.91,8.93,8.78,8.84,298400,8.8
2002-11-05,8.82,8.99,8.76,8.96,157000,8.9
2002-11-04,8.76,8.81,8.66,8.79,103700,8.7
2002-11-01,8.65,8.65,8.51,8.64,44700,8.6
2002-10-31,8.66,8.72,8.50,8.62,113100,8.6
2002-10-30,8.62,8.69,8.56,8.66,95800,8.6
2002-10-29,8.80,8.80,8.49,8.67,193300,8.6
2002-10-28,9.03,9.25,8.76,8.80,171800,8.8
2002-10-25,9.28,9.28,9.02,9.04,70400,9.0
2002-10-24,9.25,9.36,9.18,9.28,108400,9.2
2002-10-23,9.25,9.30,9.16,9.22,95400,9.2
2002-10-22,9.13,9.33,9.13,9.30,133300,9.3
2002-10-21,9.03,9.19,9.01,9.16,36400,9.1
2002-10-18,9.04,9.20,8.96,9.15,153200,9.1
2002-10-17,9.31,9.31,9.10,9.13,149800,9.1
2002-10-16,9.16,9.38,9.16,9.31,317100,9.3
2002-10-15,9.03,9.19,9.01,9.16,153200,9.1
2002-10-14,8.96,9.11,8.87,9.01,73800,9.0
2002-10-11,9.00,9.06,8.92,8.93,98800,8.9
2002-10-10,8.98,9.02,8.89,8.97,57600,8.9
2002-10-09,9.01,9.03,8.90,8.95,99700,8.9
2002-10-08,9.01,9.08,8.98,9.00,129800,9.0
2002-10-07,9.11,9.11,9.11,9.11,000,9.1
2002-10-04,9.11,9.11,9.11,9.11,000,9.1
2002-10-03,9.11,9.11,9.11,9.11,000,9.1
2002-10-02,9.11,9.11,9.11,9.11,000,9.1
2002-10-01,9.11,9.11,9.11,9.11,000,9.1
2002-09-30,9.11,9.11,9.11,9.11,000,9.1
2002-09-27,9.20,9.20,9.02,9.11,135200,9.1
2002-09-26,9.26,9.35,9.17,9.19,182400,9.1
2002-09-25,9.31,9.40,9.26,9.30,147900,9.3
2002-09-24,9.32,9.43,9.32,9.35,69400,9.3
2002-09-23,9.41,9.44,9.32,9.37,45300,9.3
2002-09-20,9.59,9.63,9.35,9.40,100300,9.4
2002-09-19,9.46,9.60,9.28,9.59,156400,9.5
2002-09-18,9.34,9.48,9.30,9.46,131900,9.4
2002-09-17,9.60,9.60,9.33,9.43,165100,9.4
2002-09-16,9.61,9.66,9.47,9.50,218500,9.5
2002-09-13,9.75,9.80,9.70,9.72,58200,9.7
2002-09-12,9.78,9.83,9.75,9.80,70500,9.8
2002-09-11,9.72,9.80,9.70,9.78,133400,9.7
2002-09-10,9.65,9.80,9.65,9.70,81000,9.7
2002-09-09,9.70,9.80,9.64,9.70,117300,9.7
2002-09-06,9.80,9.90,9.71,9.71,163600,9.7
2002-09-05,10.02,10.05,9.78,9.82,294000,9.8
2002-09-04,10.15,10.15,10.07,10.08,120100,10.0
2002-09-03,10.22,10.25,10.13,10.15,344900,10.1
2002-09-02,10.12,10.27,10.12,10.20,108200,10.2
2002-08-30,10.07,10.16,10.05,10.12,130300,10.1
2002-08-29,10.32,10.32,10.09,10.09,252400,10.0
2002-08-28,10.17,10.32,10.14,10.28,544900,10.2
2002-08-27,9.90,10.19,9.90,10.14,267300,10.1
2002-08-26,10.01,10.02,9.88,9.91,119300,9.9
2002-08-23,10.10,10.10,10.10,10.10,000,10.1
2002-08-22,9.96,10.20,9.96,10.10,574600,10.1
2002-08-21,10.01,10.08,9.87,10.00,144300,10.0
2002-08-20,9.78,10.03,9.74,10.00,241000,10.0
2002-08-19,9.87,9.87,9.87,9.87,000,9.8
2002-08-16,9.80,10.05,9.70,9.87,190000,9.8
2002-08-15,9.97,9.99,9.86,9.90,102900,9.9
2002-08-14,9.96,10.08,9.90,9.97,91900,9.9
2002-08-13,9.95,9.98,9.90,9.95,48500,9.9
2002-08-12,9.85,10.10,9.85,9.98,106100,9.9
2002-08-09,9.88,10.00,9.65,9.98,90800,9.9
2002-08-08,10.13,10.16,9.98,10.00,59700,10.0
2002-08-07,10.01,10.11,9.96,10.11,149200,10.1
2002-08-06,9.85,10.07,9.82,10.01,148900,10.0
2002-08-05,9.81,9.97,9.81,9.90,65900,9.9
2002-08-02,9.89,9.95,9.70,9.93,80100,9.9
2002-08-01,9.80,9.88,9.68,9.88,150100,9.8
2002-07-31,10.01,10.01,9.78,9.80,208900,9.8
2002-07-30,10.15,10.15,9.90,10.00,380500,10.0
2002-07-29,10.00,10.12,10.00,10.10,104700,10.1
2002-07-26,10.12,10.12,9.95,9.98,104300,9.9
2002-07-25,10.10,10.10,10.00,10.03,94700,10.0
2002-07-24,10.10,10.13,10.01,10.04,123800,10.0
2002-07-23,10.08,10.16,10.00,10.02,139300,10.0
2002-07-22,10.22,10.25,10.08,10.10,133100,10.1
2002-07-19,10.22,10.29,10.20,10.25,133400,10.2
2002-07-18,10.28,10.35,10.17,10.25,128200,10.2
2002-07-17,10.02,10.30,10.02,10.29,222100,10.2
2002-07-16,10.23,10.23,10.13,10.15,123100,10.1
2002-07-15,10.18,10.19,10.03,10.07,181300,10.0
2002-07-12,10.20,10.29,10.17,10.24,222900,10.2
2002-07-11,10.30,10.39,10.25,10.27,208700,10.2
2002-07-10,10.55,10.58,10.31,10.32,254500,10.3
2002-07-09,10.55,10.57,10.40,10.50,243500,10.5
2002-07-08,10.47,10.55,10.35,10.55,218100,10.5
2002-07-05,10.32,10.48,10.28,10.47,110100,10.4
2002-07-04,10.58,10.59,10.30,10.33,303300,10.3
2002-07-03,10.62,10.62,10.40,10.46,296500,10.4
2002-07-02,10.25,10.59,10.25,10.57,280900,10.5
2002-07-01,10.52,10.67,10.45,10.45,383800,10.4
2002-06-28,10.86,10.98,10.50,10.68,682700,10.6
2002-06-27,10.90,11.00,10.80,10.84,590800,10.8
2002-06-26,10.69,11.00,10.52,10.95,864400,10.9
2002-06-25,11.18,11.28,10.68,10.77,1960400,10.7
2002-06-24,10.99,10.99,10.55,10.99,3142500,10.9
2002-06-21,9.30,10.05,9.29,9.99,1635600,9.9
2002-06-20,9.12,9.30,9.12,9.21,140700,9.2
2002-06-19,9.15,9.30,9.08,9.12,266500,9.1
2002-06-18,8.95,9.19,8.95,9.13,255000,9.1
2002-06-17,8.82,8.86,8.70,8.85,151700,8.8
2002-06-14,8.92,9.06,8.85,8.87,171900,8.8
2002-06-13,9.15,9.23,9.01,9.06,142900,9.0
2002-06-12,9.42,9.50,9.12,9.20,169100,9.2
2002-06-11,9.22,9.48,9.22,9.35,282000,9.3
2002-06-10,9.30,9.30,9.30,9.30,000,9.3
2002-06-07,9.18,9.45,9.00,9.30,545200,9.3
2002-06-06,8.60,9.36,8.50,9.15,340200,9.1
2002-06-05,9.06,9.09,8.60,8.66,224000,8.6
2002-06-04,8.93,9.09,8.86,9.04,176600,9.0
2002-06-03,9.01,9.11,8.88,8.93,232800,8.9
2002-05-31,9.34,9.39,9.20,9.24,85800,9.2
2002-05-30,9.35,9.44,9.11,9.28,216800,9.2
2002-05-29,9.60,9.60,9.32,9.35,363700,9.3
2002-05-28,9.55,9.72,9.55,9.63,131900,9.6
2002-05-27,9.70,9.70,9.49,9.60,155700,9.6
2002-05-24,9.60,9.60,9.30,9.51,240800,9.5
2002-05-23,9.85,9.97,9.80,9.82,194000,9.8
2002-05-22,10.09,10.09,9.75,9.77,253200,9.7
2002-05-21,9.75,10.12,9.70,10.09,1238800,10.0
2002-05-20,9.63,9.63,9.50,9.53,199900,9.5
2002-05-17,9.70,9.94,9.55,9.75,325300,9.7
2002-05-16,10.13,10.13,9.67,9.74,357700,9.7
2002-05-15,10.36,10.36,10.19,10.20,255900,10.2
2002-05-14,10.45,10.50,10.30,10.36,189700,10.3
2002-05-13,10.50,10.50,10.31,10.48,202400,10.4
2002-05-10,10.50,10.52,10.41,10.50,193800,10.5
2002-05-09,10.58,10.67,10.45,10.48,220500,10.4
2002-05-08,10.70,10.73,10.58,10.60,131500,10.6
2002-05-07,10.79,10.79,10.79,10.79,000,10.7
2002-05-06,10.79,10.79,10.79,10.79,000,10.7
2002-05-03,10.79,10.79,10.79,10.79,000,10.7
2002-05-02,10.79,10.79,10.79,10.79,000,10.7
2002-05-01,10.79,10.79,10.79,10.79,000,10.7
2002-04-30,10.81,10.90,10.70,10.79,462100,10.7
2002-04-29,10.68,10.80,10.52,10.77,370900,10.7
2002-04-26,10.33,10.61,10.33,10.51,279900,10.5
2002-04-25,10.26,10.35,10.25,10.33,165200,10.3
2002-04-24,10.31,10.44,10.25,10.25,248700,10.2
2002-04-23,10.36,10.52,10.32,10.35,163000,10.3
2002-04-22,10.60,10.60,10.35,10.43,403100,10.4
2002-04-19,10.75,10.75,10.48,10.69,332300,10.6
2002-04-18,11.00,11.06,10.78,10.80,227900,10.8
2002-04-17,10.88,11.09,10.75,11.00,336600,11.0
2002-04-16,10.85,11.05,10.78,10.88,160200,10.8
2002-04-15,11.00,11.19,10.85,11.05,368000,11.0
2002-04-12,10.76,11.10,10.70,10.96,479800,10.9
2002-04-11,11.10,11.14,10.75,10.75,294700,10.7
2002-04-10,10.91,11.15,10.88,11.07,449500,11.0
2002-04-09,10.65,10.96,10.57,10.89,342800,10.8
2002-04-08,10.60,10.72,10.57,10.62,216800,10.6
2002-04-05,10.79,10.82,10.60,10.62,324000,10.6
2002-04-04,10.38,10.82,10.12,10.77,452600,10.7
2002-04-03,10.28,10.38,10.22,10.33,321400,10.3
2002-04-02,10.68,10.70,10.26,10.31,473200,10.3
2002-04-01,10.55,10.78,10.52,10.67,305400,10.6
2002-03-29,11.10,11.15,10.60,10.66,597200,10.6
2002-03-28,11.19,11.35,11.10,11.16,400200,11.1
2002-03-27,10.90,11.18,10.85,11.18,436000,11.1
2002-03-26,11.29,11.29,10.95,10.98,677900,10.9
2002-03-25,11.20,11.34,11.11,11.30,642700,11.3
2002-03-22,11.50,11.50,11.30,11.36,1249100,11.3
2002-03-21,11.65,11.97,11.48,11.57,5565900,11.5
2002-03-20,11.10,11.41,11.10,11.40,2130200,11.4
2002-03-19,10.80,11.28,10.71,11.12,1694200,11.1
2002-03-18,10.58,10.95,10.46,10.90,1174600,10.9
2002-03-15,10.80,10.87,10.41,10.44,1687300,10.4
2002-03-14,10.35,10.75,10.35,10.71,1028000,10.7
2002-03-13,10.50,10.70,10.33,10.38,1538800,10.3
2002-03-12,11.00,11.00,10.54,10.62,2749600,10.6
2002-03-11,10.90,11.26,10.84,11.20,1672500,11.2
2002-03-08,10.80,10.89,10.52,10.85,1974500,10.8
2002-03-07,10.15,10.76,10.15,10.72,1223300,10.7
2002-03-06,10.18,10.48,10.05,10.15,1522700,10.1
2002-03-05,9.50,10.06,9.50,10.00,657700,10.0
2002-03-04,9.21,9.61,9.21,9.60,263300,9.6
2002-03-01,9.62,9.63,9.29,9.31,489600,9.3
2002-02-28,9.80,9.94,9.65,9.65,255100,9.6
2002-02-27,9.78,9.92,9.65,9.85,286300,9.8
2002-02-26,9.80,9.81,9.60,9.79,311100,9.7
2002-02-25,10.00,10.19,9.76,9.81,488500,9.8
2002-02-22,9.70,9.70,9.70,9.70,000,9.7
2002-02-21,9.70,9.70,9.70,9.70,000,9.7
2002-02-20,9.70,9.70,9.70,9.70,000,9.7
2002-02-19,9.70,9.70,9.70,9.70,000,9.7
2002-02-18,9.70,9.70,9.70,9.70,000,9.7
2002-02-15,9.70,9.70,9.70,9.70,000,9.7
2002-02-14,9.70,9.70,9.70,9.70,000,9.7
2002-02-13,9.70,9.70,9.70,9.70,000,9.7
2002-02-12,9.70,9.70,9.70,9.70,000,9.7
2002-02-11,9.70,9.70,9.70,9.70,000,9.7
2002-02-08,9.92,9.99,9.68,9.70,629900,9.7
2002-02-07,9.41,10.05,9.30,9.93,886100,9.9
2002-02-06,9.79,9.79,9.79,9.79,000,9.7
2002-02-05,9.70,9.80,9.57,9.79,699900,9.7
2002-02-04,9.40,9.71,9.12,9.64,653800,9.6
2002-02-01,9.41,9.81,9.21,9.42,1581500,9.4
2002-01-31,8.50,8.50,8.50,8.50,000,8.5
2002-01-30,8.48,8.63,8.25,8.50,295500,8.5
2002-01-29,7.99,8.50,7.74,8.47,389100,8.4
2002-01-28,9.03,9.04,8.13,8.13,641900,8.1
2002-01-25,8.99,9.20,8.80,9.03,437800,9.0
2002-01-24,8.88,9.29,8.50,9.11,1331500,9.1
2002-01-23,8.40,8.99,7.71,8.92,932800,8.9
2002-01-22,8.60,9.05,8.31,8.45,350700,8.4
2002-01-21,8.96,8.97,8.51,8.60,356200,8.6
2002-01-18,9.41,9.68,8.71,8.98,652300,8.9
2002-01-17,10.67,10.69,9.62,9.62,651700,9.6
2002-01-16,10.70,10.85,10.35,10.69,184900,10.6
2002-01-15,11.01,11.19,10.60,10.65,238400,10.6
2002-01-14,11.43,11.43,10.90,11.05,398500,11.0
2002-01-11,11.81,11.83,11.51,11.55,120200,11.5
2002-01-10,11.70,12.00,11.56,11.90,225200,11.9
2002-01-09,11.80,11.88,11.66,11.80,247300,11.8
2002-01-08,11.90,11.98,11.61,11.80,73500,11.8
2002-01-07,11.84,11.98,11.76,11.91,118200,11.9
2002-01-04,12.18,12.18,11.85,12.00,216700,12.0
2002-01-03,12.18,12.18,12.18,12.18,000,12.1
2002-01-02,12.18,12.18,12.18,12.18,000,12.1
2002-01-01,12.18,12.18,12.18,12.18,000,12.1
