Date,Open,High,Low,Close,Volume,Adj Clos
2011-12-30,7.72,7.85,7.66,7.82,5679300,7.8
2011-12-29,7.54,7.73,7.54,7.66,4384200,7.6
2011-12-28,7.45,7.66,7.36,7.62,6980300,7.6
2011-12-27,7.51,7.69,7.48,7.51,3924200,7.5
2011-12-26,7.66,7.73,7.55,7.56,4043700,7.5
2011-12-23,7.55,7.80,7.54,7.66,5359400,7.6
2011-12-22,7.50,7.70,7.34,7.59,5638900,7.5
2011-12-21,7.82,7.85,7.50,7.55,4805600,7.5
2011-12-20,7.72,7.98,7.70,7.72,7500800,7.7
2011-12-19,7.66,7.82,7.40,7.75,6968600,7.7
2011-12-16,7.59,7.77,7.44,7.76,12118500,7.7
2011-12-15,8.00,8.00,7.58,7.60,15311200,7.6
2011-12-14,8.19,8.24,8.00,8.00,3359600,8.0
2011-12-13,8.40,8.40,8.09,8.19,4684300,8.1
2011-12-12,8.50,8.55,8.42,8.43,1953200,8.4
2011-12-09,8.44,8.59,8.41,8.49,2302900,8.4
2011-12-08,8.40,8.61,8.31,8.53,4966400,8.5
2011-12-07,8.40,8.54,8.35,8.44,2864900,8.4
2011-12-06,8.27,8.45,8.25,8.37,3552600,8.3
2011-12-05,8.70,8.70,8.24,8.30,5340900,8.3
2011-12-02,8.88,8.88,8.67,8.71,3833000,8.7
2011-12-01,8.86,8.98,8.78,8.90,9368900,8.9
2011-11-30,9.15,9.15,8.50,8.60,8496200,8.6
2011-11-29,9.12,9.16,9.06,9.15,4526300,9.1
2011-11-28,9.09,9.09,8.91,9.06,3633300,9.0
2011-11-25,9.08,9.14,8.99,8.99,3011000,8.9
2011-11-24,9.01,9.14,8.94,9.05,4153400,9.0
2011-11-23,9.37,9.38,9.10,9.12,5549200,9.1
2011-11-22,9.46,9.48,9.22,9.34,6277900,9.3
2011-11-21,9.35,9.53,9.32,9.53,6545300,9.5
2011-11-18,9.34,9.55,9.30,9.32,9346000,9.3
2011-11-17,9.39,9.48,9.32,9.35,5212800,9.3
2011-11-16,9.69,9.73,9.33,9.40,8800900,9.4
2011-11-15,9.57,9.73,9.52,9.71,12526400,9.7
2011-11-14,9.42,9.59,9.40,9.58,8362700,9.5
2011-11-11,9.47,9.50,9.33,9.37,5554200,9.3
2011-11-10,9.55,9.61,9.38,9.50,7396700,9.5
2011-11-09,9.55,9.68,9.34,9.68,9614900,9.6
2011-11-08,9.70,9.73,9.48,9.53,5381300,9.5
2011-11-07,9.60,9.81,9.55,9.67,8425000,9.6
2011-11-04,9.66,9.74,9.45,9.62,10325800,9.6
2011-11-03,9.62,9.77,9.60,9.61,11991400,9.6
2011-11-02,9.30,9.60,9.28,9.59,9699000,9.5
2011-11-01,9.56,9.63,9.44,9.52,8297100,9.5
2011-10-31,9.57,9.69,9.53,9.61,6707900,9.6
2011-10-28,9.48,9.65,9.40,9.57,9711700,9.5
2011-10-27,9.34,9.39,9.21,9.28,6669100,9.2
2011-10-26,9.23,9.48,9.23,9.34,8503600,9.3
2011-10-25,9.13,9.37,9.08,9.32,6575600,9.3
2011-10-24,8.91,9.16,8.83,9.13,6444700,9.1
2011-10-21,9.10,9.17,8.88,8.89,5062800,8.8
2011-10-20,9.11,9.21,9.00,9.12,8307100,9.1
2011-10-19,9.80,9.91,9.13,9.18,14820400,9.1
2011-10-17,10.21,10.28,9.99,10.02,6873100,10.0
2011-10-14,10.22,10.24,10.06,10.21,4900400,10.2
2011-10-13,10.10,10.33,10.05,10.22,7613600,10.2
2011-10-12,9.72,10.17,9.65,10.15,7993100,10.1
2011-10-11,10.15,10.23,9.65,9.80,6314800,9.8
2011-10-10,9.94,9.98,9.83,9.88,2665400,9.8
2011-09-30,9.90,10.00,9.79,9.87,3242100,9.8
2011-09-29,9.99,10.09,9.86,9.87,5649100,9.8
2011-09-28,10.30,10.38,9.98,10.02,6602600,10.0
2011-09-27,10.20,10.30,10.08,10.20,5071700,10.2
2011-09-26,10.25,10.38,10.05,10.09,4656800,10.0
2011-09-23,10.16,10.30,10.01,10.28,5179600,10.2
2011-09-22,10.70,10.76,10.28,10.30,8573400,10.3
2011-09-21,10.42,10.84,10.40,10.79,9402300,10.7
2011-09-20,10.32,10.57,10.32,10.43,5776800,10.4
2011-09-19,10.64,10.64,10.38,10.39,6559800,10.3
2011-09-16,10.89,10.97,10.69,10.70,5435700,10.7
2011-09-15,10.96,11.09,10.81,10.84,6161800,10.8
2011-09-14,10.87,10.97,10.60,10.96,6086900,10.9
2011-09-13,10.78,10.93,10.68,10.82,5814100,10.8
2011-09-09,11.21,11.35,10.90,10.98,8856300,10.9
2011-09-08,11.48,11.51,11.21,11.21,7062500,11.2
2011-09-07,11.30,11.51,11.22,11.48,11376700,11.4
2011-09-06,11.02,11.24,11.00,11.24,6471300,11.2
2011-09-05,11.25,11.34,11.08,11.12,6763600,11.1
2011-09-02,11.28,11.46,11.09,11.42,10131400,11.4
2011-09-01,11.50,11.58,11.16,11.28,13240200,11.2
2011-08-31,11.58,11.63,11.30,11.50,15547000,11.5
2011-08-30,12.05,12.31,11.55,11.61,24888400,11.6
2011-08-29,12.00,12.10,11.86,11.97,13429000,11.9
2011-08-26,12.10,12.28,12.03,12.06,16598700,12.0
2011-08-25,11.86,12.30,11.80,12.19,24395600,12.1
2011-08-24,11.81,12.08,11.77,11.80,18438900,11.8
2011-08-23,11.55,11.80,11.45,11.80,11747600,11.8
2011-08-22,11.55,11.77,11.44,11.49,11367500,11.4
2011-08-19,11.67,11.88,11.35,11.48,17469500,11.4
2011-08-18,11.87,12.10,11.64,11.89,17660600,11.8
2011-08-17,11.88,12.03,11.71,11.87,12877500,11.8
2011-08-16,12.06,12.06,11.80,11.86,15218900,11.8
2011-08-15,11.76,12.15,11.69,12.06,22690300,12.0
2011-08-12,11.77,12.05,11.69,11.73,22736500,11.7
2011-08-11,11.20,11.97,11.15,11.70,35204900,11.7
2011-08-10,11.08,11.50,11.03,11.42,21529900,11.4
2011-08-09,10.68,11.04,10.51,10.87,13315600,10.8
2011-08-08,11.08,11.44,10.61,10.96,16558000,10.9
2011-08-05,10.90,11.44,10.85,11.24,14943500,11.2
2011-08-04,11.31,11.66,11.31,11.43,12622200,11.4
2011-08-02,11.31,11.33,10.95,11.23,10860400,11.2
2011-08-01,11.20,11.49,11.20,11.37,7426500,11.3
2011-07-29,11.54,11.66,11.14,11.22,13647800,11.2
2011-07-28,11.51,11.62,11.40,11.57,10996900,11.5
2011-07-27,11.46,11.77,11.35,11.67,14203900,11.6
2011-07-26,11.45,11.59,11.36,11.52,11094000,11.5
2011-07-25,11.86,11.86,11.32,11.51,23749500,11.5
2011-07-22,12.09,12.28,11.85,11.94,21524800,11.9
2011-07-21,12.00,12.50,11.92,12.11,34194300,12.1
2011-07-20,12.19,12.26,11.84,12.09,23647200,12.0
2011-07-19,11.98,12.38,11.80,12.19,28455500,12.1
2011-07-18,12.27,12.30,11.78,12.08,31644900,12.0
2011-07-15,12.23,12.27,12.02,12.19,25602700,12.1
2011-07-14,11.93,12.25,11.86,12.25,47576500,12.2
2011-07-13,11.25,12.18,11.24,11.96,48860400,11.9
2011-07-12,11.41,11.45,11.15,11.22,24211700,11.2
2011-07-11,11.43,11.74,11.32,11.56,28970600,11.5
2011-07-08,11.14,11.77,11.13,11.52,42552700,11.5
2011-07-07,11.39,11.46,11.10,11.15,24921800,11.1
2011-07-06,11.38,11.54,11.27,11.41,22048600,11.4
2011-07-05,11.11,11.52,11.02,11.47,31354900,11.4
2011-07-04,10.96,11.26,10.96,11.11,20136700,11.1
2011-07-01,10.96,11.17,10.83,10.91,16673800,10.9
2011-06-30,10.72,11.09,10.61,10.95,20588100,10.9
2011-06-29,10.50,10.98,10.46,10.76,22491700,10.7
2011-06-28,10.66,10.67,10.38,10.53,12865300,10.5
2011-06-27,10.60,10.75,10.51,10.66,13107200,10.6
2011-06-24,10.35,10.78,10.35,10.60,18078000,10.6
2011-06-23,10.15,10.40,10.00,10.34,14506900,10.3
2011-06-22,11.10,11.18,10.12,10.24,32347800,10.2
2011-06-21,10.88,11.15,10.73,11.15,14606800,11.1
2011-06-20,10.65,10.83,10.47,10.80,13246700,10.8
2011-06-17,11.15,11.34,10.61,10.65,20361800,10.6
2011-06-16,11.18,11.62,11.10,11.22,24960500,11.2
2011-06-15,11.17,11.57,11.12,11.30,23296600,11.3
2011-06-14,11.13,11.39,11.08,11.24,18074300,11.2
2011-06-13,10.60,11.22,10.41,11.21,18619400,11.2
2011-06-10,10.65,10.77,10.38,10.74,16615900,10.7
2011-06-09,11.30,11.35,10.75,10.76,23814000,10.7
2011-06-08,11.36,11.58,11.08,11.43,20000200,11.4
2011-06-07,11.10,11.45,10.96,11.43,20369100,11.4
2011-06-03,10.76,11.28,10.71,11.15,22327600,11.1
2011-06-02,10.80,10.96,10.53,10.76,18484000,10.7
2011-06-01,10.71,11.26,10.51,11.18,24694600,10.9
2011-05-31,10.83,11.00,10.30,10.79,22877000,10.5
2011-05-30,10.66,11.03,10.36,10.78,17664800,10.5
2011-05-27,11.38,11.50,10.58,10.77,36414800,10.5
2011-05-26,12.12,12.34,11.55,11.55,36623900,11.2
2011-05-25,11.77,12.12,11.62,12.12,41435600,11.8
2011-05-24,11.03,12.25,10.80,11.90,56305300,11.6
2011-05-23,11.32,11.61,11.03,11.20,28348900,10.9
2011-05-20,10.85,11.47,10.80,11.42,22650100,11.1
2011-05-19,10.79,11.06,10.76,10.93,14833400,10.6
2011-05-18,10.65,10.90,10.55,10.74,12719100,10.5
2011-05-17,11.28,11.29,10.66,10.67,22993800,10.4
2011-05-16,11.35,11.49,11.24,11.29,15561700,11.0
2011-05-13,11.40,11.49,11.05,11.44,23855000,11.1
2011-05-12,11.03,11.65,11.02,11.26,47168100,11.0
2011-05-11,10.91,11.25,10.75,11.17,24543800,10.9
2011-05-10,11.01,11.07,10.78,10.91,14230200,10.6
2011-05-09,10.81,11.01,10.75,11.01,16321000,10.7
2011-05-06,10.65,10.95,10.57,10.80,17104100,10.5
2011-05-05,10.40,10.78,10.36,10.75,14929300,10.5
2011-05-04,10.62,10.68,10.31,10.47,9623400,10.2
2011-05-03,10.29,10.80,10.16,10.73,15121400,10.4
2011-04-29,9.98,10.33,9.92,10.33,10313900,10.1
2011-04-27,10.43,10.56,10.08,10.15,11305000,9.9
2011-04-26,10.83,10.85,10.34,10.39,10202900,10.1
2011-04-25,10.85,11.02,10.77,10.90,14486100,10.6
2011-04-22,11.04,11.24,10.75,10.80,10953400,10.5
2011-04-21,10.96,11.13,10.80,11.04,11733400,10.7
2011-04-20,10.87,11.30,10.87,10.97,20020500,10.7
2011-04-19,10.72,10.86,10.51,10.75,12144400,10.5
2011-04-18,10.83,11.09,10.70,10.72,14720600,10.4
2011-04-15,10.52,10.99,10.48,10.89,21956800,10.6
2011-04-14,10.30,10.67,10.30,10.59,16951100,10.3
2011-04-13,10.27,10.38,10.13,10.31,5767200,10.0
2011-04-12,9.90,10.35,9.89,10.27,11874500,10.0
2011-04-11,10.46,10.46,9.92,9.92,16621800,9.7
2011-04-06,10.17,10.30,10.12,10.26,7785600,10.0
2011-04-01,10.11,10.30,10.11,10.20,7281300,9.9
2011-03-31,10.46,10.54,10.10,10.10,10813800,9.8
2011-03-30,10.60,10.68,10.12,10.55,20623400,10.3
2011-03-29,10.95,11.06,10.63,10.68,10866700,10.4
2011-03-28,11.02,11.34,10.89,10.98,18191200,10.7
2011-03-25,10.60,11.12,10.53,11.01,22213800,10.7
2011-03-24,10.53,10.78,10.50,10.57,9029600,10.3
2011-03-23,10.43,10.59,10.35,10.55,6327600,10.3
2011-03-22,10.31,10.54,10.22,10.44,8880500,10.2
2011-03-21,10.32,10.45,10.12,10.28,8025700,10.0
2011-03-18,10.45,10.58,10.35,10.38,5226100,10.1
2011-03-17,10.60,10.64,10.26,10.36,9176500,10.1
2011-03-16,10.39,10.74,10.32,10.74,12544200,10.5
2011-03-15,10.65,10.78,10.19,10.41,19230800,10.1
2011-03-11,10.57,10.90,10.40,10.60,19124400,10.3
2011-03-10,10.80,10.92,10.69,10.70,13194200,10.4
2011-03-09,10.71,10.98,10.55,10.84,16455700,10.6
2011-03-08,10.70,10.86,10.51,10.71,16924500,10.4
2011-03-07,10.50,11.04,10.50,10.70,40440400,10.4
2011-03-04,10.00,10.47,9.96,10.32,29681300,10.0
2011-03-03,9.68,10.23,9.65,9.91,28614500,9.6
2011-03-02,9.68,9.74,9.55,9.70,7727400,9.4
2011-03-01,9.54,9.80,9.50,9.77,15377100,9.5
2011-02-28,9.38,9.56,9.33,9.54,6822100,9.3
2011-02-25,9.35,9.46,9.23,9.40,5852100,9.1
2011-02-24,9.23,9.42,9.21,9.37,5819400,9.1
2011-02-23,9.19,9.38,9.15,9.26,6506200,9.0
2011-02-22,9.60,9.61,9.19,9.19,9200900,8.9
2011-02-21,9.23,9.61,9.21,9.59,10389900,9.3
2011-02-18,9.50,9.50,9.30,9.32,5414600,9.1
2011-02-17,9.33,9.55,9.32,9.50,11465000,9.2
2011-02-16,9.15,9.32,9.13,9.32,6378000,9.1
2011-02-15,9.26,9.41,9.17,9.17,8730100,8.9
2011-02-14,9.05,9.31,9.04,9.24,8954000,9.0
2011-02-11,9.05,9.09,8.98,9.06,5151800,8.8
2011-02-10,8.76,9.09,8.75,9.07,7885500,8.8
2011-02-09,8.79,8.90,8.70,8.81,4123200,8.6
2011-02-01,8.90,8.92,8.76,8.79,4830300,8.5
2011-01-31,8.80,8.93,8.77,8.92,5113700,8.7
2011-01-28,8.75,8.90,8.69,8.83,3930000,8.6
2011-01-27,8.63,8.78,8.56,8.75,4295700,8.5
2011-01-26,8.54,8.69,8.54,8.67,4298600,8.4
2011-01-25,8.47,8.58,8.39,8.52,3481800,8.3
2011-01-24,8.54,8.66,8.39,8.42,5148800,8.2
2011-01-21,8.50,8.70,8.48,8.64,2508000,8.4
2011-01-20,8.76,8.81,8.50,8.50,3765800,8.3
2011-01-19,8.65,8.77,8.60,8.76,3061700,8.5
2011-01-18,8.50,8.76,8.45,8.62,3093700,8.4
2011-01-17,8.81,8.88,8.48,8.48,5700800,8.2
2011-01-14,9.12,9.14,8.82,8.91,6113700,8.7
2011-01-13,9.05,9.19,9.01,9.12,8389000,8.9
2011-01-12,8.97,9.06,8.89,9.04,8670900,8.8
2011-01-11,9.00,9.03,8.81,8.97,5278300,8.7
2011-01-10,9.31,9.31,9.02,9.05,5995700,8.8
2011-01-07,9.33,9.46,9.28,9.36,6091200,9.1
2011-01-06,9.40,9.43,9.32,9.34,3396800,9.1
2011-01-05,9.39,9.53,9.32,9.40,5675100,9.1
2011-01-04,9.32,9.39,9.22,9.39,7165400,9.1
