Date,Open,High,Low,Close,Volume,Adj Clos
2005-12-30,8.56,8.62,8.38,8.40,1654600,7.9
2005-12-29,8.49,8.65,8.46,8.56,3288400,8.1
2005-12-28,8.29,8.54,8.29,8.47,1808500,8.0
2005-12-27,8.44,8.45,8.29,8.32,1185400,7.8
2005-12-26,8.45,8.48,8.33,8.42,1702200,7.9
2005-12-23,8.30,8.45,8.25,8.41,1444200,7.9
2005-12-22,8.16,8.36,8.11,8.31,1309700,7.8
2005-12-21,8.39,8.45,8.19,8.19,1592900,7.7
2005-12-20,8.45,8.57,8.36,8.45,1484100,8.0
2005-12-19,8.50,8.50,8.37,8.39,1444500,7.9
2005-12-16,8.26,8.48,8.23,8.45,2025000,8.0
2005-12-15,8.28,8.50,8.20,8.30,2700400,7.8
2005-12-14,8.10,8.30,7.97,8.26,1597100,7.8
2005-12-13,8.18,8.24,7.98,8.11,1242300,7.6
2005-12-12,8.30,8.34,8.20,8.22,1093900,7.7
2005-12-09,8.14,8.28,8.03,8.24,1381200,7.8
2005-12-08,8.06,8.16,7.91,8.10,1182800,7.6
2005-12-07,8.14,8.26,7.85,8.03,1759000,7.6
2005-12-06,8.15,8.28,8.09,8.13,1714800,7.7
2005-12-05,8.47,8.51,8.15,8.16,2275600,7.7
2005-12-02,8.40,8.67,8.18,8.60,3714300,8.1
2005-12-01,8.68,8.68,8.36,8.41,2753400,7.9
2005-11-30,8.41,8.86,8.36,8.75,4961700,8.2
2005-11-29,8.45,8.58,8.36,8.38,2811100,7.9
2005-11-28,8.38,8.43,8.17,8.35,1418400,7.9
2005-11-25,8.33,8.55,8.32,8.40,1760000,7.9
2005-11-24,8.45,8.66,8.33,8.44,2706700,8.0
2005-11-23,8.10,8.63,8.08,8.43,4388200,7.9
2005-11-22,8.22,8.44,8.13,8.15,2601400,7.7
2005-11-21,8.19,8.47,8.11,8.28,3866000,7.8
2005-11-18,7.64,8.38,7.64,8.20,6085200,7.7
2005-11-17,7.69,7.78,7.57,7.62,1572700,7.2
2005-11-16,7.70,7.77,7.40,7.77,2929100,7.3
2005-11-15,8.25,8.34,7.64,7.70,3686500,7.3
2005-11-14,8.50,8.50,8.17,8.30,2335000,7.8
2005-11-11,8.48,8.67,8.27,8.52,3861700,8.0
2005-11-10,8.65,8.86,8.48,8.59,9589000,8.1
2005-11-09,7.64,8.47,7.61,8.47,7890200,8.0
2005-11-08,7.70,7.73,7.51,7.70,2209100,7.3
2005-11-07,7.37,7.94,7.36,7.83,4499700,7.4
2005-11-04,10.22,10.22,10.22,10.22,000,9.6
2005-11-03,10.22,10.22,10.22,10.22,000,9.6
2005-11-02,10.22,10.22,10.22,10.22,000,9.6
2005-11-01,10.22,10.22,10.22,10.22,000,9.6
2005-10-31,10.22,10.22,10.22,10.22,000,9.6
2005-10-28,10.22,10.22,10.22,10.22,000,9.6
2005-10-27,10.22,10.22,10.22,10.22,000,9.6
2005-10-26,10.22,10.22,10.22,10.22,000,9.6
2005-10-25,10.22,10.22,10.22,10.22,000,9.6
2005-10-24,10.22,10.22,10.22,10.22,000,9.6
2005-10-21,10.22,10.22,10.22,10.22,000,9.6
2005-10-20,10.22,10.22,10.22,10.22,000,9.6
2005-10-19,10.22,10.22,10.22,10.22,000,9.6
2005-10-18,10.22,10.22,10.22,10.22,000,9.6
2005-10-17,10.22,10.22,10.22,10.22,000,9.6
2005-10-14,10.15,10.49,10.12,10.22,1749000,9.6
2005-10-13,10.24,10.28,10.09,10.16,852600,9.6
2005-10-12,9.86,10.39,9.85,10.30,1282000,9.7
2005-10-11,9.73,9.96,9.60,9.95,820600,9.4
2005-10-10,10.35,10.35,9.68,9.68,924300,9.1
2005-10-07,10.31,10.31,10.31,10.31,000,9.7
2005-10-06,10.31,10.31,10.31,10.31,000,9.7
2005-10-05,10.31,10.31,10.31,10.31,000,9.7
2005-10-04,10.31,10.31,10.31,10.31,000,9.7
2005-10-03,10.31,10.31,10.31,10.31,000,9.7
2005-09-30,10.26,10.45,10.26,10.31,653800,9.7
2005-09-29,10.35,10.42,10.15,10.22,1197000,9.6
2005-09-28,10.80,10.80,10.80,10.80,000,10.2
2005-09-27,10.80,10.80,10.80,10.80,000,10.2
2005-09-26,10.80,10.80,10.80,10.80,000,10.2
2005-09-23,10.80,10.80,10.80,10.80,000,10.2
2005-09-22,10.80,10.80,10.80,10.80,000,10.2
2005-09-21,10.80,10.80,10.80,10.80,000,10.2
2005-09-20,10.80,10.80,10.80,10.80,000,10.2
2005-09-19,10.80,10.80,10.80,10.80,000,10.2
2005-09-16,11.13,11.18,10.71,10.80,2650100,10.2
2005-09-15,11.22,11.26,11.12,11.18,1097000,10.5
2005-09-14,11.21,11.35,11.05,11.26,1839600,10.6
2005-09-13,11.45,11.45,11.05,11.28,2179400,10.6
2005-09-12,11.56,11.56,11.56,11.56,000,10.9
2005-09-09,11.52,11.78,11.41,11.56,1788000,10.9
2005-09-08,11.84,11.85,11.30,11.55,1966900,10.9
2005-09-07,11.48,11.97,10.92,11.95,3803700,11.3
2005-09-06,11.93,11.93,11.51,11.52,1320100,10.9
2005-09-05,12.10,12.15,11.78,11.92,887500,11.3
2005-09-02,11.78,12.15,11.77,11.96,1728000,11.3
2005-09-01,11.68,11.78,11.53,11.78,1017000,11.1
2005-08-31,11.36,11.72,11.36,11.64,820100,11.0
2005-08-30,11.53,11.69,11.30,11.32,845900,10.7
2005-08-29,12.05,12.09,11.50,11.53,1205200,10.9
2005-08-26,11.87,12.20,11.75,11.97,2039700,11.3
2005-08-25,11.50,11.88,11.40,11.80,1318900,11.1
2005-08-24,11.38,11.77,11.38,11.57,946700,10.9
2005-08-23,11.50,11.66,11.26,11.38,903800,10.7
2005-08-22,11.32,11.79,11.32,11.67,1084600,11.0
2005-08-19,11.55,11.79,11.25,11.53,1985800,10.9
2005-08-18,12.30,12.34,11.63,11.66,2591500,11.0
2005-08-17,12.02,12.58,11.80,12.35,2676400,11.7
2005-08-16,12.37,12.55,12.00,12.07,2061800,11.4
2005-08-15,11.65,12.50,11.57,12.44,3128300,11.7
2005-08-12,12.23,12.40,11.62,11.71,3019600,11.1
2005-08-11,12.55,12.70,11.90,12.23,4173300,11.5
2005-08-10,12.58,12.78,12.44,12.71,2213900,12.0
2005-08-09,12.40,12.73,12.28,12.63,2300800,11.9
2005-08-08,12.42,12.85,12.28,12.41,4790600,11.7
2005-08-05,11.59,12.39,11.54,12.15,4288300,11.5
2005-08-04,11.32,12.00,11.01,11.55,3365400,10.9
2005-08-03,11.56,11.65,11.43,11.48,2904300,10.8
2005-08-02,11.55,11.70,11.26,11.55,3689700,10.9
2005-08-01,10.65,11.70,10.65,11.51,5749000,10.9
2005-07-29,10.78,10.85,10.48,10.68,1420300,10.1
2005-07-28,10.78,10.96,10.58,10.77,3081700,10.2
2005-07-27,10.38,10.73,10.30,10.69,2496300,10.1
2005-07-26,10.15,10.67,10.00,10.30,2984400,9.7
2005-07-25,10.87,10.96,10.31,10.38,3172000,9.8
2005-07-22,10.70,11.27,10.51,11.00,5361800,10.4
2005-07-21,10.78,10.78,10.41,10.57,1697100,10.0
2005-07-20,10.65,10.98,10.41,10.77,2469300,10.2
2005-07-19,10.60,10.70,10.41,10.59,1465100,10.0
2005-07-18,10.35,10.65,10.34,10.62,1949600,10.0
2005-07-15,10.77,10.87,10.31,10.43,2664000,9.8
2005-07-14,10.76,10.95,10.57,10.77,2495500,10.2
2005-07-13,10.93,11.14,10.75,10.79,4634000,10.2
2005-07-12,9.90,10.93,9.76,10.93,5802100,10.3
2005-07-11,9.85,10.40,9.85,9.94,3280200,9.4
2005-07-08,9.95,10.10,9.56,9.64,1640000,9.1
2005-07-07,10.10,10.24,9.80,10.07,1789300,9.5
2005-07-06,10.20,10.50,9.98,10.14,2063300,9.6
2005-07-05,10.14,10.53,9.95,10.25,2609100,9.7
2005-07-04,9.80,10.24,9.71,10.22,1958500,9.6
2005-07-01,10.41,10.55,9.92,9.98,2799200,9.4
2005-06-30,10.33,10.80,10.23,10.47,3280700,9.9
2005-06-29,10.51,10.85,10.35,10.37,2652400,9.8
2005-06-28,10.80,10.96,10.53,10.56,3639800,10.0
2005-06-27,10.48,11.28,10.48,11.06,5993700,10.4
2005-06-24,10.05,10.35,9.82,10.28,3587400,9.7
2005-06-23,10.33,10.76,9.93,10.18,5347000,9.6
2005-06-22,10.35,11.09,10.01,10.42,7159500,9.8
2005-06-21,9.92,10.68,9.73,10.63,8877700,10.0
2005-06-20,8.76,9.71,8.28,9.71,6908000,9.2
2005-06-17,9.22,9.25,8.81,8.83,2961500,8.3
2005-06-16,9.05,9.29,8.63,9.20,4865300,8.7
2005-06-15,9.15,9.36,8.85,9.18,4158200,8.7
2005-06-14,9.45,10.05,9.06,9.19,6278400,8.7
2005-06-13,9.25,10.20,9.00,9.60,6638600,9.1
2005-06-10,9.08,9.80,8.81,9.38,8483300,8.8
2005-06-09,8.10,8.91,8.00,8.91,6736700,8.4
2005-06-08,7.20,8.10,7.20,8.10,8311900,7.6
2005-06-07,6.79,7.50,6.76,7.36,9888500,6.9
2005-06-06,6.41,7.16,6.30,7.00,12611400,6.6
