Date,Open,High,Low,Close,Volume,Adj Clos
2003-12-31,8.86,8.88,8.75,8.80,267800,8.1
2003-12-30,8.73,8.91,8.69,8.83,355400,8.2
2003-12-29,8.90,8.90,8.72,8.76,542700,8.1
2003-12-26,9.15,9.15,8.98,8.98,417800,8.3
2003-12-25,9.00,9.16,8.85,9.15,1011200,8.4
2003-12-24,9.08,9.10,8.98,9.00,1052900,8.3
2003-12-23,9.06,9.16,8.87,9.10,1443500,8.4
2003-12-22,8.35,9.05,8.35,9.04,1805300,8.3
2003-12-19,8.68,8.75,8.25,8.35,1247400,7.7
2003-12-18,8.50,8.68,8.47,8.56,1583700,7.9
2003-12-17,8.45,8.64,8.38,8.47,1278100,7.8
2003-12-16,8.69,8.75,8.36,8.45,1549600,7.8
2003-12-15,8.91,8.91,8.73,8.75,1227400,8.1
2003-12-12,8.91,9.06,8.90,8.90,1040800,8.2
2003-12-11,9.01,9.20,8.90,8.91,1174500,8.2
2003-12-10,8.98,9.12,8.88,9.04,1022100,8.3
2003-12-09,9.05,9.08,8.80,8.99,1341000,8.3
2003-12-08,8.60,9.38,8.48,9.10,3116700,8.4
2003-12-05,8.69,8.72,8.35,8.55,1101800,7.9
2003-12-04,8.75,8.80,8.60,8.71,1492900,8.0
2003-12-03,8.53,8.86,8.48,8.73,1362300,8.1
2003-12-02,8.30,8.88,8.29,8.54,1299400,7.9
2003-12-01,8.19,8.35,8.19,8.30,523200,7.7
2003-11-28,8.07,8.27,8.07,8.19,432600,7.6
2003-11-27,8.50,8.50,8.08,8.13,980500,7.5
2003-11-26,8.73,8.76,8.61,8.70,340800,8.0
2003-11-25,8.51,8.92,8.50,8.76,1069700,8.1
2003-11-24,8.33,8.56,8.31,8.51,240700,7.9
2003-11-21,8.51,8.56,8.32,8.33,399600,7.7
2003-11-20,8.22,8.55,8.20,8.50,333500,7.8
2003-11-19,8.06,8.26,8.06,8.22,107600,7.6
2003-11-18,8.07,8.20,8.02,8.10,63800,7.5
2003-11-17,8.05,8.20,8.04,8.19,134000,7.6
2003-11-14,8.01,8.28,8.00,8.13,99400,7.5
2003-11-13,7.80,8.10,7.80,8.01,92600,7.4
2003-11-12,8.15,8.17,8.00,8.00,207000,7.4
2003-11-11,8.21,8.34,8.18,8.27,137200,7.6
2003-11-10,8.28,8.35,8.18,8.25,114500,7.6
2003-11-07,8.45,8.58,8.00,8.43,367200,7.8
2003-11-06,8.71,8.71,8.45,8.55,257700,7.9
2003-11-05,8.73,8.79,8.60,8.71,296900,8.0
2003-11-04,8.40,8.77,8.40,8.69,426300,8.0
2003-11-03,8.33,8.55,8.32,8.46,120600,7.8
2003-10-31,8.33,8.60,8.30,8.40,120400,7.8
2003-10-30,8.35,8.48,8.28,8.31,181700,7.7
2003-10-29,8.69,8.70,8.30,8.39,287400,7.7
2003-10-28,8.56,8.70,8.38,8.70,391800,8.0
2003-10-27,8.26,8.65,8.26,8.59,447800,7.9
2003-10-24,8.40,8.43,8.23,8.32,221600,7.7
2003-10-23,8.60,8.60,8.42,8.43,341400,7.8
2003-10-22,8.48,8.65,8.34,8.53,583300,7.9
2003-10-21,8.41,8.47,8.30,8.43,359500,7.8
2003-10-20,8.23,8.41,8.19,8.40,470300,7.8
2003-10-17,8.19,8.25,8.12,8.20,176500,7.6
2003-10-16,8.10,8.24,8.08,8.19,415900,7.6
2003-10-15,7.99,8.17,7.99,8.04,114300,7.4
2003-10-14,7.82,8.09,7.82,7.99,59200,7.4
2003-10-13,8.08,8.15,8.01,8.07,146800,7.4
2003-10-10,7.81,8.10,7.81,8.05,127700,7.4
2003-10-09,7.92,7.97,7.75,7.89,24500,7.3
2003-10-08,7.70,7.98,7.70,7.91,40900,7.3
2003-10-07,7.90,7.90,7.90,7.90,000,7.3
2003-10-06,7.90,7.90,7.90,7.90,000,7.3
2003-10-03,7.90,7.90,7.90,7.90,000,7.3
2003-10-02,7.90,7.90,7.90,7.90,000,7.3
2003-10-01,7.90,7.90,7.90,7.90,000,7.3
2003-09-30,7.81,7.91,7.81,7.90,43900,7.3
2003-09-29,8.00,8.00,7.81,7.81,78100,7.2
2003-09-26,7.96,8.10,7.96,7.99,62500,7.4
2003-09-25,8.28,8.28,8.01,8.08,93500,7.5
2003-09-24,8.48,8.48,8.11,8.30,241700,7.7
2003-09-23,7.97,8.07,7.97,8.07,69500,7.4
2003-09-22,8.08,8.10,7.98,7.99,47300,7.4
2003-09-19,8.03,8.03,7.96,8.02,58900,7.4
2003-09-18,8.00,8.08,7.92,7.97,122500,7.4
2003-09-17,8.23,8.23,8.00,8.05,84500,7.4
2003-09-16,8.19,8.25,8.13,8.25,129500,7.6
2003-09-15,8.36,8.38,8.16,8.19,132900,7.6
2003-09-12,8.49,8.50,8.38,8.38,111000,7.7
2003-09-11,8.45,8.60,8.45,8.52,54800,7.9
2003-09-10,8.55,8.55,8.55,8.55,000,7.9
2003-09-09,8.68,8.68,8.51,8.55,71800,7.9
2003-09-08,8.60,8.68,8.50,8.60,76500,7.9
2003-09-05,8.78,8.81,8.58,8.60,167800,7.9
2003-09-04,8.80,8.88,8.76,8.84,77300,8.2
2003-09-03,8.82,8.88,8.75,8.80,104300,8.1
2003-09-02,8.74,8.93,8.68,8.82,263400,8.1
2003-09-01,8.60,8.75,8.52,8.74,150500,8.1
2003-08-29,8.60,8.69,8.50,8.58,109100,7.9
2003-08-28,8.85,8.85,8.58,8.61,134900,7.9
2003-08-27,8.80,8.90,8.73,8.83,61100,8.2
2003-08-26,8.75,8.85,8.72,8.76,73400,8.1
2003-08-25,8.95,9.18,8.75,8.86,233000,8.2
2003-08-22,8.75,8.95,8.71,8.90,149400,8.2
2003-08-21,8.83,8.84,8.70,8.74,114900,8.1
2003-08-20,8.89,8.93,8.73,8.80,115600,8.1
2003-08-19,8.86,8.90,8.72,8.89,206500,8.2
2003-08-18,9.08,9.20,8.70,8.86,388300,8.2
2003-08-15,9.26,9.26,9.26,9.26,000,8.6
2003-08-14,9.33,9.55,9.25,9.26,544100,8.6
2003-08-13,9.21,9.30,9.21,9.29,184000,8.6
2003-08-12,9.30,9.30,9.15,9.28,106000,8.6
2003-08-11,9.20,9.25,9.06,9.25,111300,8.5
2003-08-08,9.20,9.30,9.17,9.19,92500,8.5
2003-08-07,9.24,9.24,9.14,9.16,101100,8.5
2003-08-06,9.17,9.25,9.10,9.25,96100,8.5
2003-08-05,9.19,9.28,9.10,9.17,103500,8.5
2003-08-04,9.30,9.30,9.05,9.19,102600,8.5
2003-08-01,9.06,9.11,8.97,9.10,200100,8.4
2003-07-31,9.20,9.21,9.05,9.09,282000,8.4
2003-07-30,9.20,9.21,9.15,9.19,77600,8.5
2003-07-29,9.34,9.34,9.14,9.18,114100,8.5
2003-07-28,9.28,9.30,9.10,9.19,221600,8.5
2003-07-25,9.50,9.50,9.28,9.28,250200,8.6
2003-07-24,9.66,9.66,9.45,9.47,215200,8.7
2003-07-23,9.69,9.74,9.59,9.69,349800,8.9
2003-07-22,9.49,9.79,9.47,9.70,1363900,9.0
2003-07-21,9.28,9.46,9.05,9.45,435300,8.7
2003-07-18,9.31,9.44,9.25,9.34,369900,8.6
2003-07-17,9.46,9.46,9.22,9.31,170200,8.6
2003-07-16,9.52,9.53,9.30,9.32,91600,8.6
2003-07-15,9.45,9.53,9.35,9.39,108200,8.7
2003-07-14,9.30,9.54,9.30,9.49,194400,8.8
2003-07-11,9.40,9.45,9.35,9.45,297900,8.7
2003-07-10,9.15,9.43,9.14,9.40,283700,8.7
2003-07-09,9.42,9.46,9.28,9.29,302900,8.6
2003-07-08,9.10,9.38,9.10,9.37,229100,8.7
2003-07-07,9.35,9.35,9.15,9.16,139200,8.5
2003-07-04,9.36,9.40,9.27,9.34,271500,8.6
2003-07-03,9.45,9.65,9.35,9.36,565700,8.6
2003-07-02,9.29,9.44,9.22,9.42,524100,8.6
2003-07-01,9.18,9.35,9.14,9.27,203700,8.5
2003-06-30,9.32,9.33,9.12,9.16,154000,8.4
2003-06-27,9.43,9.70,9.28,9.42,793800,8.6
2003-06-26,9.13,9.30,9.08,9.28,240800,8.5
2003-06-25,9.17,9.17,9.06,9.10,256700,8.3
2003-06-24,9.05,9.14,9.04,9.13,103000,8.4
2003-06-23,9.18,9.18,9.03,9.07,114900,8.3
2003-06-20,9.23,9.25,9.18,9.18,148700,8.4
2003-06-19,9.45,9.45,9.22,9.22,157300,8.5
2003-06-18,9.40,9.50,9.40,9.41,86000,8.6
2003-06-17,9.50,9.57,9.45,9.45,79700,8.7
2003-06-16,9.46,9.57,9.45,9.52,132300,8.7
2003-06-13,9.43,9.51,9.40,9.43,199500,8.7
2003-06-12,9.50,9.59,9.43,9.48,153700,8.7
2003-06-11,9.37,9.60,9.37,9.55,132900,8.8
2003-06-10,9.33,9.45,9.30,9.38,96500,8.6
2003-06-09,9.49,9.50,9.30,9.30,167900,8.5
2003-06-06,9.60,9.70,9.40,9.42,205400,8.6
2003-06-05,9.70,9.82,9.60,9.60,143700,8.8
2003-06-04,9.70,9.80,9.60,9.70,335400,8.9
2003-06-03,9.90,9.98,9.70,9.71,316200,8.9
2003-06-02,10.00,10.10,9.86,9.94,239600,9.1
2003-05-30,10.18,10.18,10.02,10.05,427700,9.2
2003-05-29,9.90,10.26,9.88,10.18,609300,9.3
2003-05-28,9.85,10.08,9.72,9.92,508000,9.1
2003-05-27,9.98,10.10,9.65,9.83,512900,9.0
2003-05-26,10.10,10.23,9.95,10.05,1648200,9.2
2003-05-23,9.95,10.86,9.91,10.39,2961600,9.5
2003-05-22,9.69,9.89,9.51,9.87,406500,9.1
2003-05-21,9.71,9.80,9.55,9.66,306500,8.9
2003-05-20,9.48,9.70,9.35,9.70,663800,8.9
2003-05-19,9.16,9.56,9.07,9.55,677900,8.8
2003-05-16,9.26,9.26,8.98,9.15,448000,8.4
2003-05-15,8.82,9.30,8.66,9.21,533100,8.4
2003-05-14,8.90,8.90,8.60,8.83,495500,8.1
2003-05-13,9.45,9.45,8.67,8.67,732200,8.0
2003-05-12,9.63,9.63,9.63,9.63,000,8.8
2003-05-09,9.63,9.63,9.63,9.63,000,8.8
2003-05-08,9.63,9.63,9.63,9.63,000,8.8
2003-05-07,9.63,9.63,9.63,9.63,000,8.8
2003-05-06,9.63,9.63,9.63,9.63,000,8.8
2003-05-05,9.63,9.63,9.63,9.63,000,8.8
2003-05-02,9.63,9.63,9.63,9.63,000,8.8
2003-05-01,9.63,9.63,9.63,9.63,000,8.8
2003-04-30,9.71,9.85,9.60,9.63,252900,8.8
2003-04-29,10.05,10.05,9.65,9.67,319200,8.9
2003-04-28,9.89,10.04,9.61,10.02,388200,9.2
2003-04-25,10.08,10.08,9.80,9.88,308700,9.1
2003-04-24,10.21,10.21,9.98,10.08,411800,9.3
2003-04-23,10.36,10.38,10.15,10.22,338000,9.4
2003-04-22,10.49,10.55,10.37,10.40,171400,9.5
2003-04-21,10.70,10.70,10.35,10.49,441100,9.6
2003-04-18,10.76,10.84,10.60,10.65,510700,9.8
2003-04-17,10.73,10.92,10.60,10.76,551600,9.9
2003-04-16,11.08,11.12,10.68,10.73,1457900,9.9
2003-04-15,10.98,11.12,10.76,11.08,1763200,10.2
2003-04-14,10.33,10.90,10.33,10.75,1359000,9.9
2003-04-11,10.35,10.36,10.09,10.30,854400,9.5
2003-04-10,10.33,10.42,10.10,10.35,838200,9.5
2003-04-09,10.08,10.40,10.08,10.32,313200,9.5
2003-04-08,10.18,10.25,10.11,10.13,226100,9.3
2003-04-07,10.46,10.46,10.13,10.18,294200,9.3
2003-04-04,10.65,10.68,10.36,10.46,211300,9.6
2003-04-03,10.48,10.58,10.35,10.50,147400,9.6
2003-04-02,10.44,10.49,10.38,10.46,168600,9.6
2003-04-01,10.47,10.60,10.35,10.44,243600,9.6
2003-03-31,10.65,10.65,10.40,10.45,297400,9.6
2003-03-28,10.25,10.75,10.20,10.44,651800,9.6
2003-03-27,10.00,10.39,9.86,10.30,266700,9.5
2003-03-26,10.06,10.15,9.98,10.00,144900,9.2
2003-03-25,10.20,10.21,10.08,10.09,195800,9.3
2003-03-24,10.40,10.40,10.15,10.26,82500,9.4
2003-03-21,10.10,10.26,10.10,10.24,65400,9.4
2003-03-20,10.30,10.38,10.08,10.10,214300,9.3
2003-03-19,10.21,10.33,10.20,10.32,113600,9.5
2003-03-18,10.38,10.45,10.20,10.21,154600,9.4
2003-03-17,10.46,10.48,10.21,10.30,159400,9.5
2003-03-14,10.28,10.50,10.27,10.35,142200,9.5
2003-03-13,10.50,10.50,10.26,10.27,170500,9.4
2003-03-12,10.43,10.50,10.18,10.48,435700,9.6
2003-03-11,10.50,10.55,10.35,10.37,224400,9.5
2003-03-10,10.64,10.72,10.40,10.50,251900,9.6
2003-03-07,10.83,10.86,10.65,10.66,282700,9.8
2003-03-06,11.09,11.12,10.80,10.83,333700,9.9
2003-03-05,11.25,11.25,11.04,11.09,427500,10.2
2003-03-04,11.02,11.25,10.93,11.25,710000,10.3
2003-03-03,10.93,11.03,10.88,11.02,381700,10.1
2003-02-28,10.93,11.00,10.85,10.93,222600,10.0
2003-02-27,11.11,11.15,10.92,10.97,565200,10.1
2003-02-26,11.00,11.10,10.90,11.10,728100,10.2
2003-02-25,10.63,10.95,10.60,10.94,611900,10.0
2003-02-24,10.58,10.70,10.52,10.60,256500,9.7
2003-02-21,10.89,10.89,10.55,10.65,371000,9.8
2003-02-20,10.81,11.04,10.80,10.89,601800,10.0
2003-02-19,10.70,10.80,10.62,10.80,178400,9.9
2003-02-18,10.50,10.79,10.50,10.78,186000,9.9
2003-02-17,10.82,10.88,10.63,10.70,260900,9.8
2003-02-14,10.78,10.88,10.77,10.81,213300,9.9
2003-02-13,11.09,11.09,10.79,10.80,431800,9.9
2003-02-12,10.66,10.99,10.66,10.87,467800,10.0
2003-02-11,10.50,10.78,10.42,10.76,306400,9.9
2003-02-10,10.78,10.78,10.47,10.50,216300,9.6
2003-02-07,10.76,10.76,10.76,10.76,000,9.9
2003-02-06,10.76,10.76,10.76,10.76,000,9.9
2003-02-05,10.76,10.76,10.76,10.76,000,9.9
2003-02-04,10.76,10.76,10.76,10.76,000,9.9
2003-02-03,10.76,10.76,10.76,10.76,000,9.9
2003-01-31,10.76,10.76,10.76,10.76,000,9.9
2003-01-30,10.76,10.76,10.76,10.76,000,9.9
2003-01-29,10.70,10.87,10.66,10.76,524700,9.9
2003-01-28,10.72,10.74,10.58,10.66,357700,9.8
2003-01-27,10.80,10.80,10.60,10.67,364700,9.8
2003-01-24,10.42,10.60,10.36,10.60,313800,9.7
2003-01-23,10.40,10.78,10.40,10.42,337400,9.6
2003-01-22,10.41,10.54,10.30,10.39,348100,9.5
2003-01-21,10.68,10.93,10.42,10.42,450600,9.6
2003-01-20,10.64,10.65,10.43,10.64,435600,9.8
2003-01-17,10.89,10.93,10.68,10.70,589700,9.8
2003-01-16,10.77,10.98,10.60,10.88,627300,10.0
2003-01-15,10.64,11.30,10.63,10.78,1760100,9.9
2003-01-14,10.00,10.77,9.90,10.60,1100400,9.7
2003-01-13,9.91,10.15,9.90,9.99,301600,9.2
2003-01-10,10.17,10.28,9.98,10.00,660500,9.2
2003-01-09,9.98,10.33,9.83,10.21,892000,9.4
2003-01-08,9.59,9.85,9.45,9.85,306600,9.0
2003-01-07,9.70,9.85,9.30,9.63,270800,8.8
2003-01-06,9.43,9.65,9.37,9.65,208600,8.9
2003-01-03,9.40,9.52,9.25,9.44,369800,8.7
2003-01-02,10.00,10.07,9.50,9.53,445700,8.7
2003-01-01,10.07,10.07,10.07,10.07,000,9.2
