Date,Open,High,Low,Close,Volume,Adj Clos
2011-12-30,23.96,24.20,23.60,23.95,149600,23.9
2011-12-29,23.95,24.41,23.80,24.12,70300,24.1
2011-12-28,24.47,24.69,24.10,24.10,67100,24.1
2011-12-27,24.81,25.10,24.04,24.80,231600,24.8
2011-12-26,25.35,25.65,24.80,25.18,147400,25.1
2011-12-23,25.68,26.19,25.21,25.65,205200,25.6
2011-12-22,26.10,26.38,25.30,26.00,181400,26.0
2011-12-21,26.47,26.83,26.11,26.25,121700,26.2
2011-12-20,26.50,27.37,26.40,26.40,198300,26.4
2011-12-19,26.40,26.67,25.90,26.50,139700,26.5
2011-12-16,25.53,26.48,25.53,26.48,169100,26.4
2011-12-15,25.63,25.93,25.32,25.70,136500,25.7
2011-12-14,26.20,26.57,25.40,25.80,89500,25.8
2011-12-13,26.90,26.90,26.05,26.44,182100,26.4
2011-12-12,27.29,27.30,26.80,27.00,146400,27.0
2011-12-09,26.48,27.42,26.31,27.22,340000,27.2
2011-12-08,26.01,26.80,25.96,26.50,143400,26.5
2011-12-07,25.80,26.34,25.73,26.29,83100,26.2
2011-12-06,25.45,26.00,25.30,25.95,166300,25.9
2011-12-05,26.02,26.02,25.43,25.59,133400,25.5
2011-12-02,26.43,26.67,26.12,26.20,150000,26.2
2011-12-01,26.13,27.07,26.13,26.58,598300,26.5
2011-11-30,26.30,26.30,25.22,25.71,333200,25.7
2011-11-29,25.80,26.28,25.35,26.28,216300,26.2
2011-11-28,26.00,26.00,25.57,25.81,119600,25.8
2011-11-25,25.70,26.30,25.58,25.80,414600,25.8
2011-11-23,25.35,25.60,25.21,25.53,183500,25.5
2011-11-22,25.20,25.70,25.20,25.50,451500,25.5
2011-11-21,25.38,25.66,25.20,25.66,214300,25.6
2011-11-18,26.00,26.20,25.29,25.38,218300,25.3
2011-11-17,26.70,26.85,25.89,26.38,648800,26.3
2011-11-16,29.55,29.55,26.75,26.81,528900,26.8
2011-11-15,26.82,27.33,26.23,26.86,288300,26.8
2011-11-14,26.43,27.46,26.42,27.09,358500,27.0
2011-11-11,26.50,26.68,25.96,26.43,212500,26.4
2011-11-10,26.34,27.00,26.25,26.58,289900,26.5
2011-11-09,26.22,26.55,25.88,26.55,169600,26.5
2011-11-08,25.90,26.47,25.85,26.05,243000,26.0
2011-11-07,28.26,28.26,25.76,26.47,511300,26.4
2011-11-04,25.88,25.90,25.11,25.69,473800,25.6
2011-11-03,24.58,25.46,24.20,25.28,440700,25.2
2011-11-02,23.72,24.76,23.72,24.56,315100,24.5
2011-11-01,24.30,24.42,23.91,24.12,165400,24.1
2011-10-31,24.41,24.59,24.00,24.42,178200,24.4
2011-10-28,24.15,24.40,23.80,24.34,176400,24.3
2011-10-27,23.92,24.29,23.55,23.96,97200,23.9
2011-10-26,24.08,24.47,23.80,24.20,284600,24.2
2011-10-25,23.60,24.70,23.60,24.08,191200,24.0
2011-10-24,22.82,23.98,22.60,23.80,275500,23.8
2011-10-21,22.69,23.07,22.50,22.80,333200,22.8
2011-10-20,23.10,23.10,22.48,22.63,361900,22.6
2011-10-19,23.20,23.40,23.05,23.26,142600,23.2
2011-10-18,23.10,23.65,22.85,23.25,340600,23.2
2011-10-17,23.31,23.98,23.01,23.25,328800,23.2
2011-10-14,22.86,23.23,22.65,22.80,193500,22.8
2011-10-12,21.76,22.69,21.76,22.68,212000,22.6
2011-10-11,22.28,22.75,21.90,22.09,130700,22.0
2011-10-10,22.10,22.24,21.90,22.00,48900,22.0
2011-09-30,22.99,22.99,21.66,22.04,370800,22.0
2011-09-29,23.05,23.50,22.63,22.97,106000,22.9
2011-09-28,23.96,23.96,23.37,23.50,105100,23.5
2011-09-27,23.78,23.97,23.52,23.86,135900,23.8
2011-09-26,23.78,23.85,23.34,23.69,93600,23.6
2011-09-23,23.50,24.20,23.36,23.89,318900,23.8
2011-09-22,24.69,24.99,24.06,24.06,134500,24.0
2011-09-21,24.06,25.02,23.86,24.80,258100,24.8
2011-09-20,24.28,24.50,23.80,24.08,237100,24.0
2011-09-19,24.90,25.12,24.50,24.50,110800,24.5
2011-09-16,25.36,26.00,25.00,25.18,113900,25.1
2011-09-15,25.05,25.28,24.98,25.18,85500,25.1
2011-09-14,24.88,25.20,24.63,25.01,115900,25.0
2011-09-13,24.28,24.99,24.28,24.88,46000,24.8
2011-09-09,25.74,25.74,24.93,25.14,77000,25.1
2011-09-08,25.69,25.89,25.22,25.25,125800,25.2
2011-09-07,25.00,25.80,24.80,25.68,283600,25.6
2011-09-06,24.80,25.00,24.48,24.80,188600,24.8
2011-09-05,25.60,25.79,24.96,25.00,163500,25.0
2011-09-02,26.48,26.48,25.48,25.73,298000,25.7
2011-09-01,26.88,27.00,26.26,26.48,132700,26.4
2011-08-31,27.40,27.50,26.50,26.86,348700,26.8
2011-08-30,27.40,27.48,27.05,27.40,456300,27.4
2011-08-29,26.70,27.73,26.50,27.39,599000,27.3
2011-08-26,26.50,26.85,26.30,26.73,252400,26.7
2011-08-25,26.32,26.59,25.92,26.42,292300,26.4
2011-08-24,26.23,26.77,26.23,26.32,525800,26.3
2011-08-23,25.45,26.20,25.40,26.19,478400,26.1
2011-08-22,25.45,25.79,25.21,25.41,305900,25.4
2011-08-19,25.37,25.64,25.09,25.30,258900,25.3
2011-08-18,25.78,25.85,25.39,25.60,219700,25.6
2011-08-17,25.82,26.44,25.40,25.59,756000,25.5
2011-08-16,25.31,26.53,25.31,26.30,748700,26.3
2011-08-15,25.05,25.92,25.05,25.76,521500,25.7
2011-08-12,24.67,25.34,24.67,25.03,659800,25.0
2011-08-11,23.50,24.57,23.40,24.37,340900,24.3
2011-08-10,24.48,24.48,23.95,24.00,709300,24.0
2011-08-09,23.89,24.30,23.02,23.83,354100,23.8
2011-08-08,26.00,26.00,23.65,24.30,574500,24.3
2011-08-05,26.27,26.58,25.90,26.02,406800,26.0
2011-08-04,26.88,27.36,26.50,26.90,449200,26.9
2011-08-03,25.99,26.93,25.66,26.57,514600,26.5
2011-08-02,26.65,26.65,25.73,26.16,315500,26.1
2011-08-01,26.58,26.84,26.30,26.60,313700,26.6
2011-07-29,26.75,27.18,26.23,26.82,360600,26.8
2011-07-28,27.50,27.50,26.65,26.88,466700,26.8
2011-07-27,26.00,27.45,26.00,27.28,845000,27.2
2011-07-26,25.68,26.50,25.41,26.35,260700,26.3
2011-07-25,26.20,26.30,25.21,25.68,376000,25.6
2011-07-22,26.40,26.45,25.96,26.20,264900,26.2
2011-07-21,26.50,26.55,25.90,25.95,229900,25.9
2011-07-20,26.90,27.00,26.30,26.56,314900,26.5
2011-07-19,26.73,27.15,26.19,26.90,694000,26.9
2011-07-18,25.50,27.26,25.41,26.98,1658000,26.9
2011-07-15,25.09,26.73,25.01,25.98,1432600,25.9
2011-07-14,24.80,24.94,24.43,24.90,470900,24.9
2011-07-13,24.44,24.99,24.21,24.66,292400,24.6
2011-07-12,24.84,24.84,24.21,24.30,349700,24.3
2011-07-11,25.52,25.69,24.18,25.09,606700,25.0
2011-07-08,25.17,25.60,25.17,25.55,410100,25.5
2011-07-07,24.83,25.75,24.61,25.19,784600,25.1
2011-07-06,25.00,25.00,24.35,24.84,285200,24.8
2011-07-05,24.98,24.98,24.61,24.89,339000,24.8
2011-07-04,24.70,25.25,24.57,24.99,418300,24.9
2011-07-01,24.13,25.00,24.13,24.60,187600,24.6
2011-06-30,24.46,24.67,24.03,24.29,92000,24.2
2011-06-29,24.77,24.77,24.10,24.37,76500,24.3
2011-06-28,24.42,24.80,24.26,24.79,116900,24.7
2011-06-27,24.50,25.01,24.50,24.78,116100,24.7
2011-06-24,23.91,25.98,23.56,24.88,270500,24.8
2011-06-23,22.61,24.25,22.32,24.12,410100,24.1
2011-06-22,22.53,22.86,22.50,22.85,62000,22.8
2011-06-21,23.19,23.19,22.56,22.87,40400,22.8
2011-06-20,22.83,23.00,22.22,22.90,80400,22.9
2011-06-17,23.40,23.50,22.60,23.22,98600,23.2
2011-06-16,23.41,23.48,23.30,23.33,23600,23.3
2011-06-15,23.45,23.75,23.40,23.60,60500,23.6
2011-06-14,23.45,23.84,23.45,23.65,51200,23.6
2011-06-13,23.40,23.70,23.34,23.62,37100,23.6
2011-06-10,23.95,23.95,23.44,23.83,54900,23.8
2011-06-09,24.38,24.38,23.85,23.85,77500,23.8
2011-06-08,24.44,24.63,23.80,24.35,122900,24.3
2011-06-07,23.60,24.80,23.40,24.39,50000,24.3
2011-06-03,24.00,24.66,24.00,24.49,81300,24.4
2011-06-02,24.08,24.10,23.22,23.97,67400,23.9
2011-06-01,23.88,24.35,23.87,24.27,65300,24.2
2011-05-31,23.63,24.00,23.63,23.98,31100,23.9
2011-05-30,23.30,24.20,23.17,23.75,97700,23.7
2011-05-27,24.69,24.69,23.30,23.75,148100,23.7
2011-05-26,25.00,25.18,24.63,24.87,111000,24.8
2011-05-25,25.12,25.34,24.70,24.70,68300,24.7
2011-05-24,25.00,25.70,24.62,25.44,111800,25.4
2011-05-23,25.24,25.98,24.57,25.07,144300,25.0
2011-05-20,25.20,25.25,24.79,25.01,180000,25.0
2011-05-19,26.13,26.26,25.07,25.39,115900,25.3
2011-05-18,26.37,26.70,26.13,26.13,96800,26.1
2011-05-17,26.38,26.69,26.00,26.37,219600,26.3
2011-05-16,26.80,26.80,26.12,26.58,380500,26.3
2011-05-13,26.78,26.89,26.30,26.83,135300,26.6
2011-05-12,26.25,26.99,26.20,26.87,462700,26.6
2011-05-11,26.10,26.45,25.91,26.41,280300,26.2
2011-05-10,25.80,26.43,25.60,26.00,283200,25.8
2011-05-06,25.14,25.77,25.10,25.70,105500,25.5
2011-05-05,25.63,25.82,25.30,25.70,139500,25.5
2011-05-04,25.90,26.13,25.09,25.80,314500,25.6
2011-05-03,26.49,26.55,25.82,26.16,233900,25.9
2011-04-29,26.00,26.40,26.00,26.22,84600,26.0
2011-04-28,27.49,27.49,25.70,26.10,140200,25.9
2011-04-27,27.50,27.58,26.30,26.96,164900,26.7
2011-04-26,27.42,27.75,27.25,27.50,95300,27.2
2011-04-25,28.08,28.39,27.40,27.60,129200,27.3
2011-04-22,27.88,28.50,27.30,28.08,141100,27.8
2011-04-21,27.94,28.78,27.55,28.07,289700,27.8
2011-04-20,27.95,28.10,27.38,28.10,195300,27.8
2011-04-19,28.19,28.30,26.91,27.97,319400,27.7
2011-04-18,28.80,28.88,27.45,27.98,387000,27.7
2011-04-15,29.00,29.56,28.68,28.99,140200,28.7
2011-04-14,29.40,29.40,28.90,29.15,97400,28.9
2011-04-13,29.05,30.48,28.55,29.38,205200,29.1
2011-04-12,30.91,30.91,29.31,29.90,254200,29.6
2011-04-11,29.85,30.49,29.85,30.24,166900,30.0
2011-04-08,29.70,30.00,29.50,29.87,94700,29.6
2011-04-07,29.03,30.18,29.03,29.80,175000,29.5
2011-04-06,29.64,29.64,29.20,29.26,204800,29.0
2011-04-01,28.56,29.87,28.56,29.67,89000,29.4
2011-03-31,29.88,30.38,29.20,29.69,121100,29.4
2011-03-30,29.80,30.24,29.19,29.58,251600,29.3
2011-03-29,30.90,30.90,29.70,29.80,875300,29.5
2011-03-28,32.70,32.70,31.00,31.05,578200,30.8
2011-03-25,31.80,32.75,31.80,32.17,377800,31.9
2011-03-24,32.00,32.30,31.58,32.17,422500,31.9
2011-03-23,32.89,32.89,31.00,32.02,785400,31.7
2011-03-22,33.21,33.50,32.21,32.89,423500,32.6
2011-03-21,32.10,33.15,32.10,33.15,472000,32.9
2011-03-18,32.50,32.98,32.07,32.40,197500,32.1
2011-03-17,32.01,33.30,31.80,32.40,485300,32.1
2011-03-16,31.90,32.77,31.90,32.32,511600,32.0
2011-03-15,32.80,33.26,31.51,32.50,920600,32.2
2011-03-14,33.59,33.78,32.66,32.93,636800,32.6
2011-03-11,33.50,34.06,32.40,33.78,1112900,33.5
2011-03-10,33.15,34.77,33.15,33.60,927500,33.3
2011-03-09,32.89,33.45,32.39,33.45,687000,33.2
2011-03-08,32.90,33.01,32.20,32.99,1134600,32.7
2011-03-07,33.15,34.23,32.55,33.34,1332800,33.0
2011-03-04,30.67,33.50,30.60,32.91,1532500,32.6
2011-03-03,30.40,32.11,30.01,31.05,1351100,30.8
2011-03-02,30.55,30.81,29.89,30.40,917800,30.1
2011-03-01,30.73,31.69,30.50,30.84,1178800,30.6
2011-02-28,30.26,32.37,30.22,31.16,2106900,30.9
2011-02-25,29.80,30.58,29.31,30.26,1392400,30.0
2011-02-24,30.00,30.49,29.20,30.14,1518700,29.9
2011-02-23,28.23,30.77,28.23,30.00,2117100,29.7
2011-02-22,29.54,29.88,28.14,28.23,2065800,28.0
2011-02-21,27.88,29.59,27.88,29.59,2480200,29.3
2011-02-18,28.15,28.79,27.80,28.01,1805800,27.8
2011-02-17,29.50,29.77,27.99,28.90,3477700,28.6
2011-02-16,29.01,30.19,28.81,29.78,2962200,29.5
2011-02-15,28.95,29.94,28.45,29.17,3521600,28.9
2011-02-14,29.20,29.58,28.70,29.25,3107800,29.0
2011-02-11,29.88,31.20,29.11,29.50,5980700,29.2
2011-02-10,27.11,28.60,26.70,28.60,3398200,28.3
2011-02-09,24.70,26.20,24.05,26.00,5265700,25.8
2011-02-01,24.15,27.88,24.01,25.33,9699700,25.1
