Date,Open,High,Low,Close,Volume,Adj Clos
2007-12-31,12.81,12.81,12.81,12.81,000,12.8
2007-12-28,12.91,13.00,12.67,12.81,11188100,12.8
2007-12-27,12.87,13.07,12.79,12.83,15505900,12.8
2007-12-26,12.83,12.90,12.67,12.79,18760100,12.7
2007-12-25,12.36,12.84,12.18,12.80,18922600,12.8
2007-12-24,12.50,12.78,12.26,12.29,18532600,12.2
2007-12-21,12.22,12.50,12.17,12.38,18151100,12.3
2007-12-20,12.15,12.31,12.00,12.22,11971600,12.2
2007-12-19,11.82,12.21,11.82,11.95,11383100,11.9
2007-12-18,12.01,12.15,11.68,11.72,9198000,11.7
2007-12-17,11.88,12.38,11.85,12.09,20350900,12.0
2007-12-14,11.50,11.98,11.48,11.87,10718200,11.8
2007-12-13,11.87,12.09,11.50,11.56,11012800,11.5
2007-12-12,12.10,12.20,11.80,11.87,13312500,11.8
2007-12-11,11.78,12.19,11.61,12.00,18038900,12.0
2007-12-10,11.43,11.83,11.39,11.72,12147200,11.7
2007-12-07,11.39,11.75,11.23,11.64,10538500,11.6
2007-12-06,11.16,11.55,11.11,11.42,7604900,11.4
2007-12-05,11.06,11.25,10.88,11.16,5660800,11.1
2007-12-04,11.03,11.30,10.95,11.02,4062000,11.0
2007-12-03,10.82,11.18,10.81,10.98,3490600,10.9
2007-11-30,11.30,11.38,10.88,10.90,5641300,10.9
2007-11-29,11.26,11.39,11.05,11.30,5633300,11.3
2007-11-28,11.00,11.45,10.91,11.09,5892400,11.0
2007-11-27,11.00,11.16,10.71,10.89,4159300,10.8
2007-11-26,11.29,11.50,10.98,11.00,5199500,11.0
2007-11-23,10.91,11.30,10.88,11.24,4473100,11.2
2007-11-22,11.63,11.75,10.95,10.99,8226600,10.9
2007-11-21,12.09,12.28,11.75,11.76,12161800,11.7
2007-11-20,11.55,12.41,11.54,12.24,18036800,12.2
2007-11-19,11.21,11.80,11.19,11.67,7450000,11.6
2007-11-16,11.31,11.45,11.02,11.19,6863100,11.1
2007-11-15,11.64,11.91,11.47,11.50,7918800,11.5
2007-11-14,11.55,11.85,11.48,11.74,7524000,11.7
2007-11-13,11.55,11.79,11.28,11.47,8589100,11.4
2007-11-12,11.00,11.80,10.80,11.45,12823400,11.4
2007-11-09,10.80,11.58,10.52,11.11,11856100,11.1
2007-11-08,11.59,11.70,10.88,10.90,8034900,10.9
2007-11-07,12.00,12.25,11.36,11.70,8358300,11.7
2007-11-06,11.95,12.35,11.83,11.93,8678400,11.9
2007-11-05,11.38,12.48,11.20,12.09,13182900,12.0
2007-11-02,11.30,11.79,11.06,11.55,9411200,11.5
2007-11-01,12.10,12.28,11.51,11.55,14555800,11.5
2007-10-31,11.52,12.08,11.42,11.91,14702200,11.9
2007-10-30,11.23,11.55,11.01,11.40,8854200,11.4
2007-10-29,11.24,11.37,10.80,11.23,11766600,11.2
2007-10-26,11.03,11.38,10.40,11.24,19351600,11.2
2007-10-25,12.30,12.65,11.41,11.41,16055300,11.4
2007-10-24,13.15,13.18,12.45,12.68,8523100,12.6
2007-10-23,12.96,13.19,12.65,13.02,7089100,13.0
2007-10-22,13.25,13.26,12.37,12.80,11301600,12.8
2007-10-19,13.32,13.75,13.15,13.34,9865000,13.3
2007-10-18,13.98,14.00,13.17,13.19,13775300,13.1
2007-10-17,14.11,14.50,13.85,14.03,11307400,14.0
2007-10-16,13.98,14.35,13.52,14.14,14143900,14.1
2007-10-15,13.75,14.08,13.25,13.90,16661000,13.9
2007-10-12,14.48,14.74,13.10,13.74,25614100,13.7
2007-10-11,15.18,15.28,14.44,14.48,19418900,14.4
2007-10-10,15.88,16.10,14.99,15.16,25636900,15.1
2007-10-09,15.80,16.28,15.53,15.95,25528400,15.9
2007-10-08,15.65,16.27,15.41,15.89,25379000,15.8
2007-10-05,15.40,15.40,15.40,15.40,000,15.4
2007-10-04,15.40,15.40,15.40,15.40,000,15.4
2007-10-03,15.40,15.40,15.40,15.40,000,15.4
2007-10-02,15.40,15.40,15.40,15.40,000,15.4
2007-10-01,15.40,15.40,15.40,15.40,000,15.4
2007-09-28,15.45,15.85,15.35,15.40,23170800,15.4
2007-09-27,15.79,15.98,15.32,15.41,23611000,15.4
2007-09-26,15.59,15.98,14.94,15.84,49607600,15.8
2007-09-25,14.65,15.40,14.51,15.40,32982000,15.4
2007-09-24,14.53,15.18,14.45,14.65,19872500,14.6
2007-09-21,15.09,15.30,14.20,14.47,21206000,14.4
2007-09-20,14.88,15.60,14.81,15.19,29981500,15.1
2007-09-19,14.55,15.48,13.99,14.95,41673900,14.9
2007-09-18,14.50,14.95,14.09,14.47,19634500,14.4
2007-09-17,13.90,14.56,13.80,14.24,19850300,14.2
2007-09-14,13.88,14.48,13.63,14.10,16036000,14.1
2007-09-13,13.63,14.10,13.46,13.89,14826800,13.8
2007-09-12,13.50,13.95,13.00,13.61,18687500,13.6
2007-09-11,14.76,14.94,13.51,13.61,20215100,13.6
2007-09-10,14.11,14.92,14.00,14.78,19297200,14.7
2007-09-07,15.08,15.14,14.30,14.37,28391500,14.3
2007-09-06,15.70,15.70,15.18,15.23,18305600,15.2
2007-09-05,15.42,15.80,14.96,15.52,24915200,15.5
2007-09-04,15.60,16.29,15.00,15.45,47177200,15.4
2007-09-03,14.40,15.60,14.18,15.60,46725500,15.6
2007-08-31,14.35,14.55,13.92,14.18,19278500,14.1
2007-08-30,13.55,14.34,13.52,14.15,23774700,14.1
2007-08-29,13.35,13.81,12.98,13.55,16988400,13.5
2007-08-28,13.72,13.72,13.10,13.30,16419200,13.3
2007-08-27,14.20,14.50,13.55,13.72,18644200,13.7
2007-08-24,14.40,14.66,14.05,14.13,20610200,14.1
2007-08-23,13.70,14.59,13.67,14.35,31322100,14.3
2007-08-22,13.40,13.94,13.35,13.70,20179100,13.7
2007-08-21,13.58,13.99,13.38,13.70,22462800,13.7
2007-08-20,13.49,13.67,13.30,13.55,20367200,13.5
2007-08-17,13.15,13.55,13.00,13.22,15829500,13.2
2007-08-16,12.60,13.30,12.60,13.22,13332600,13.2
2007-08-15,13.39,13.58,12.63,12.99,12806500,12.9
2007-08-14,13.13,13.63,13.01,13.39,13953400,13.3
2007-08-13,13.10,13.10,13.10,13.10,000,13.1
2007-08-10,13.70,13.70,12.60,13.10,19732100,13.1
2007-08-09,13.55,13.82,13.38,13.68,14670500,13.6
2007-08-08,13.37,13.73,13.18,13.44,12886600,13.4
2007-08-07,13.80,13.83,13.31,13.36,18275200,13.3
2007-08-06,13.60,13.99,13.45,13.83,17540200,13.8
2007-08-03,13.88,13.88,13.22,13.57,17560500,13.5
2007-08-02,13.40,13.97,13.02,13.61,21889600,13.6
2007-08-01,14.91,15.08,13.55,13.55,31161200,13.5
2007-07-31,14.27,15.30,14.13,15.05,36806600,15.0
2007-07-30,14.10,14.66,13.99,14.43,31342700,14.4
2007-07-27,14.45,14.75,14.15,14.43,22238000,14.4
2007-07-26,14.30,14.77,13.87,14.58,27105500,14.5
2007-07-25,14.13,14.30,13.85,14.20,18852700,14.2
2007-07-24,13.91,14.83,13.90,14.13,38410800,14.1
2007-07-23,13.04,13.86,12.90,13.75,25874200,13.7
2007-07-20,12.65,13.15,12.20,12.90,18923900,12.9
2007-07-19,12.34,12.88,12.08,12.60,14302300,12.6
2007-07-18,12.66,12.70,12.24,12.42,10873200,12.4
2007-07-17,12.30,13.18,12.20,12.77,17351800,12.7
2007-07-16,12.57,12.90,12.00,12.40,11264200,12.4
2007-07-13,12.01,12.90,12.01,12.45,8764200,12.4
2007-07-12,13.30,13.39,12.84,12.93,10069300,12.9
2007-07-11,13.00,13.34,12.71,12.91,15337000,12.9
2007-07-10,12.79,13.10,12.14,13.08,23444400,13.0
2007-07-09,12.57,12.57,12.57,12.57,000,12.5
2007-07-06,11.80,12.60,11.68,12.57,18798600,12.5
2007-07-05,11.60,12.37,11.50,11.68,14174900,11.6
2007-07-04,12.35,12.55,11.71,11.80,11104600,11.8
2007-07-03,12.55,12.74,11.85,12.35,11339100,12.3
2007-07-02,12.12,12.67,11.98,12.52,18320000,12.5
2007-06-29,12.00,12.74,11.55,11.98,22302800,11.9
2007-06-28,14.11,14.13,12.74,12.74,25056100,12.7
2007-06-27,14.10,14.48,13.63,14.16,21106900,14.1
2007-06-26,13.30,14.41,12.88,14.38,25995700,14.3
2007-06-25,15.00,15.78,13.90,13.90,26235100,13.9
2007-06-22,17.25,17.25,15.44,15.44,26376700,15.4
2007-06-21,16.81,17.80,16.48,17.16,31461000,17.1
2007-06-20,17.84,18.25,16.40,16.70,46736900,16.7
2007-06-19,15.95,17.48,15.71,17.48,51451900,17.4
2007-06-18,16.00,16.38,15.65,15.89,26728500,15.8
2007-06-15,15.65,16.20,15.30,15.63,24350300,15.6
2007-06-14,15.64,16.50,15.13,15.82,44222200,15.8
2007-06-13,15.57,16.29,15.57,15.78,68707200,15.7
2007-06-12,14.22,15.27,12.77,15.11,60605900,15.1
2007-06-11,14.25,14.58,13.88,14.19,32708200,14.1
2007-06-08,14.00,14.65,13.86,14.17,39919300,14.1
2007-06-07,13.68,14.40,13.20,14.25,38681700,14.2
2007-06-06,13.55,14.20,13.20,13.68,34050000,13.6
2007-06-05,13.18,13.89,11.91,13.77,51407200,13.7
2007-06-04,14.40,14.79,13.23,13.23,43026100,13.2
2007-06-01,16.60,16.85,14.70,14.70,42091100,14.7
2007-05-31,16.70,17.50,16.33,16.33,48365400,16.3
2007-05-30,18.21,19.53,18.14,18.14,23228800,18.1
2007-05-29,20.47,20.68,19.60,20.15,24660000,20.1
2007-05-28,20.36,21.15,20.20,20.46,22865200,20.4
2007-05-25,20.30,20.77,19.90,20.29,18695800,20.2
2007-05-24,20.78,21.47,19.80,20.40,28018600,20.4
2007-05-23,19.73,20.73,19.73,20.65,22162800,20.6
2007-05-22,20.00,21.20,19.51,19.72,38199000,19.7
2007-05-21,16.80,19.32,16.68,19.32,36600900,19.3
2007-05-18,17.45,18.21,17.10,17.56,27886000,17.5
2007-05-17,16.45,17.90,16.25,17.37,31142900,17.3
2007-05-16,15.71,16.44,15.52,16.31,19193600,16.3
2007-05-15,16.65,16.99,15.40,15.58,22577500,15.5
2007-05-14,16.60,17.28,16.41,16.66,20420200,16.6
2007-05-11,17.15,17.28,16.45,16.83,21973600,16.8
2007-05-10,16.70,17.97,16.50,17.40,33698700,17.4
2007-05-09,16.89,16.89,16.89,16.89,000,16.8
2007-05-08,15.72,16.90,15.46,16.89,39107200,16.8
2007-05-07,15.36,15.36,15.36,15.36,000,15.3
2007-05-04,15.36,15.36,15.36,15.36,000,15.3
2007-05-03,15.36,15.36,15.36,15.36,000,15.3
2007-05-02,15.36,15.36,15.36,15.36,000,15.3
2007-05-01,15.36,15.36,15.36,15.36,000,15.3
2007-04-30,15.40,15.85,15.14,15.36,26095500,15.3
2007-04-27,16.11,16.28,15.52,15.74,15619400,15.7
2007-04-26,15.60,16.30,15.60,15.99,18431500,15.9
2007-04-25,15.86,15.86,15.06,15.54,23171200,15.5
2007-04-24,16.45,16.50,15.86,15.95,29067400,15.9
2007-04-23,16.03,16.98,16.03,16.34,27321300,16.3
2007-04-20,15.66,16.43,15.38,15.96,38756200,15.9
2007-04-19,15.02,16.45,14.80,15.38,66527400,15.3
2007-04-18,14.10,15.15,13.89,15.00,47116500,15.0
2007-04-17,13.90,14.50,13.58,14.37,34007700,14.3
2007-04-16,13.74,13.98,13.62,13.90,23254300,13.9
2007-04-13,14.00,14.29,13.71,13.74,26762200,13.7
2007-04-12,14.00,14.25,13.70,14.07,21077300,14.0
2007-04-11,13.98,14.20,13.50,14.00,28257600,14.0
2007-04-10,13.35,14.28,12.96,14.02,41898300,14.0
2007-04-09,13.88,13.88,13.18,13.31,24912500,13.3
2007-04-06,13.05,13.42,12.90,13.19,26858300,13.1
2007-04-05,13.10,13.27,12.80,13.19,20116300,13.1
2007-04-04,12.99,13.50,12.89,13.20,27439600,13.2
2007-04-03,12.97,13.09,12.71,13.01,22989500,13.0
2007-04-02,12.82,13.38,12.72,12.97,38812300,12.9
2007-03-30,12.05,13.17,11.80,12.90,57647200,12.9
2007-03-29,11.95,12.47,11.80,12.05,30855200,12.0
2007-03-28,12.38,12.39,11.50,11.96,29654900,11.9
2007-03-27,12.28,12.49,12.10,12.40,24949400,12.4
2007-03-26,11.99,12.37,11.91,12.26,30046000,12.2
2007-03-23,11.76,11.94,11.45,11.84,20418100,11.8
2007-03-22,11.93,12.27,11.71,11.83,41491500,11.8
2007-03-21,11.30,11.78,11.19,11.75,28655800,11.7
2007-03-20,11.18,11.31,11.06,11.27,14483100,11.2
2007-03-19,10.71,11.38,10.60,11.16,16858100,11.1
2007-03-16,11.70,11.84,11.00,11.19,22473300,11.1
2007-03-15,11.45,11.94,11.40,11.69,21784800,11.6
2007-03-14,11.46,11.95,10.95,11.59,31091700,11.5
2007-03-13,11.50,11.73,11.26,11.58,19117200,11.5
2007-03-12,11.45,11.56,11.10,11.50,18844500,11.5
2007-03-09,11.37,11.74,11.37,11.45,32285900,11.4
2007-03-08,11.07,11.35,10.90,11.28,20852600,11.2
2007-03-07,10.82,11.15,10.81,11.05,15907300,11.0
2007-03-06,10.80,10.90,10.47,10.78,11464300,10.7
2007-03-05,10.70,10.97,10.35,10.92,20172200,10.9
2007-03-02,10.51,10.97,10.51,10.69,15872000,10.6
2007-03-01,11.30,11.38,10.42,10.64,26109700,10.6
2007-02-28,11.01,11.57,10.70,11.45,31745500,11.4
2007-02-27,12.70,12.85,11.35,11.35,29135700,11.3
2007-02-26,12.05,12.70,11.95,12.61,19680000,12.6
2007-02-23,11.99,11.99,11.99,11.99,000,11.9
2007-02-22,11.99,11.99,11.99,11.99,000,11.9
2007-02-21,11.99,11.99,11.99,11.99,000,11.9
2007-02-20,11.99,11.99,11.99,11.99,000,11.9
2007-02-19,11.99,11.99,11.99,11.99,000,11.9
2007-02-16,12.12,12.48,11.88,11.99,20364900,11.9
2007-02-15,11.97,12.16,11.83,11.98,21604300,11.9
2007-02-14,11.39,12.30,11.29,11.93,26928300,11.9
2007-02-13,11.51,11.56,11.26,11.42,14617500,11.4
2007-02-12,11.13,11.63,11.13,11.45,18300700,11.4
2007-02-09,11.20,11.38,11.00,11.13,16647100,11.1
2007-02-08,11.38,11.62,11.11,11.23,29972200,11.2
2007-02-07,10.84,11.33,10.72,11.30,30251200,11.3
2007-02-06,10.41,10.78,10.41,10.69,13461500,10.6
2007-02-05,10.22,10.73,10.22,10.43,14602500,10.4
2007-02-02,10.96,11.19,10.28,10.37,25342400,10.3
2007-02-01,10.20,11.08,10.08,10.90,28198100,10.9
2007-01-31,11.35,11.44,10.25,10.30,30733900,10.3
2007-01-30,11.06,11.68,10.68,11.28,44031300,11.2
2007-01-29,10.45,11.29,10.42,11.06,43565100,11.0
2007-01-26,9.80,10.40,9.70,10.29,25146300,10.2
2007-01-25,10.65,10.65,9.91,9.98,30014300,9.9
2007-01-24,10.25,11.13,10.20,10.78,42610900,10.7
2007-01-23,10.55,10.56,9.91,10.20,31278800,10.2
2007-01-22,10.30,10.66,10.30,10.58,34597700,10.5
2007-01-19,10.18,10.55,10.05,10.26,36751700,10.2
2007-01-18,9.50,10.28,9.38,10.10,31854400,10.1
2007-01-17,9.96,10.10,9.39,9.56,29559400,9.5
2007-01-16,10.01,10.14,9.76,9.93,29949700,9.9
2007-01-15,9.89,9.95,9.60,9.89,29329800,9.8
2007-01-12,9.82,9.90,9.34,9.56,34239900,9.5
2007-01-11,9.40,10.20,9.35,9.86,56583200,9.8
2007-01-10,9.05,9.35,8.89,9.27,28740500,9.2
2007-01-09,8.94,9.25,8.92,9.08,18321000,9.0
2007-01-08,8.68,9.14,8.57,9.02,22494400,9.0
2007-01-05,8.47,8.73,8.39,8.69,14042300,8.6
2007-01-04,8.59,8.76,8.44,8.48,17361500,8.4
2007-01-03,8.50,8.50,8.50,8.50,000,8.5
2007-01-02,8.50,8.50,8.50,8.50,000,8.5
2007-01-01,8.50,8.50,8.50,8.50,000,8.5
