Date,Open,High,Low,Close,Volume,Adj Clos
2011-12-30,18.05,18.25,17.91,18.14,152700,18.1
2011-12-29,17.92,18.08,17.70,17.96,219400,17.9
2011-12-28,18.56,18.56,17.65,17.94,384000,17.9
2011-12-27,18.90,19.11,18.60,18.63,144500,18.6
2011-12-26,19.01,19.20,18.81,19.00,115000,19.0
2011-12-23,19.00,19.39,18.96,19.12,134500,19.1
2011-12-22,19.45,19.45,18.80,19.15,231900,19.1
2011-12-21,20.10,20.15,19.46,19.46,199900,19.4
2011-12-20,19.80,20.25,19.80,19.85,194900,19.8
2011-12-19,19.76,19.98,19.49,19.98,205700,19.9
2011-12-16,19.50,19.85,19.30,19.85,249700,19.8
2011-12-15,19.73,19.98,19.30,19.36,266500,19.3
2011-12-14,20.13,20.14,19.80,19.86,136700,19.8
2011-12-13,20.60,20.60,19.80,19.91,314100,19.9
2011-12-12,20.34,20.69,20.32,20.66,457800,20.6
2011-12-09,20.27,20.50,20.25,20.32,124500,20.3
2011-12-07,20.41,20.58,20.32,20.46,119100,20.4
2011-12-06,20.23,20.50,20.11,20.38,164600,20.3
2011-12-05,20.69,20.83,20.21,20.21,363500,20.2
2011-12-02,21.26,21.30,20.79,20.91,336600,20.9
2011-12-01,21.40,21.58,21.12,21.40,856000,21.4
2011-11-30,21.80,21.80,20.85,20.86,589200,20.8
2011-11-29,21.69,21.88,21.56,21.80,388400,21.8
2011-11-28,21.39,21.54,21.31,21.48,202200,21.4
2011-11-25,21.43,21.63,21.32,21.37,173200,21.3
2011-11-24,21.33,21.66,21.21,21.44,243700,21.4
2011-11-23,21.41,21.66,21.28,21.55,358900,21.5
2011-11-22,21.33,21.48,21.20,21.44,179700,21.4
2011-11-21,21.31,21.47,21.29,21.42,286700,21.4
2011-11-18,21.75,21.78,21.26,21.31,589000,21.3
2011-11-17,21.99,22.17,21.64,21.85,673200,21.8
2011-11-16,22.54,22.56,21.82,21.86,711100,21.8
2011-11-15,22.58,22.66,22.38,22.55,605500,22.5
2011-11-14,22.18,22.67,22.18,22.57,691300,22.5
2011-11-11,22.20,22.35,22.11,22.18,255300,22.1
2011-11-10,22.20,22.47,22.10,22.16,423800,22.1
2011-11-09,22.27,22.40,22.02,22.40,295900,22.4
2011-11-08,22.29,22.39,22.10,22.15,379700,22.1
2011-11-07,22.23,22.64,22.18,22.30,687200,22.3
2011-11-04,22.21,22.40,22.01,22.22,624300,22.2
2011-11-03,22.01,22.41,22.01,22.09,1168500,22.0
2011-11-02,21.40,21.95,21.23,21.93,1065000,21.9
2011-11-01,21.69,21.88,21.60,21.73,450100,21.7
2011-10-31,21.73,21.88,21.65,21.85,516800,21.8
2011-10-28,21.68,21.78,21.43,21.74,743600,21.7
2011-10-27,21.61,21.82,21.42,21.43,562100,21.4
2011-10-26,21.38,21.92,21.30,21.72,651200,21.7
2011-10-25,21.20,21.66,21.05,21.59,563200,21.5
2011-10-24,20.99,21.27,20.71,21.20,364600,21.2
2011-10-21,21.37,21.38,20.85,20.91,377400,20.9
2011-10-20,22.15,22.26,21.29,21.36,672900,21.3
2011-10-19,22.50,22.65,22.16,22.16,479800,22.1
2011-10-18,22.98,22.98,22.50,22.50,894200,22.5
2011-10-17,22.82,23.20,22.63,23.15,1315400,23.1
2011-10-14,23.25,23.26,22.72,22.80,935600,22.8
2011-10-13,23.19,23.62,23.00,23.28,932100,23.2
2011-10-12,22.65,23.20,22.63,23.20,1504100,23.2
2011-10-11,23.45,23.56,22.59,22.65,374900,22.6
2011-10-10,23.20,23.20,22.90,23.02,149400,23.0
2011-09-30,23.03,23.30,23.00,23.09,151100,23.0
2011-09-29,23.20,23.35,23.00,23.08,199500,23.0
2011-09-28,23.60,23.65,23.26,23.30,139700,23.3
2011-09-27,23.65,23.67,23.35,23.49,118100,23.4
2011-09-26,23.40,23.67,23.30,23.32,191100,23.3
2011-09-23,23.30,23.70,23.22,23.39,240800,23.3
2011-09-22,23.91,24.04,23.51,23.59,157200,23.5
2011-09-21,23.53,24.22,23.53,24.10,260300,24.1
2011-09-20,23.33,23.80,23.29,23.66,244600,23.6
2011-09-19,23.31,23.55,23.31,23.35,165100,23.3
2011-09-16,23.86,23.87,23.63,23.63,113500,23.6
2011-09-15,23.71,23.90,23.70,23.71,181100,23.7
2011-09-14,23.60,23.74,23.30,23.70,176200,23.7
2011-09-13,23.50,23.54,23.19,23.43,293300,23.4
2011-09-09,23.85,24.12,23.60,23.75,294000,23.7
2011-09-08,24.40,24.52,23.86,23.86,396800,23.8
2011-09-07,23.94,24.40,23.83,24.35,333400,24.3
2011-09-06,23.73,23.96,23.70,23.85,253200,23.8
2011-09-05,24.02,24.19,23.75,23.85,273000,23.8
2011-09-02,24.49,24.64,24.08,24.22,387700,24.2
2011-09-01,24.94,24.94,24.51,24.54,371500,24.5
2011-08-31,24.77,24.98,24.46,24.69,457800,24.6
2011-08-30,25.16,25.32,24.79,24.84,563500,24.8
2011-08-29,25.40,25.40,25.00,25.05,688500,25.0
2011-08-26,25.35,25.47,25.25,25.42,705800,25.4
2011-08-25,25.29,25.56,25.11,25.50,954000,25.5
2011-08-24,25.25,25.54,25.04,25.29,1288600,25.2
2011-08-23,24.50,25.20,24.40,25.19,1102200,25.1
2011-08-22,24.40,24.78,24.36,24.49,786100,24.4
2011-08-19,23.90,24.87,23.82,24.87,556300,24.8
2011-08-18,24.89,24.89,24.30,24.34,457300,24.3
2011-08-17,24.52,24.86,24.52,24.72,361500,24.7
2011-08-16,24.90,24.99,24.60,24.65,340500,24.6
2011-08-15,24.43,24.83,24.25,24.83,553300,24.8
2011-08-12,24.34,24.46,24.25,24.30,674200,24.3
2011-08-11,23.56,24.24,23.40,24.17,540900,24.1
2011-08-10,24.22,24.30,23.90,23.96,762200,23.9
2011-08-09,23.20,23.96,22.93,23.77,587900,23.7
2011-08-08,24.55,24.77,23.50,23.80,762800,23.8
2011-08-05,24.25,24.99,24.25,24.85,527300,24.8
2011-08-04,25.59,25.68,25.20,25.34,592600,25.3
2011-08-03,24.68,25.63,24.48,25.60,1327200,25.6
2011-08-02,25.13,25.13,24.58,24.88,521200,24.8
2011-08-01,24.95,25.40,24.84,25.14,594300,25.1
2011-07-29,25.07,25.28,24.80,24.97,524000,24.9
2011-07-28,24.51,25.20,24.22,25.14,653000,25.1
2011-07-27,24.10,24.73,24.01,24.68,335000,24.6
2011-07-26,24.18,24.43,24.18,24.27,243200,24.2
2011-07-25,25.13,25.13,24.21,24.22,726000,24.2
2011-07-22,25.08,25.38,25.00,25.15,494700,25.1
2011-07-21,25.33,25.39,25.01,25.02,373900,25.0
2011-07-20,25.25,25.37,24.91,25.22,396200,25.2
2011-07-19,25.44,25.47,25.01,25.14,774200,25.1
2011-07-18,25.85,25.90,25.60,25.61,632100,25.6
2011-07-15,25.55,25.95,25.55,25.74,1173300,25.7
2011-07-14,25.26,25.63,25.14,25.63,1056000,25.6
2011-07-13,24.70,25.32,24.61,25.26,916800,25.2
2011-07-12,24.84,25.00,24.65,24.70,548900,24.7
2011-07-11,24.61,25.12,24.43,25.06,882900,25.0
2011-07-08,24.91,24.98,24.40,24.61,976600,24.6
2011-07-07,24.67,25.40,24.62,24.92,1374200,24.9
2011-07-06,24.55,24.79,24.38,24.78,457500,24.7
2011-07-05,24.68,24.75,24.51,24.69,424400,24.6
2011-07-04,24.16,24.70,24.16,24.66,655300,24.6
2011-07-01,24.13,24.30,24.08,24.16,291900,24.1
2011-06-30,23.91,24.15,23.82,24.08,241800,24.0
2011-06-29,24.05,24.24,23.79,23.79,323600,23.7
2011-06-28,24.16,24.33,23.95,24.16,341600,24.1
2011-06-27,24.25,24.42,24.13,24.33,562600,24.3
2011-06-24,23.70,24.40,23.60,24.22,919200,24.2
2011-06-23,23.30,23.96,23.15,23.79,606200,23.7
2011-06-22,23.50,23.56,23.29,23.36,226100,23.3
2011-06-21,23.00,23.47,22.80,23.46,461100,23.4
2011-06-20,22.79,23.01,22.60,22.81,178700,22.8
2011-06-17,23.01,23.09,22.84,22.84,148900,22.8
2011-06-16,22.98,23.12,22.94,23.01,212500,23.0
2011-06-15,23.35,23.51,23.17,23.17,223700,23.1
2011-06-14,23.03,23.76,23.03,23.47,367300,23.4
2011-06-13,23.08,23.16,22.80,23.09,207300,23.0
2011-06-10,23.19,23.34,22.90,23.18,331000,23.1
2011-06-09,23.75,23.75,23.26,23.26,253300,23.2
2011-06-08,23.86,23.86,23.43,23.67,207400,23.6
2011-06-07,23.67,23.87,23.58,23.81,313200,23.8
2011-06-03,23.42,23.75,23.42,23.71,210900,23.7
2011-06-02,23.59,23.62,23.18,23.42,259500,23.4
2011-06-01,23.57,23.88,23.56,23.81,263000,23.8
2011-05-31,23.42,23.75,23.33,23.62,309500,23.6
2011-05-30,23.50,23.65,23.39,23.40,235900,23.4
2011-05-27,24.21,24.21,23.48,23.52,390900,23.5
2011-05-26,24.34,24.47,24.10,24.21,264700,24.2
2011-05-25,24.33,24.48,24.06,24.20,272400,24.2
2011-05-24,24.36,24.60,24.01,24.43,458300,24.4
2011-05-23,25.13,25.13,24.44,24.45,453900,24.4
2011-05-20,25.40,25.49,25.16,25.19,242400,25.1
2011-05-19,25.57,25.73,25.41,25.47,240300,25.4
2011-05-18,25.76,25.82,25.49,25.57,319300,25.5
2011-05-17,25.80,25.90,25.70,25.77,402500,25.7
2011-05-16,25.66,25.95,25.64,25.75,390200,25.7
2011-05-13,25.49,25.89,25.25,25.67,292700,25.6
2011-05-12,25.65,25.90,25.48,25.49,534200,25.4
2011-05-11,25.73,25.84,25.34,25.65,358600,25.6
2011-05-10,25.53,25.95,25.32,25.70,420800,25.7
2011-05-09,25.37,25.65,25.29,25.45,546700,25.4
2011-05-06,24.96,25.45,24.81,25.27,538600,25.2
2011-05-05,24.92,25.10,24.90,25.04,359600,25.0
2011-05-04,25.05,25.17,24.81,24.93,645400,24.9
2011-05-03,25.52,25.59,24.72,25.24,1910600,25.2
2011-04-29,25.36,25.79,25.30,25.45,1091500,25.4
2011-04-28,26.99,27.00,25.38,25.44,1328300,25.4
2011-04-27,27.21,27.30,26.70,26.82,349200,26.8
2011-04-26,27.17,27.26,27.01,27.07,367500,27.0
2011-04-25,27.80,27.89,27.26,27.29,506800,27.2
2011-04-22,27.83,28.13,27.73,27.81,779800,27.8
2011-04-21,27.36,27.56,27.34,27.52,241400,27.5
2011-04-20,27.00,27.48,27.00,27.44,224700,27.4
2011-04-19,27.82,27.88,27.46,27.65,430400,27.6
2011-04-18,27.69,27.80,27.63,27.74,307800,27.7
2011-04-15,27.80,27.92,27.65,27.69,380900,27.6
2011-04-14,27.90,27.94,27.81,27.83,220600,27.8
2011-04-13,27.78,27.94,27.68,27.90,304800,27.9
2011-04-12,27.72,27.94,27.68,27.81,256500,27.8
2011-04-11,28.09,28.13,27.78,27.81,360700,27.8
2011-04-07,27.81,27.97,27.65,27.95,376400,27.9
2011-04-06,27.80,27.90,27.64,27.78,283400,27.7
2011-04-01,27.69,27.90,27.69,27.89,152200,27.8
2011-03-31,28.09,28.09,27.68,27.71,392500,27.7
2011-03-30,28.02,28.39,27.76,27.81,454900,27.8
2011-03-29,28.36,28.36,28.00,28.02,660100,28.0
2011-03-28,28.73,28.77,28.35,28.35,771100,28.3
2011-03-25,28.58,28.74,28.42,28.72,698000,28.7
2011-03-24,28.64,28.64,28.52,28.58,335800,28.5
2011-03-23,28.41,28.65,28.40,28.58,524000,28.5
2011-03-22,28.58,28.80,28.28,28.49,479700,28.4
2011-03-21,28.90,29.01,28.55,28.63,566800,28.6
2011-03-18,28.70,29.08,28.70,28.80,1050600,28.8
2011-03-17,28.68,29.10,28.60,28.64,1272400,28.6
2011-03-16,28.52,28.96,28.45,28.88,1597900,28.8
2011-03-15,28.75,28.75,28.08,28.42,980300,28.4
2011-03-14,28.31,28.77,28.20,28.76,1123800,28.7
2011-03-11,28.40,28.56,28.25,28.38,687500,28.3
2011-03-10,28.45,28.61,28.40,28.40,688900,28.4
2011-03-09,28.58,28.68,28.41,28.51,751300,28.5
2011-03-08,28.51,28.64,28.41,28.58,663200,28.5
2011-03-07,28.32,28.54,28.32,28.49,764700,28.4
2011-03-04,28.15,28.36,28.10,28.30,524700,28.3
2011-03-03,28.40,28.44,28.10,28.12,730000,28.1
2011-03-02,28.50,28.50,28.09,28.42,1166300,28.4
2011-03-01,28.50,28.68,28.27,28.54,1752700,28.5
2011-02-28,28.70,28.96,28.50,28.96,1189200,28.9
2011-02-25,28.80,28.86,28.26,28.58,788000,28.5
2011-02-24,28.41,28.83,28.41,28.63,905600,28.6
2011-02-23,28.05,28.50,28.05,28.39,834300,28.3
2011-02-22,29.22,29.22,28.20,28.21,1870300,28.2
2011-02-21,28.98,29.28,28.98,29.16,1745600,29.1
2011-02-18,29.11,29.53,28.90,28.98,3145700,28.9
2011-02-17,28.80,28.80,28.20,28.50,1628100,28.5
2011-02-16,28.05,28.98,28.00,28.78,2561900,28.7
2011-02-15,28.23,28.50,28.00,28.02,1863700,28.0
2011-02-14,28.01,28.48,27.93,28.30,2471600,28.3
2011-02-11,27.86,28.11,27.77,28.00,1754800,28.0
2011-02-10,27.32,28.09,27.23,27.98,2066400,27.9
2011-02-09,27.39,27.78,27.23,27.37,1407200,27.3
2011-02-01,27.35,28.10,27.21,27.60,2266800,27.6
2011-01-31,27.54,27.54,27.03,27.34,3095800,27.3
2011-01-28,28.35,28.49,27.12,28.03,7197100,28.0
