Date,Open,High,Low,Close,Volume,Adj Clos
2009-12-31,9.80,9.92,9.72,9.80,10336500,9.8
2009-12-30,9.96,10.00,9.65,9.76,13329900,9.7
2009-12-29,10.15,10.18,9.78,10.00,13347700,10.0
2009-12-28,10.06,10.17,9.98,10.12,11015600,10.1
2009-12-25,9.65,10.27,9.65,10.06,18763100,10.0
2009-12-23,9.05,9.22,9.00,9.15,4213100,9.1
2009-12-22,9.45,9.49,9.00,9.03,4225500,9.0
2009-12-21,9.20,9.47,9.20,9.45,4795800,9.4
2009-12-18,9.36,9.48,9.15,9.20,5776600,9.2
2009-12-17,9.91,10.00,9.50,9.52,7716900,9.5
2009-12-16,10.04,10.27,9.90,9.93,6795700,9.9
2009-12-15,9.90,10.20,9.81,10.09,9469900,10.0
2009-12-14,10.02,10.02,9.60,9.89,8590300,9.8
2009-12-11,9.95,10.23,9.95,10.06,8946900,10.0
2009-12-10,9.96,10.14,9.82,9.90,9402600,9.9
2009-12-09,10.00,10.19,9.88,9.95,10503600,9.9
2009-12-08,10.55,10.55,10.16,10.26,9917100,10.2
2009-12-07,10.40,10.54,10.28,10.52,10448800,10.5
2009-12-04,10.85,11.00,10.09,10.40,23304300,10.4
2009-12-03,10.45,10.99,10.26,10.86,26905700,10.8
2009-12-02,10.40,10.85,10.35,10.43,21149200,10.4
2009-12-01,10.05,10.51,9.98,10.43,21014300,10.4
2009-11-30,9.68,10.13,9.60,10.10,15239500,10.1
2009-11-27,9.58,9.94,9.42,9.55,14481700,9.5
2009-11-26,10.17,10.65,9.80,9.85,29169700,9.8
2009-11-25,9.57,10.23,9.48,10.20,19748900,10.2
2009-11-24,10.44,10.45,9.50,9.63,23241200,9.6
2009-11-23,9.97,10.42,9.86,10.41,17211100,10.4
2009-11-20,10.00,10.16,9.87,9.98,15129500,9.9
2009-11-19,9.61,10.29,9.61,10.12,23514600,10.1
2009-11-18,9.59,9.79,9.49,9.64,16951200,9.6
2009-11-17,9.45,9.67,9.34,9.53,22219500,9.5
2009-11-16,9.07,9.45,9.06,9.40,20699100,9.4
2009-11-13,9.01,9.09,8.76,9.04,16254100,9.0
2009-11-12,9.20,9.38,9.05,9.10,21090300,9.1
2009-11-11,8.98,9.44,8.82,9.31,20637700,9.3
2009-11-10,9.20,9.22,9.00,9.00,11790300,9.0
2009-11-09,9.00,9.18,8.81,9.15,14957900,9.1
2009-11-06,8.89,9.10,8.89,8.96,14734300,8.9
2009-11-05,8.81,8.97,8.66,8.82,9885300,8.8
2009-11-04,8.65,9.10,8.62,8.83,19204900,8.8
2009-11-03,8.35,8.75,8.26,8.65,14188700,8.6
2009-11-02,7.82,8.35,7.68,8.29,11659300,8.2
2009-10-29,7.98,8.05,7.85,7.89,6195400,7.8
2009-10-28,8.04,8.17,7.95,8.15,7851200,8.1
2009-10-27,8.40,8.40,8.10,8.11,10059400,8.1
2009-10-26,8.68,8.83,8.38,8.51,14332200,8.5
2009-10-22,8.52,8.70,8.50,8.56,7990800,8.5
2009-10-21,8.62,8.70,8.52,8.53,8891900,8.5
2009-10-20,8.45,8.75,8.39,8.71,14485800,8.7
2009-10-19,8.16,8.42,8.12,8.41,8942400,8.4
2009-10-16,8.32,8.38,8.00,8.16,7631800,8.1
2009-10-15,8.28,8.42,8.22,8.24,6204400,8.2
2009-10-14,8.25,8.35,8.17,8.23,8493400,8.2
2009-10-13,7.99,8.24,7.95,8.23,7653000,8.2
2009-10-12,8.08,8.13,7.94,7.99,6698000,7.9
2009-10-09,7.66,8.05,7.64,8.04,8035800,8.0
2009-09-30,7.59,7.67,7.40,7.53,6896400,7.5
2009-09-29,7.72,7.78,7.31,7.45,6493300,7.4
2009-09-28,8.02,8.13,7.59,7.67,7450000,7.6
2009-09-25,8.10,8.20,7.90,8.02,7173100,8.0
2009-09-24,8.02,8.20,7.80,8.07,7751400,8.0
2009-09-23,8.29,8.48,7.95,8.10,7889300,8.1
2009-09-22,8.75,8.85,8.30,8.35,8497900,8.3
2009-09-21,8.51,8.79,8.28,8.75,11509100,8.7
2009-09-18,9.24,9.44,8.72,8.85,16826500,8.8
2009-09-17,8.97,9.33,8.97,9.20,14393500,9.2
2009-09-16,9.05,9.20,8.80,8.95,14041900,8.9
2009-09-15,9.00,9.19,9.00,9.11,14272200,9.1
2009-09-14,8.62,9.26,8.62,9.11,19215700,9.1
2009-09-11,8.50,8.75,8.45,8.68,14133900,8.6
2009-09-10,8.51,8.68,8.40,8.54,16365500,8.5
2009-09-08,8.26,8.54,8.07,8.45,15047800,8.4
2009-09-07,8.34,8.55,8.18,8.27,11976900,8.2
2009-09-04,8.32,8.45,8.18,8.34,12166300,8.3
2009-09-03,7.85,8.39,7.80,8.32,13716800,8.3
2009-09-02,7.76,7.95,7.61,7.83,10001600,7.8
2009-09-01,8.01,8.28,7.51,7.80,18398200,7.8
2009-08-31,8.91,8.98,8.27,8.27,16943500,8.2
2009-08-28,9.57,9.64,9.11,9.19,13258900,9.1
2009-08-27,9.22,9.80,9.15,9.65,19790100,9.6
2009-08-26,9.11,9.67,8.89,9.40,19707600,9.4
2009-08-25,9.45,9.45,8.80,9.21,19862100,9.2
2009-08-24,9.59,9.85,9.40,9.60,19980400,9.6
2009-08-21,9.15,9.70,9.05,9.57,22721700,9.5
2009-08-20,8.89,9.43,8.71,9.29,18799900,9.2
2009-08-19,9.33,9.65,8.60,8.70,27240400,8.7
2009-08-18,8.53,9.50,8.53,9.44,22090700,9.4
2009-08-17,9.12,9.42,8.52,8.68,15889400,8.6
2009-08-14,10.00,10.12,9.25,9.38,15901900,9.3
2009-08-13,10.00,10.18,9.75,9.97,12616000,9.9
2009-08-12,10.85,10.85,9.88,10.06,15620400,10.0
2009-08-11,11.02,11.19,10.39,10.93,15449400,10.9
2009-08-10,11.04,11.20,10.58,11.03,16066400,11.0
2009-08-07,11.20,11.84,10.60,10.75,25392600,10.7
2009-08-06,11.80,11.98,11.38,11.44,24691000,11.4
2009-08-05,11.48,12.25,11.15,12.10,28780300,12.1
2009-08-04,11.30,12.14,11.25,11.70,42871200,11.7
2009-08-03,10.10,11.09,10.10,11.09,39354400,11.0
2009-07-31,9.52,10.16,9.30,10.08,30227900,10.0
2009-07-30,9.10,9.48,9.02,9.40,30827700,9.4
2009-07-29,9.94,9.95,8.94,9.00,29431400,9.0
2009-07-28,10.21,10.25,9.75,9.93,21674600,9.9
2009-07-27,9.81,10.27,9.70,10.16,29096900,10.1
2009-07-23,10.15,10.51,9.86,10.00,45552900,10.0
2009-07-22,9.16,10.07,9.16,10.07,53209100,10.0
2009-07-21,9.56,9.77,9.12,9.15,34424700,9.1
2009-07-20,8.90,9.70,8.85,9.59,49175300,9.5
2009-07-17,8.66,8.88,8.52,8.82,20960900,8.8
2009-07-16,8.66,8.99,8.57,8.70,30237200,8.7
2009-07-15,8.43,8.70,8.41,8.63,24753800,8.6
2009-07-14,8.33,8.50,8.29,8.39,16625200,8.3
2009-07-13,8.39,8.55,8.27,8.29,20140300,8.2
2009-07-10,8.25,8.65,8.19,8.39,31355500,8.3
2009-07-09,8.13,8.27,8.08,8.22,20087200,8.2
2009-07-08,7.98,8.15,7.94,8.14,16818800,8.1
2009-07-07,7.97,8.15,7.90,8.04,23478500,8.0
2009-07-06,7.96,8.17,7.86,8.05,28293700,8.0
2009-07-03,7.83,7.97,7.71,7.94,17027200,7.9
2009-07-02,7.80,7.89,7.75,7.85,13927700,7.8
2009-07-01,7.75,7.83,7.68,7.79,16721200,7.7
2009-06-30,8.15,8.18,7.73,7.78,17236400,7.7
2009-06-29,8.20,8.22,8.04,8.16,14486900,8.1
2009-06-26,8.06,8.29,8.00,8.22,22638500,8.2
2009-06-25,8.02,8.15,7.98,8.03,11378800,8.0
2009-06-24,7.89,8.12,7.89,8.02,9825600,8.0
2009-06-23,8.01,8.04,7.88,7.94,11918700,7.9
2009-06-22,7.95,8.25,7.83,8.15,23286800,8.1
2009-06-19,7.92,7.98,7.80,7.88,11920000,7.8
2009-06-18,7.83,8.05,7.82,7.93,12777500,7.9
2009-06-17,7.82,7.90,7.67,7.85,9441700,7.8
2009-06-16,7.85,7.88,7.74,7.81,7569400,7.8
2009-06-15,7.92,7.95,7.70,7.94,10030700,7.9
2009-06-12,8.17,8.35,7.86,7.91,21540800,7.9
2009-06-11,8.05,8.21,7.95,8.10,15131200,8.1
2009-06-10,7.86,8.18,7.80,8.10,14627900,8.1
2009-06-09,7.83,7.88,7.60,7.86,9537700,7.8
2009-06-08,7.97,7.97,7.74,7.82,12014900,7.8
2009-06-05,7.94,8.06,7.80,7.97,14758300,7.9
2009-06-04,8.18,8.25,7.78,7.95,28497900,7.9
2009-06-03,8.40,8.53,8.20,8.24,19013600,8.2
2009-06-02,8.36,8.54,8.31,8.44,13188400,8.4
2009-06-01,8.25,8.37,8.20,8.29,9883400,8.2
2009-05-27,8.28,8.34,8.04,8.14,9300400,8.1
2009-05-26,7.96,8.33,7.90,8.16,10586300,8.1
2009-05-25,7.91,8.01,7.68,7.95,12740100,7.9
2009-05-22,8.15,8.32,8.08,8.21,9365900,8.2
2009-05-21,8.20,8.39,8.15,8.17,12673900,8.1
2009-05-20,8.59,8.59,8.31,8.34,12464100,8.3
2009-05-19,8.66,8.78,8.40,8.57,15182500,8.5
2009-05-18,8.70,8.70,8.25,8.50,11690900,8.5
2009-05-14,8.80,8.94,8.65,8.75,16256300,8.7
2009-05-13,8.59,8.94,8.56,8.92,32007000,8.9
2009-05-12,8.25,8.53,8.01,8.50,17789700,8.5
2009-05-11,8.27,8.71,8.25,8.25,23326500,8.2
2009-05-08,8.39,8.44,8.14,8.27,17338100,8.2
2009-05-07,8.59,8.63,8.18,8.48,22365400,8.4
2009-05-06,8.14,8.70,8.13,8.56,34940000,8.5
2009-05-05,7.98,8.43,7.97,8.19,31800100,8.1
2009-05-04,7.38,7.98,7.33,7.88,18463600,7.8
2009-04-30,7.25,7.38,7.19,7.35,12170500,7.3
2009-04-29,7.08,7.27,7.06,7.22,10639200,7.2
2009-04-28,6.95,7.10,6.91,7.07,8847500,7.0
2009-04-27,7.40,7.45,6.92,6.98,16328300,6.9
2009-04-24,7.81,7.81,7.32,7.37,13591700,7.3
2009-04-23,7.55,7.80,7.51,7.74,11239200,7.7
2009-04-22,8.16,8.37,7.50,7.58,22733500,7.5
2009-04-21,8.19,8.24,8.03,8.15,15479900,8.1
2009-04-20,8.05,8.36,7.95,8.31,19402100,8.3
2009-04-17,8.43,8.56,8.19,8.20,15372100,8.2
2009-04-16,8.36,8.59,8.32,8.47,18833500,8.4
2009-04-15,8.42,8.49,8.15,8.36,19916500,8.3
2009-04-14,8.64,8.65,8.38,8.46,22171600,8.4
2009-04-13,8.60,8.91,8.45,8.64,30879700,8.6
2009-04-10,8.25,8.57,8.18,8.47,19845900,8.4
2009-04-09,8.15,8.26,7.93,8.18,14388700,8.1
2009-04-08,8.45,8.51,8.11,8.15,17660200,8.1
2009-04-07,8.79,8.81,8.35,8.54,19824200,8.5
2009-04-03,9.13,9.26,8.73,8.80,21280700,8.8
2009-04-02,8.85,9.24,8.63,9.05,29875400,9.0
2009-04-01,8.43,8.96,8.43,8.78,23429000,8.7
2009-03-31,8.20,8.58,8.10,8.47,15940500,8.4
2009-03-30,8.36,8.66,8.20,8.38,18223000,8.3
2009-03-27,8.65,8.77,8.30,8.36,24008100,8.3
2009-03-26,8.45,8.78,8.10,8.70,28309100,8.7
2009-03-24,8.42,8.95,8.23,8.68,41900800,8.6
2009-03-23,8.32,8.62,8.20,8.34,34081600,8.3
2009-03-20,8.19,8.77,8.07,8.35,60649800,8.3
2009-03-19,7.69,8.34,7.60,8.22,46979500,8.2
2009-03-18,7.43,7.95,7.32,7.63,49326600,7.6
2009-03-17,7.23,7.45,7.10,7.37,33271900,7.3
2009-03-16,7.30,7.30,6.85,7.22,25969100,7.2
2009-03-13,7.41,7.46,7.13,7.14,24696400,7.1
2009-03-12,7.00,7.42,6.90,7.40,38600400,7.4
2009-03-11,7.18,7.35,6.95,7.05,30152900,7.0
2009-03-10,6.62,7.10,6.56,7.02,26242300,7.0
2009-03-09,7.00,7.12,6.54,6.75,24533000,6.7
2009-03-06,6.78,7.23,6.75,7.00,30761000,7.0
2009-03-05,6.80,7.06,6.48,6.97,40745300,6.9
2009-03-04,6.50,6.90,6.38,6.76,31970100,6.7
2009-03-03,5.80,6.40,5.70,6.38,23969000,6.3
2009-03-02,5.75,6.15,5.70,6.12,14186700,6.1
2009-02-27,6.33,6.34,5.78,5.86,17144600,5.8
2009-02-26,6.76,6.97,6.18,6.40,17090400,6.4
2009-02-25,6.97,7.04,6.41,6.74,20997100,6.7
2009-02-24,7.30,7.42,6.90,6.90,23036800,6.9
2009-02-23,7.19,7.50,7.04,7.42,19341700,7.4
2009-02-20,7.03,7.27,6.94,7.26,13943500,7.2
2009-02-19,7.03,7.10,6.80,7.04,14575500,7.0
2009-02-18,7.27,7.44,6.90,6.92,25211400,6.9
2009-02-17,7.67,8.00,7.42,7.45,35144300,7.4
2009-02-16,7.45,7.76,7.31,7.67,28051900,7.6
2009-02-13,7.15,7.43,7.00,7.39,22342900,7.3
2009-02-12,7.40,7.45,6.83,7.17,18555300,7.1
2009-02-11,7.35,7.58,7.21,7.37,19871100,7.3
2009-02-10,7.35,7.60,7.08,7.57,25825900,7.5
2009-02-09,6.98,7.34,6.98,7.32,23396200,7.3
2009-02-06,6.81,7.07,6.80,6.98,19099800,6.9
2009-02-05,7.04,7.05,6.73,6.78,27952800,6.7
2009-02-04,7.16,7.16,6.88,7.11,16719000,7.1
2009-02-03,6.66,7.12,6.55,7.08,22066200,7.0
2009-02-02,6.27,6.80,6.14,6.66,17405400,6.6
2009-01-23,6.37,6.51,6.17,6.19,16693400,6.1
2009-01-22,5.90,6.45,5.86,6.43,27029800,6.4
2009-01-21,5.76,6.05,5.73,5.86,11426300,5.8
2009-01-20,5.80,6.03,5.76,5.88,12566500,5.8
2009-01-19,5.76,5.99,5.50,5.92,20125700,5.9
2009-01-16,5.82,6.02,5.65,5.68,15476800,5.6
2009-01-15,5.75,6.06,5.70,5.80,17133200,5.8
2009-01-14,5.55,5.87,5.55,5.85,16736500,5.8
2009-01-13,5.42,5.82,5.42,5.60,25233800,5.6
2009-01-12,5.27,5.74,5.24,5.57,18244600,5.5
2009-01-09,5.17,5.35,5.14,5.30,12676300,5.3
2009-01-08,5.07,5.25,4.97,5.20,14198000,5.2
2009-01-07,5.14,5.23,5.08,5.13,9641800,5.1
2009-01-06,4.92,5.15,4.85,5.12,12190100,5.1
2009-01-05,4.80,4.92,4.78,4.92,10531300,4.9
