Date,Open,High,Low,Close,Volume,Adj Clos
2003-12-31,12.99,12.99,12.70,12.93,243100,12.9
2003-12-30,13.01,13.07,12.80,12.97,143600,12.9
2003-12-29,13.06,13.08,12.80,13.01,853300,13.0
2003-12-26,12.99,13.60,12.90,13.06,1118300,13.0
2003-12-25,12.70,12.98,12.56,12.96,1216800,12.9
2003-12-24,12.70,12.70,12.59,12.65,2698400,12.6
2003-12-23,12.60,12.75,12.45,12.69,412500,12.6
2003-12-22,12.60,12.69,12.00,12.60,110300,12.6
2003-12-19,12.67,12.77,12.54,12.60,48700,12.6
2003-12-18,12.72,12.75,12.54,12.67,63600,12.6
2003-12-17,12.80,12.80,12.70,12.72,78800,12.7
2003-12-16,12.82,12.94,12.75,12.84,42200,12.8
2003-12-15,12.75,12.95,12.75,12.87,87100,12.8
2003-12-12,12.76,12.88,12.70,12.75,135800,12.7
2003-12-11,12.80,12.85,12.70,12.76,126500,12.7
2003-12-10,12.80,12.85,12.65,12.84,237100,12.8
2003-12-09,12.76,12.84,12.45,12.83,171300,12.8
2003-12-08,12.75,12.81,12.48,12.77,137800,12.7
2003-12-05,12.79,12.84,12.64,12.75,70800,12.7
2003-12-04,12.84,12.85,12.70,12.79,107900,12.7
2003-12-03,12.84,12.90,12.70,12.84,55300,12.8
2003-12-02,12.79,12.97,12.69,12.87,55000,12.8
2003-12-01,12.58,12.95,12.37,12.84,121000,12.8
2003-11-28,12.52,12.63,12.40,12.63,505000,12.6
2003-11-27,12.58,12.71,12.40,12.52,393000,12.5
2003-11-26,12.58,12.73,12.40,12.58,385200,12.5
2003-11-25,12.54,12.67,12.45,12.60,470500,12.6
2003-11-24,12.53,12.68,12.39,12.56,122600,12.5
2003-11-21,12.53,12.64,12.40,12.53,156600,12.5
2003-11-20,12.53,12.63,12.40,12.56,211600,12.5
2003-11-19,12.53,12.79,12.41,12.53,89500,12.5
2003-11-18,12.45,12.80,12.37,12.53,92800,12.5
2003-11-17,12.64,12.64,12.46,12.52,33700,12.5
2003-11-14,12.66,12.70,12.57,12.64,19100,12.6
2003-11-13,12.65,12.78,12.36,12.66,52000,12.6
2003-11-12,12.77,12.84,12.51,12.67,11300,12.6
2003-11-11,12.60,12.97,12.58,12.80,21100,12.8
2003-11-10,12.74,12.74,12.50,12.65,103200,12.6
2003-11-07,12.80,12.89,12.50,12.74,97600,12.7
2003-11-06,12.85,12.95,12.60,12.82,64100,12.8
2003-11-05,12.83,13.19,12.78,12.94,65900,12.9
2003-11-04,12.85,12.98,12.70,12.94,133200,12.9
2003-11-03,12.85,12.94,12.80,12.89,40100,12.8
2003-10-31,12.85,12.93,12.70,12.84,43400,12.8
2003-10-30,12.85,12.94,12.76,12.85,33500,12.8
2003-10-29,12.85,13.00,12.72,12.85,138100,12.8
2003-10-28,12.85,13.00,12.85,12.88,119800,12.8
2003-10-27,12.86,12.97,12.80,12.91,212300,12.9
2003-10-24,12.86,12.98,12.83,12.91,101800,12.9
2003-10-23,12.84,13.01,12.80,12.93,82600,12.9
2003-10-22,12.65,12.98,12.60,12.97,158200,12.9
2003-10-21,12.62,12.73,12.62,12.65,124200,12.6
2003-10-20,12.65,12.73,12.53,12.65,216000,12.6
2003-10-17,12.63,12.79,12.60,12.74,429900,12.7
2003-10-16,12.66,12.80,12.61,12.72,557000,12.7
2003-10-15,12.62,12.83,12.60,12.76,515500,12.7
2003-10-14,12.59,12.80,12.59,12.70,228300,12.7
2003-10-13,13.30,13.30,12.60,12.69,162000,12.6
2003-10-10,12.64,12.69,12.60,12.67,290200,12.6
2003-10-09,12.60,12.69,12.59,12.64,194800,12.6
2003-10-08,12.60,12.73,12.60,12.69,312600,12.6
2003-10-07,12.63,12.63,12.63,12.63,000,12.6
2003-10-06,12.63,12.63,12.63,12.63,000,12.6
2003-10-03,12.63,12.63,12.63,12.63,000,12.6
2003-10-02,12.63,12.63,12.63,12.63,000,12.6
2003-10-01,12.63,12.63,12.63,12.63,000,12.6
2003-09-30,12.60,12.70,12.56,12.63,91400,12.6
2003-09-29,12.65,12.72,12.58,12.62,123800,12.6
2003-09-26,12.60,12.73,12.60,12.68,198100,12.6
2003-09-25,12.73,12.77,12.56,12.64,144900,12.6
2003-09-24,12.67,12.67,12.59,12.66,162000,12.6
2003-09-23,12.65,12.70,12.63,12.67,108300,12.6
2003-09-22,12.60,12.68,12.50,12.65,158200,12.6
2003-09-19,12.58,12.79,12.58,12.63,120600,12.6
2003-09-18,12.58,12.79,12.56,12.62,196700,12.6
2003-09-17,12.55,12.68,12.55,12.58,182300,12.5
2003-09-16,12.51,12.59,12.47,12.54,253600,12.5
2003-09-15,12.56,12.62,12.38,12.51,191700,12.5
2003-09-12,12.58,12.65,12.56,12.56,220400,12.5
2003-09-11,12.51,12.70,12.51,12.59,175500,12.5
2003-09-10,12.58,12.60,12.43,12.51,158700,12.5
2003-09-09,12.78,12.81,12.28,12.60,189800,12.6
2003-09-08,12.88,12.91,12.71,12.79,199500,12.7
2003-09-05,12.88,12.95,12.80,12.89,191800,12.8
2003-09-04,12.90,12.96,12.00,12.88,196000,12.8
2003-09-03,12.96,12.98,12.78,12.91,195600,12.9
2003-09-02,12.95,13.08,12.94,12.96,192500,12.9
2003-09-01,12.53,12.95,12.53,12.94,208500,12.9
2003-08-29,12.60,12.70,12.55,12.56,211600,12.5
2003-08-28,12.59,12.60,12.50,12.55,209700,12.5
2003-08-27,12.65,12.66,12.50,12.58,209600,12.5
2003-08-26,12.70,12.71,12.50,12.63,191400,12.6
2003-08-25,12.83,12.84,12.65,12.69,171700,12.6
2003-08-22,12.98,13.00,12.75,12.82,201300,12.8
2003-08-21,12.83,12.99,12.81,12.97,226100,12.9
2003-08-20,12.80,12.91,12.78,12.83,175500,12.8
2003-08-19,12.49,12.84,12.49,12.79,289500,12.7
2003-08-18,12.50,12.54,12.42,12.51,433300,12.5
2003-08-15,12.38,12.61,12.20,12.57,331300,12.5
2003-08-14,12.72,12.85,12.05,12.47,337800,12.4
2003-08-13,12.95,12.95,12.60,12.72,267500,12.7
2003-08-12,13.01,13.01,12.90,12.95,226700,12.9
2003-08-11,13.01,13.20,12.86,13.01,248900,13.0
2003-08-08,13.15,13.15,13.00,13.01,325600,13.0
2003-08-07,13.10,13.17,13.05,13.15,345000,13.1
2003-08-06,13.10,13.28,12.99,13.16,348800,13.1
2003-08-05,13.10,13.18,13.03,13.16,372400,13.1
2003-08-04,13.20,13.20,13.08,13.11,353000,13.1
2003-08-01,13.20,13.29,13.10,13.28,639000,13.2
2003-07-31,13.18,13.30,13.10,13.27,515600,13.2
2003-07-30,13.08,13.23,13.00,13.23,535900,13.2
2003-07-29,13.10,13.30,12.88,13.11,532800,13.1
2003-07-28,13.31,13.31,13.04,13.20,712900,13.2
2003-07-25,13.64,13.73,13.15,13.51,870600,13.5
2003-07-24,13.78,13.83,13.48,13.79,514600,13.7
2003-07-23,13.61,13.97,13.61,13.96,70600,13.9
2003-07-22,13.20,13.64,13.18,13.61,217900,13.6
2003-07-21,13.25,13.25,13.08,13.20,251100,13.2
2003-07-18,13.55,13.55,13.10,13.27,303900,13.2
2003-07-17,13.63,13.63,13.28,13.37,255100,13.3
2003-07-16,13.76,13.91,13.36,13.57,241400,13.5
2003-07-15,13.97,13.97,13.68,13.75,235500,13.7
2003-07-14,14.08,14.18,13.85,13.97,665200,13.9
2003-07-11,13.99,14.25,13.95,14.20,834100,14.2
2003-07-10,13.85,14.01,13.84,13.88,450400,13.8
2003-07-09,14.01,14.15,13.90,13.95,605500,13.9
2003-07-08,14.01,14.20,13.95,14.01,796500,14.0
2003-07-07,13.35,14.00,13.31,13.99,750000,13.9
2003-07-04,13.01,13.50,13.01,13.45,568800,13.4
2003-07-03,12.60,13.11,11.75,13.09,683200,13.0
2003-07-02,12.87,12.87,12.40,12.60,482200,12.6
2003-07-01,12.84,12.95,12.75,12.76,298600,12.7
2003-06-30,12.90,12.92,12.70,12.79,221900,12.7
2003-06-27,13.10,13.24,12.80,12.89,208300,12.8
2003-06-26,13.20,13.37,12.94,13.10,264200,13.1
2003-06-25,13.83,14.00,12.68,13.42,333100,13.4
2003-06-24,14.40,14.50,13.54,14.08,400400,14.0
2003-06-23,14.40,14.58,14.20,14.57,413500,14.5
2003-06-20,14.55,14.55,14.45,14.53,87600,14.5
2003-06-19,14.48,14.58,14.38,14.55,156500,14.5
2003-06-18,14.50,14.57,14.36,14.56,164800,14.5
2003-06-17,14.55,14.80,14.20,14.65,266300,14.6
2003-06-16,14.62,14.62,14.62,14.62,000,14.6
2003-06-13,14.60,14.70,14.50,14.62,283400,14.6
2003-06-12,14.70,14.70,14.49,14.68,250300,14.6
2003-06-11,14.50,14.81,14.49,14.79,135000,14.7
2003-06-10,14.50,14.70,14.02,14.70,135800,14.7
2003-06-09,14.60,14.69,14.01,14.56,210500,14.5
2003-06-06,14.84,14.84,14.50,14.67,195000,14.6
2003-06-05,14.80,14.80,14.60,14.70,175200,14.7
2003-06-04,14.75,14.91,14.66,14.84,171200,14.8
2003-06-03,15.15,15.15,14.72,14.95,172500,14.9
2003-06-02,15.20,15.30,14.93,15.19,79000,15.1
2003-05-30,14.81,15.14,14.70,15.07,176900,15.0
2003-05-29,14.75,14.87,14.52,14.84,163800,14.8
2003-05-28,14.79,14.80,14.50,14.77,164900,14.7
2003-05-27,14.85,14.85,14.60,14.79,168300,14.7
2003-05-26,14.95,14.95,14.65,14.70,81900,14.7
2003-05-23,14.90,14.98,14.65,14.97,268800,14.9
2003-05-22,14.90,14.98,14.64,14.94,207000,14.9
2003-05-21,14.98,14.98,14.70,14.95,117000,14.9
2003-05-20,15.00,15.00,14.78,14.98,279600,14.9
2003-05-19,15.10,15.10,14.90,15.03,51400,15.0
2003-05-16,15.11,15.11,14.83,15.02,114200,15.0
2003-05-15,15.15,15.15,14.80,15.10,125200,15.1
2003-05-14,15.09,15.18,14.90,15.09,199600,15.0
2003-05-13,15.17,15.30,14.60,15.09,172500,15.0
2003-05-12,15.05,15.25,14.98,15.18,119100,15.1
2003-05-09,15.05,15.05,15.05,15.05,000,15.0
2003-05-08,15.05,15.05,15.05,15.05,000,15.0
2003-05-07,15.05,15.05,15.05,15.05,000,15.0
2003-05-06,15.05,15.05,15.05,15.05,000,15.0
2003-05-05,15.05,15.05,15.05,15.05,000,15.0
2003-05-02,15.05,15.05,15.05,15.05,000,15.0
2003-05-01,15.05,15.05,15.05,15.05,000,15.0
2003-04-30,14.90,15.10,14.79,15.05,544900,15.0
2003-04-29,15.05,15.05,14.80,14.81,197700,14.8
2003-04-28,14.87,15.10,14.53,15.02,946600,15.0
2003-04-25,14.58,14.98,14.48,14.91,777100,14.9
2003-04-24,14.80,14.98,14.50,14.76,351200,14.7
2003-04-23,14.70,15.09,14.66,14.89,885500,14.8
2003-04-22,15.10,15.10,14.69,14.86,682500,14.8
2003-04-21,15.20,15.30,14.99,15.13,908500,15.1
2003-04-18,15.34,15.46,14.99,15.38,996300,15.3
2003-04-17,15.39,15.54,15.18,15.39,1051800,15.3
2003-04-16,15.55,15.59,15.19,15.47,1367200,15.4
2003-04-15,15.18,15.58,14.85,15.50,1834900,15.5
2003-04-14,14.68,15.25,14.41,15.24,1902100,15.2
2003-04-11,14.70,14.89,14.50,14.87,1043400,14.8
2003-04-10,14.90,14.95,14.57,14.91,999300,14.9
2003-04-09,15.00,15.18,14.72,15.05,1260200,15.0
2003-04-08,14.98,15.30,14.51,15.25,2075000,15.2
2003-04-07,15.23,15.23,14.93,15.02,829100,15.0
2003-04-04,15.42,15.42,15.00,15.30,1129900,15.3
2003-04-03,15.38,15.48,15.10,15.34,946300,15.3
2003-04-02,15.60,15.80,15.28,15.48,1081000,15.4
2003-04-01,15.25,15.58,15.20,15.56,2065900,15.5
2003-03-31,15.36,15.36,15.12,15.20,653400,15.2
2003-03-28,15.25,15.47,15.16,15.39,2626600,15.3
2003-03-27,15.00,15.30,14.95,15.24,1646900,15.2
2003-03-26,15.15,15.22,14.94,15.20,1118600,15.2
2003-03-25,15.32,15.38,15.01,15.18,1309200,15.1
2003-03-24,15.28,15.38,15.20,15.35,1205700,15.3
2003-03-21,15.17,15.34,15.12,15.28,857700,15.2
2003-03-20,15.10,15.33,15.01,15.17,1787200,15.1
2003-03-19,15.00,15.18,14.96,15.08,1285800,15.0
2003-03-18,15.16,15.16,14.95,14.96,1472100,14.9
2003-03-17,15.42,15.42,14.99,15.22,2136000,15.2
2003-03-14,15.01,15.61,15.01,15.59,1523800,15.5
2003-03-13,15.65,15.68,15.40,15.45,630400,15.4
2003-03-12,15.63,15.73,15.45,15.67,1178300,15.6
2003-03-11,15.68,15.73,15.47,15.69,1225700,15.6
2003-03-10,15.41,15.80,15.33,15.73,2103200,15.7
2003-03-07,15.10,15.79,14.90,15.75,3749700,15.7
2003-03-06,15.50,15.58,15.18,15.24,1123500,15.2
2003-03-05,15.80,15.80,15.56,15.65,1411100,15.6
2003-03-04,15.80,15.90,15.47,15.84,1420000,15.8
2003-03-03,16.06,16.06,15.77,15.84,721500,15.8
2003-02-28,16.03,16.15,15.90,16.06,1814600,16.0
2003-02-27,15.96,16.09,15.80,16.08,1131900,16.0
2003-02-26,16.03,16.12,15.79,16.03,1175100,16.0
2003-02-25,15.96,16.13,15.90,16.10,962600,16.1
2003-02-24,15.90,16.05,15.81,15.96,822200,15.9
2003-02-21,16.01,16.08,15.86,16.02,177300,16.0
2003-02-20,16.08,16.19,15.90,16.18,1247000,16.1
2003-02-19,16.00,16.20,15.96,16.15,964100,16.1
2003-02-18,15.90,16.18,15.80,16.17,1286000,16.1
2003-02-17,16.00,16.15,15.75,16.09,1088500,16.0
2003-02-14,16.15,16.21,15.87,16.19,1499800,16.1
2003-02-13,16.18,17.08,15.96,16.23,2277800,16.2
2003-02-12,16.00,16.35,15.89,16.32,1158800,16.3
2003-02-11,16.18,16.38,15.89,16.19,939300,16.1
2003-02-10,16.48,16.53,16.20,16.34,1042500,16.3
2003-02-07,17.07,17.07,17.07,17.07,000,17.0
2003-02-06,17.07,17.07,17.07,17.07,000,17.0
2003-02-05,17.07,17.07,17.07,17.07,000,17.0
2003-02-04,17.07,17.07,17.07,17.07,000,17.0
2003-02-03,17.07,17.07,17.07,17.07,000,17.0
2003-01-31,17.07,17.07,17.07,17.07,000,17.0
2003-01-30,17.07,17.07,17.07,17.07,000,17.0
2003-01-29,16.80,17.38,16.17,17.07,3206000,17.0
2003-01-28,16.71,16.95,16.59,16.90,1222700,16.9
2003-01-27,16.69,16.96,16.48,16.84,1447500,16.8
2003-01-24,16.30,16.76,16.26,16.72,1063000,16.7
2003-01-23,16.24,16.41,16.10,16.33,176000,16.3
2003-01-22,16.40,16.58,16.15,16.45,932800,16.4
2003-01-21,16.58,16.58,16.58,16.58,000,16.5
2003-01-20,16.38,16.75,16.37,16.58,1099400,16.5
2003-01-17,16.83,16.83,16.20,16.72,1051300,16.7
2003-01-16,16.58,17.08,16.32,16.94,1858400,16.9
2003-01-15,17.00,17.18,16.48,16.71,962700,16.7
2003-01-14,16.50,17.25,16.45,17.15,1473200,17.1
2003-01-13,17.00,17.00,16.42,16.46,1019700,16.4
2003-01-10,17.01,17.24,16.88,16.90,508900,16.9
2003-01-09,16.80,17.59,16.39,17.46,2366200,17.4
2003-01-08,16.60,16.88,16.40,16.83,1002200,16.8
2003-01-07,16.45,16.78,16.18,16.71,1204400,16.7
2003-01-06,16.03,16.49,16.00,16.48,1131500,16.4
2003-01-03,15.70,16.18,15.70,16.08,764900,16.0
2003-01-02,15.70,16.22,15.70,15.80,622400,15.8
2003-01-01,15.88,15.88,15.88,15.88,000,15.8
