Date,Open,High,Low,Close,Volume,Adj Clos
2003-12-31,12.62,12.70,12.44,12.50,1754900,11.2
2003-12-30,12.84,12.85,12.61,12.62,1051000,11.3
2003-12-29,12.75,12.88,12.58,12.79,1565800,11.4
2003-12-26,12.68,12.87,12.55,12.83,2530500,11.5
2003-12-25,12.82,12.93,12.51,12.62,2520300,11.3
2003-12-24,12.47,12.75,12.42,12.71,1920400,11.3
2003-12-23,11.99,12.58,11.99,12.49,5144900,11.1
2003-12-22,11.79,11.79,11.79,11.79,000,10.5
2003-12-19,11.72,11.95,11.68,11.79,3526500,10.5
2003-12-18,11.73,11.80,11.65,11.70,948600,10.4
2003-12-17,11.45,11.82,11.43,11.77,2641000,10.5
2003-12-16,11.38,11.48,11.30,11.43,996800,10.2
2003-12-15,11.50,11.50,11.34,11.40,311600,10.2
2003-12-12,11.53,11.60,11.35,11.38,631500,10.2
2003-12-11,11.65,11.69,11.50,11.55,352900,10.3
2003-12-10,11.57,11.69,11.57,11.63,959700,10.4
2003-12-09,11.30,11.60,11.30,11.58,1318300,10.3
2003-12-08,11.45,11.53,11.25,11.34,1204100,10.1
2003-12-05,11.63,11.78,11.41,11.48,842600,10.2
2003-12-04,11.55,11.69,11.44,11.61,1034200,10.4
2003-12-03,11.50,11.69,11.44,11.55,1725700,10.3
2003-12-02,11.54,11.61,11.42,11.50,1880900,10.3
2003-12-01,11.17,11.53,11.15,11.49,3061800,10.3
2003-11-28,10.80,11.22,10.80,11.15,2043000,9.9
2003-11-27,10.95,11.00,10.80,10.86,661900,9.7
2003-11-26,10.90,11.05,10.80,10.96,592700,9.8
2003-11-25,10.65,11.18,10.60,11.00,1715100,9.8
2003-11-24,10.36,10.69,10.31,10.59,943000,9.4
2003-11-21,10.59,10.64,10.32,10.40,310000,9.3
2003-11-20,10.47,10.62,10.35,10.58,492200,9.4
2003-11-19,10.37,10.50,10.32,10.47,466000,9.3
2003-11-18,10.53,10.55,10.35,10.39,354700,9.3
2003-11-17,10.47,10.57,10.38,10.55,234200,9.4
2003-11-14,10.41,10.55,10.39,10.48,392300,9.3
2003-11-13,10.35,10.44,10.30,10.42,180900,9.3
2003-11-12,10.50,10.60,10.34,10.38,189400,9.3
2003-11-11,10.31,10.68,10.31,10.58,740200,9.4
2003-11-10,10.29,10.33,10.20,10.31,534000,9.2
2003-11-07,10.25,10.40,10.21,10.30,509200,9.2
2003-11-06,10.39,10.47,10.26,10.31,598200,9.2
2003-11-05,10.49,10.49,10.33,10.42,388500,9.3
2003-11-04,10.18,10.55,10.18,10.45,1816600,9.3
2003-11-03,10.22,10.30,10.15,10.24,446600,9.1
2003-10-31,10.07,10.32,10.02,10.22,470500,9.1
2003-10-30,10.09,10.18,10.03,10.12,355900,9.0
2003-10-29,10.15,10.34,9.90,10.14,836900,9.0
2003-10-28,10.10,10.20,9.96,10.09,645800,9.0
2003-10-27,9.86,10.30,9.85,10.09,1220600,9.0
2003-10-24,9.85,9.96,9.75,9.77,348200,8.7
2003-10-23,10.05,10.18,9.88,9.90,659600,8.8
2003-10-22,9.92,10.10,9.70,10.08,624700,9.0
2003-10-21,9.85,9.96,9.60,9.95,435400,8.9
2003-10-20,10.05,10.19,9.85,9.90,291600,8.8
2003-10-17,10.25,10.25,9.99,10.12,495800,9.0
2003-10-16,10.14,10.23,10.05,10.10,395200,9.0
2003-10-15,10.12,10.25,10.10,10.17,108300,9.1
2003-10-14,10.28,10.39,10.08,10.17,275100,9.1
2003-10-13,10.44,10.44,10.23,10.26,204100,9.1
2003-10-10,10.15,10.44,10.02,10.36,705400,9.2
2003-10-09,10.18,10.25,10.06,10.13,64400,9.0
2003-10-08,10.14,10.19,10.05,10.14,283500,9.0
2003-10-07,10.21,10.21,10.21,10.21,000,9.1
2003-10-06,10.21,10.21,10.21,10.21,000,9.1
2003-10-03,10.21,10.21,10.21,10.21,000,9.1
2003-10-02,10.21,10.21,10.21,10.21,000,9.1
2003-10-01,10.21,10.21,10.21,10.21,000,9.1
2003-09-30,10.30,10.30,10.00,10.21,302300,9.1
2003-09-29,10.20,10.31,10.20,10.26,244300,9.1
2003-09-26,10.12,10.32,10.11,10.25,666700,9.1
2003-09-25,10.09,10.20,10.08,10.16,249000,9.1
2003-09-24,10.09,10.22,10.05,10.12,124100,9.0
2003-09-23,10.09,10.09,10.09,10.09,000,9.0
2003-09-22,10.15,10.18,10.02,10.09,73600,9.0
2003-09-19,10.08,10.18,10.02,10.15,119200,9.1
2003-09-18,10.05,10.20,10.00,10.13,203200,9.0
2003-09-17,10.15,10.24,10.06,10.10,70900,9.0
2003-09-16,10.14,10.20,10.08,10.16,128900,9.1
2003-09-15,10.30,10.30,10.10,10.14,78800,9.0
2003-09-12,10.29,10.29,10.15,10.24,37400,9.1
2003-09-11,10.22,10.30,10.10,10.28,95900,9.2
2003-09-10,10.35,10.35,10.10,10.22,54400,9.1
2003-09-09,10.60,10.60,10.09,10.21,90500,9.1
2003-09-08,10.08,10.26,10.02,10.16,192500,9.1
2003-09-05,10.43,10.45,9.99,10.25,501800,9.1
2003-09-04,10.60,10.60,10.41,10.45,113200,9.3
2003-09-03,10.47,10.60,10.32,10.58,288800,9.4
2003-09-02,10.58,10.60,10.42,10.48,262700,9.3
2003-09-01,10.45,10.57,10.30,10.55,634800,9.4
2003-08-29,10.39,10.40,10.10,10.40,447000,9.3
2003-08-28,10.61,10.65,10.35,10.40,528500,9.3
2003-08-27,10.09,10.44,10.08,10.40,1022200,9.3
2003-08-26,10.18,10.25,9.88,10.16,590800,9.1
2003-08-25,10.30,10.30,9.98,10.13,605900,9.0
2003-08-22,10.28,10.38,10.25,10.30,533400,9.2
2003-08-21,10.65,10.70,10.20,10.27,1014700,9.2
2003-08-20,10.83,10.83,10.64,10.70,219600,9.5
2003-08-19,10.75,10.84,10.69,10.83,208600,9.7
2003-08-18,10.71,10.78,10.65,10.72,110700,9.6
2003-08-15,10.72,10.82,10.68,10.75,188700,9.6
2003-08-14,10.81,11.00,10.70,10.75,245100,9.6
2003-08-13,10.88,11.10,10.80,10.86,90900,9.7
2003-08-12,11.18,11.18,10.83,10.90,106600,9.7
2003-08-11,10.80,10.90,10.80,10.80,177000,9.6
2003-08-08,11.08,11.10,10.81,10.87,340500,9.7
2003-08-07,11.00,11.16,11.00,11.05,168300,9.9
2003-08-06,11.10,11.11,11.00,11.07,227300,9.9
2003-08-05,11.28,11.28,11.01,11.19,209700,10.0
2003-08-04,10.97,11.30,10.89,11.28,407100,10.1
2003-08-01,10.90,11.18,10.88,11.05,162600,9.9
2003-07-31,11.14,11.14,10.86,10.92,140300,9.7
2003-07-30,11.30,11.30,10.98,11.13,378800,9.9
2003-07-29,11.20,11.20,11.20,11.20,000,10.0
2003-07-28,11.02,11.22,10.80,11.20,321200,10.0
2003-07-25,11.30,11.45,11.01,11.12,630400,9.9
2003-07-24,11.75,11.77,11.39,11.40,522600,10.2
2003-07-23,11.55,11.75,11.49,11.65,1190900,10.4
2003-07-22,11.48,11.80,11.35,11.50,910400,10.3
2003-07-21,11.40,11.48,11.18,11.48,707300,10.2
2003-07-18,11.45,11.73,11.30,11.48,2506000,10.2
2003-07-17,10.83,11.45,10.79,11.41,1696400,10.2
2003-07-16,10.88,10.99,10.80,10.90,496100,9.7
2003-07-15,10.86,10.94,10.81,10.88,223300,9.7
2003-07-14,11.00,11.03,10.88,10.89,157600,9.7
2003-07-11,11.01,11.10,10.95,10.99,174000,9.8
2003-07-10,10.95,11.10,10.73,11.06,312700,9.9
2003-07-09,10.70,10.88,10.70,10.84,54600,9.7
2003-07-08,10.51,10.97,10.50,10.79,445600,9.6
2003-07-07,10.87,10.87,10.61,10.67,394500,9.5
2003-07-04,11.15,11.15,10.84,10.87,320900,9.7
2003-07-03,11.10,11.13,10.90,11.05,206800,9.9
2003-07-02,10.90,11.10,10.90,11.10,257200,9.9
2003-07-01,10.90,11.07,10.85,10.87,315600,9.7
2003-06-30,10.88,11.01,10.80,10.90,140300,9.7
2003-06-27,11.00,11.10,10.75,10.91,173500,9.7
2003-06-26,10.85,10.98,10.70,10.89,475500,9.7
2003-06-25,11.00,11.08,10.90,10.91,212600,9.7
2003-06-24,11.00,11.19,10.88,11.00,277500,9.8
2003-06-23,10.80,11.16,10.80,11.05,238300,9.9
2003-06-20,11.09,11.15,11.00,11.01,278300,9.8
2003-06-19,11.18,11.21,11.03,11.10,193500,9.9
2003-06-18,11.23,11.28,11.15,11.18,95000,10.0
2003-06-17,11.20,11.28,11.08,11.22,175000,10.0
2003-06-16,11.48,11.50,11.25,11.26,182300,10.0
2003-06-13,11.33,11.66,11.33,11.44,259800,10.2
2003-06-12,11.15,11.38,11.07,11.38,301100,10.2
2003-06-11,10.99,11.10,10.90,11.05,381500,9.9
2003-06-10,11.00,11.38,10.66,10.97,269000,9.8
2003-06-09,11.00,11.10,10.86,10.87,524800,9.7
2003-06-06,11.30,11.30,11.10,11.14,608000,9.9
2003-06-05,11.50,11.50,11.30,11.30,265200,10.1
2003-06-04,11.44,11.50,11.24,11.50,439300,10.3
2003-06-03,11.55,11.55,11.30,11.45,348100,10.2
2003-06-02,11.59,11.67,11.35,11.50,544800,10.3
2003-05-30,11.49,11.65,11.34,11.59,753500,10.3
2003-05-29,11.55,11.55,11.31,11.49,764500,10.3
2003-05-28,11.81,11.98,11.51,11.54,875200,10.3
2003-05-27,11.70,11.95,11.70,11.81,582500,10.5
2003-05-26,11.89,12.05,11.75,11.88,596800,10.6
2003-05-23,11.70,12.00,11.70,11.84,1693800,10.6
2003-05-22,11.64,11.83,11.50,11.79,558300,10.5
2003-05-21,11.63,11.90,11.50,11.65,988400,10.4
2003-05-20,11.95,11.99,11.60,11.61,1333800,10.4
2003-05-19,11.98,12.50,11.91,11.93,2462900,10.6
2003-05-16,11.66,12.00,11.60,11.95,4854200,10.7
2003-05-15,11.00,11.65,11.00,11.56,3080500,10.3
2003-05-14,10.68,11.05,10.66,11.00,2464500,9.8
2003-05-13,10.98,11.18,10.63,10.78,1986400,9.6
2003-05-12,10.47,10.95,10.39,10.95,1068500,9.8
2003-05-09,10.35,10.35,10.35,10.35,000,9.2
2003-05-08,10.35,10.35,10.35,10.35,000,9.2
2003-05-07,10.35,10.35,10.35,10.35,000,9.2
2003-05-06,10.35,10.35,10.35,10.35,000,9.2
2003-05-05,10.35,10.35,10.35,10.35,000,9.2
2003-05-02,10.35,10.35,10.35,10.35,000,9.2
2003-05-01,10.35,10.35,10.35,10.35,000,9.2
2003-04-30,10.40,10.65,10.30,10.35,823700,9.2
2003-04-29,10.38,10.64,10.10,10.48,1214100,9.3
2003-04-28,10.02,10.44,9.70,10.40,1317300,9.3
2003-04-25,10.00,10.25,9.83,10.01,1265500,8.9
2003-04-24,10.71,10.73,10.00,10.18,1880900,9.1
2003-04-23,11.21,11.33,10.78,10.82,1556600,9.7
2003-04-22,11.10,11.48,11.10,11.26,1216700,10.0
2003-04-21,11.50,11.55,11.00,11.17,1691500,10.0
2003-04-18,11.68,11.98,11.49,11.70,1734700,10.4
2003-04-17,11.45,11.70,11.41,11.58,1977500,10.3
2003-04-16,11.53,12.00,11.28,11.46,4402400,10.2
2003-04-15,11.00,11.65,10.95,11.51,4717500,10.3
2003-04-14,11.15,11.34,10.97,11.08,3319100,9.9
2003-04-11,11.05,11.35,11.00,11.26,2700200,10.0
2003-04-10,11.05,11.22,10.80,11.08,2321900,9.9
2003-04-09,11.09,11.12,10.80,11.05,1798700,9.9
2003-04-08,11.10,11.15,10.89,11.10,1148100,9.9
2003-04-07,10.78,11.13,10.76,11.05,2214100,9.9
2003-04-04,10.81,11.04,10.78,10.80,2130200,9.6
2003-04-03,10.70,10.95,10.62,10.81,2928600,9.6
2003-04-02,10.35,10.77,10.20,10.68,2860000,9.5
2003-04-01,10.36,10.49,10.30,10.37,1376800,9.2
2003-03-31,10.08,10.38,10.08,10.35,1870600,9.2
2003-03-28,10.23,10.33,10.00,10.05,1187000,9.0
2003-03-27,9.82,10.45,9.80,10.25,1693800,9.1
2003-03-26,10.05,10.08,9.79,9.91,560700,8.8
2003-03-25,10.10,10.20,9.98,10.05,560300,9.0
2003-03-24,10.15,10.30,10.01,10.09,1214400,9.0
2003-03-21,9.94,10.21,9.89,10.15,1549800,9.1
2003-03-20,9.74,10.17,9.70,9.94,3485800,8.9
2003-03-19,9.43,9.80,9.35,9.75,491600,8.7
2003-03-18,9.68,9.70,9.45,9.45,310500,8.4
2003-03-17,9.41,9.69,9.39,9.69,518300,8.6
2003-03-14,9.30,10.18,9.28,9.56,593800,8.5
2003-03-13,9.35,9.35,9.24,9.28,82000,8.3
2003-03-12,9.23,9.35,9.20,9.35,132300,8.3
2003-03-11,9.25,9.31,9.15,9.25,152600,8.2
2003-03-10,9.38,9.59,9.21,9.25,302100,8.2
2003-03-07,9.38,9.50,9.34,9.38,202500,8.4
2003-03-06,9.53,9.60,9.35,9.38,272400,8.4
2003-03-05,9.65,9.65,9.49,9.56,330100,8.5
2003-03-04,9.76,9.80,9.65,9.65,346900,8.6
2003-03-03,9.69,9.75,9.63,9.75,309900,8.7
2003-02-28,9.78,9.78,9.62,9.73,269600,8.7
2003-02-27,9.68,9.79,9.56,9.75,413500,8.7
2003-02-26,9.70,9.78,9.53,9.68,499400,8.6
2003-02-25,9.32,9.86,9.32,9.67,1598300,8.6
2003-02-24,9.03,9.41,9.03,9.37,566000,8.4
2003-02-21,9.38,9.38,9.10,9.11,442300,8.1
2003-02-20,9.30,9.50,9.30,9.38,642000,8.4
2003-02-19,9.31,9.42,9.28,9.40,473900,8.4
2003-02-18,9.43,9.43,9.27,9.31,404100,8.3
2003-02-17,9.58,9.58,9.37,9.43,342600,8.4
2003-02-14,9.55,9.69,9.55,9.58,250800,8.5
2003-02-13,9.71,9.78,9.55,9.56,442600,8.5
2003-02-12,9.71,9.72,9.60,9.68,364200,8.6
2003-02-11,9.60,9.72,9.60,9.71,152300,8.7
2003-02-10,9.75,9.80,9.56,9.63,317900,8.6
2003-02-07,9.79,9.79,9.79,9.79,000,8.7
2003-02-06,9.79,9.79,9.79,9.79,000,8.7
2003-02-05,9.79,9.79,9.79,9.79,000,8.7
2003-02-04,9.79,9.79,9.79,9.79,000,8.7
2003-02-03,9.79,9.79,9.79,9.79,000,8.7
2003-01-31,9.79,9.79,9.79,9.79,000,8.7
2003-01-30,9.79,9.79,9.79,9.79,000,8.7
2003-01-29,9.40,9.83,9.40,9.79,843400,8.7
2003-01-28,9.48,9.59,9.40,9.44,136300,8.4
2003-01-27,9.30,9.52,9.30,9.48,355200,8.5
2003-01-24,9.15,9.40,9.05,9.27,162500,8.3
2003-01-23,9.38,9.40,9.18,9.20,171700,8.2
2003-01-22,9.30,9.46,9.30,9.41,218300,8.4
2003-01-21,9.55,9.67,9.36,9.36,516700,8.3
2003-01-20,9.50,9.70,9.38,9.63,574700,8.6
2003-01-17,9.60,9.60,9.35,9.54,698900,8.5
2003-01-16,9.25,9.62,9.18,9.57,1406500,8.5
2003-01-15,9.29,9.45,9.18,9.23,792900,8.2
2003-01-14,8.82,9.54,8.82,9.20,1837600,8.2
2003-01-13,8.82,8.97,8.80,8.90,159100,7.9
2003-01-10,9.09,9.12,8.90,8.94,451600,8.0
2003-01-09,8.94,9.12,8.80,9.09,464800,8.1
2003-01-08,8.52,8.90,8.50,8.79,180100,7.8
2003-01-07,8.55,8.62,8.47,8.51,105100,7.6
2003-01-06,8.36,8.55,8.35,8.54,166400,7.6
2003-01-03,8.50,8.55,8.37,8.46,165600,7.5
2003-01-02,8.80,8.85,8.45,8.46,397100,7.5
2003-01-01,8.98,8.98,8.98,8.98,000,8.0
