Date,Open,High,Low,Close,Volume,Adj Clos
2007-12-28,16.88,17.05,16.59,16.80,1380600,16.6
2007-12-27,17.10,17.80,16.85,16.88,2389300,16.7
2007-12-26,16.45,16.80,16.32,16.80,1262800,16.6
2007-12-25,16.08,16.28,15.97,16.26,840100,16.1
2007-12-24,16.15,16.50,16.03,16.10,1140200,15.9
2007-12-21,15.84,16.10,15.60,16.10,953800,15.9
2007-12-20,15.90,15.97,15.73,15.80,658200,15.6
2007-12-19,15.74,16.00,15.55,15.72,618900,15.5
2007-12-18,16.00,16.34,15.50,15.58,1454900,15.4
2007-12-17,15.29,15.98,15.25,15.94,996900,15.8
2007-12-14,14.92,15.28,14.80,15.20,357800,15.0
2007-12-13,15.50,15.68,15.00,15.03,562700,14.9
2007-12-12,15.45,15.72,15.25,15.50,375200,15.3
2007-12-11,15.30,15.49,15.10,15.47,702700,15.3
2007-12-10,14.70,15.29,14.62,15.23,647900,15.1
2007-12-07,14.70,14.90,14.62,14.89,312300,14.7
2007-12-06,14.80,14.80,14.50,14.62,301200,14.5
2007-12-05,14.31,14.62,14.31,14.60,491000,14.4
2007-12-04,14.41,14.63,14.25,14.39,230700,14.2
2007-12-03,14.50,14.64,14.22,14.49,180300,14.3
2007-11-30,14.67,14.75,14.43,14.60,144200,14.4
2007-11-29,14.50,14.82,14.40,14.78,241300,14.6
2007-11-28,14.70,14.71,14.40,14.52,137700,14.4
2007-11-27,14.86,14.86,14.65,14.70,125000,14.5
2007-11-26,14.98,15.11,14.67,14.85,120600,14.7
2007-11-23,14.61,14.90,14.46,14.89,248900,14.7
2007-11-22,15.18,15.44,14.61,14.61,217700,14.4
2007-11-21,15.77,15.77,15.36,15.36,242600,15.2
2007-11-20,15.36,15.79,15.36,15.60,297100,15.4
2007-11-19,15.12,15.59,15.12,15.40,214800,15.2
2007-11-16,15.47,15.47,14.88,15.14,143100,15.0
2007-11-15,15.46,15.50,15.20,15.47,408600,15.3
2007-11-14,14.99,15.32,14.91,15.32,179600,15.1
2007-11-13,14.83,15.27,14.83,14.90,141100,14.7
2007-11-12,14.95,14.95,14.44,14.81,211900,14.6
2007-11-09,15.11,15.36,14.60,14.78,241300,14.6
2007-11-08,16.12,16.12,15.38,15.42,321200,15.2
2007-11-07,17.40,17.40,16.05,16.10,1017500,15.9
2007-11-06,16.00,16.25,15.61,16.20,464600,16.0
2007-11-05,15.88,16.19,15.53,16.00,283300,15.8
2007-11-02,15.80,16.19,15.30,15.88,596500,15.7
2007-11-01,15.98,16.04,15.75,15.95,1112200,15.8
2007-10-31,14.75,15.90,14.10,15.90,1784700,15.7
2007-10-30,14.21,14.50,14.12,14.45,239500,14.3
2007-10-29,14.26,14.37,13.61,14.21,446500,14.0
2007-10-26,14.50,14.50,13.93,14.26,272200,14.1
2007-10-25,15.68,15.68,14.35,14.38,567400,14.2
2007-10-24,16.48,16.55,15.70,15.70,527500,15.5
2007-10-23,16.54,16.55,15.99,16.18,285500,16.0
2007-10-22,16.76,16.76,16.11,16.25,309600,16.1
2007-10-19,16.78,16.96,16.51,16.79,213900,16.6
2007-10-18,17.42,17.42,16.60,16.75,345600,16.6
2007-10-17,17.10,17.43,17.01,17.22,388400,17.0
2007-10-16,17.28,17.78,16.82,17.06,275400,16.9
2007-10-15,16.80,17.50,16.80,17.27,955600,17.1
2007-10-12,17.51,17.51,16.56,16.80,728400,16.6
2007-10-11,18.03,18.06,17.10,17.51,783500,17.3
2007-10-10,18.85,18.85,17.81,18.20,774900,18.0
2007-10-09,17.45,18.49,17.45,18.37,1282400,18.2
2007-10-08,17.50,17.66,17.05,17.66,557300,17.5
2007-09-28,17.13,17.48,17.10,17.28,428100,17.1
2007-09-27,17.36,17.50,16.80,17.05,599500,16.9
2007-09-26,17.86,18.08,17.33,17.36,405600,17.2
2007-09-25,17.30,17.88,17.28,17.87,583700,17.7
2007-09-24,17.19,17.40,16.38,17.40,644800,17.2
2007-09-21,17.81,17.97,17.05,17.19,759200,17.0
2007-09-20,18.15,18.16,17.70,17.78,509500,17.6
2007-09-19,18.18,18.30,17.79,18.00,590000,17.8
2007-09-18,18.59,18.79,18.00,18.23,608900,18.0
2007-09-17,18.50,18.68,18.30,18.60,569200,18.4
2007-09-14,18.10,19.00,18.10,18.68,550600,18.5
2007-09-13,18.51,18.68,18.10,18.27,611100,18.1
2007-09-12,18.87,18.98,18.02,18.40,873700,18.2
2007-09-11,19.05,19.09,18.32,18.59,1002800,18.4
2007-09-10,18.62,19.10,18.50,19.04,606200,18.8
2007-09-07,19.30,19.40,18.57,18.63,1387800,18.4
2007-09-06,19.79,19.90,19.38,19.41,754200,19.2
2007-09-05,19.80,20.05,19.20,19.40,914500,19.2
2007-09-04,20.90,20.90,19.70,19.81,1092500,19.6
2007-09-03,20.80,20.99,20.45,20.55,1518300,20.3
2007-08-31,20.38,21.66,20.20,21.01,3606700,20.8
2007-08-30,19.82,20.75,19.20,20.42,2966600,20.2
2007-08-29,20.69,20.90,19.75,20.24,3276000,20.0
2007-08-28,20.47,21.00,20.20,20.49,2277800,20.3
2007-08-27,19.70,20.80,19.70,20.31,2083700,20.1
2007-08-24,20.40,20.50,19.50,19.90,2048400,19.7
2007-08-23,20.50,21.00,20.15,20.43,2286700,20.2
2007-08-22,20.05,21.43,19.62,20.40,3998900,20.2
2007-08-21,19.66,20.95,19.40,20.26,4034800,20.0
2007-08-20,18.46,19.96,18.26,19.76,2517700,19.5
2007-08-17,17.68,18.20,17.60,18.15,1270700,18.0
2007-08-16,18.10,18.10,17.50,17.82,921800,17.6
2007-08-15,18.17,18.60,17.41,18.16,1887600,18.0
2007-08-14,17.70,18.18,17.48,17.90,2098000,17.7
2007-08-10,17.55,18.45,17.09,18.10,1590400,17.9
2007-08-09,17.60,17.83,17.36,17.78,1180600,17.6
2007-08-08,17.21,17.49,16.60,17.24,805900,17.0
2007-08-07,17.68,17.77,17.08,17.36,1260500,17.2
2007-08-06,17.41,17.75,17.28,17.50,1315500,17.3
2007-08-03,16.48,17.69,16.31,17.35,2050100,17.2
2007-08-02,16.43,16.50,15.98,16.48,450000,16.3
2007-08-01,17.19,17.28,15.80,15.98,537400,15.8
2007-07-31,16.79,17.09,16.04,17.09,853000,16.9
2007-07-26,16.79,16.90,16.40,16.53,344100,16.3
2007-07-25,16.34,16.70,16.07,16.60,315700,16.4
2007-07-24,16.38,16.79,15.95,16.27,569800,16.1
2007-07-23,15.75,16.29,15.50,16.23,563300,16.0
2007-07-20,15.56,15.78,15.07,15.72,351900,15.5
2007-07-19,15.38,15.50,14.92,15.44,195300,15.3
2007-07-18,15.05,15.50,14.81,15.28,209800,15.1
2007-07-17,15.00,15.49,14.51,15.29,255700,15.1
2007-07-13,14.94,15.05,14.54,14.80,113000,14.6
2007-07-12,14.90,14.99,14.51,14.70,121600,14.5
2007-07-11,14.57,14.90,14.15,14.85,138900,14.7
2007-07-10,15.10,15.10,14.56,14.57,160900,14.4
2007-07-09,14.70,15.12,14.56,15.02,486800,14.8
2007-07-06,14.15,14.72,14.02,14.70,231000,14.5
2007-07-05,14.69,14.70,14.01,14.15,249700,14.0
2007-07-04,14.98,14.99,14.66,14.75,149800,14.6
2007-07-03,14.95,15.19,14.75,14.90,270500,14.7
2007-07-02,14.84,14.95,14.40,14.95,319700,14.8
2007-06-29,14.50,14.87,14.10,14.45,318000,14.3
2007-06-28,15.58,15.69,14.60,14.61,380500,14.4
2007-06-27,15.40,15.98,15.20,15.56,305500,15.4
2007-06-26,14.91,15.58,14.80,15.38,387400,15.2
2007-06-25,16.10,16.10,14.68,15.01,507900,14.8
2007-06-22,16.66,16.98,15.87,16.10,747700,15.9
2007-06-21,17.00,17.20,16.49,16.76,598300,16.6
2007-06-20,17.30,17.76,16.88,17.03,1373300,16.8
2007-06-19,17.25,17.48,16.92,17.28,604400,17.1
2007-06-18,17.26,17.78,17.05,17.35,1208100,17.2
2007-06-15,16.45,17.10,16.05,17.04,910200,16.8
2007-06-14,17.01,17.01,16.60,16.64,696000,16.5
2007-06-13,16.43,17.48,16.35,17.20,1223600,17.0
2007-06-12,16.32,16.46,15.86,16.41,826600,16.2
2007-06-11,16.35,16.48,16.08,16.29,677900,16.1
2007-06-08,16.20,16.40,15.88,16.10,579900,15.9
2007-06-07,15.88,16.30,15.80,16.15,605300,16.0
2007-06-06,15.85,16.18,15.41,15.84,621300,15.7
2007-06-05,14.87,16.00,14.01,15.96,805700,15.8
2007-06-04,15.73,16.05,14.80,14.86,1486300,14.7
2007-05-31,16.10,17.00,15.55,16.81,1431700,16.6
2007-05-30,17.49,17.90,16.34,16.34,1750900,16.2
2007-05-29,18.09,18.20,17.79,18.15,1314400,18.0
2007-05-28,17.89,18.29,17.86,18.03,1405600,17.8
2007-05-25,17.31,17.90,17.21,17.80,1388500,17.6
2007-05-24,17.79,17.82,17.15,17.30,1185800,17.1
2007-05-23,17.65,17.84,17.40,17.73,974800,17.5
2007-05-22,17.41,17.99,17.40,17.60,1160900,17.4
2007-05-21,17.05,17.86,17.01,17.49,909200,17.3
2007-05-18,17.80,18.29,17.64,17.73,890900,17.5
2007-05-17,20.88,21.88,20.80,21.69,1071000,21.5
2007-05-16,20.48,20.86,20.20,20.78,743300,20.6
2007-05-15,21.52,21.60,20.00,20.48,955900,20.3
2007-05-14,21.50,21.98,21.15,21.40,777000,21.2
2007-05-11,21.27,22.18,20.80,21.66,1070500,21.4
2007-05-10,20.01,22.20,20.01,21.41,1692100,21.2
2007-05-09,20.56,20.78,19.60,20.23,1176500,20.0
2007-05-08,20.70,20.80,20.00,20.56,1132600,20.3
2007-04-30,20.15,20.88,19.99,20.35,1107400,20.1
2007-04-27,20.00,20.47,19.80,20.20,837400,20.0
2007-04-25,19.80,20.50,19.07,20.27,1246200,20.1
2007-04-24,20.10,20.55,19.68,20.08,1503100,19.9
2007-04-23,19.88,20.12,19.60,20.08,1275500,19.9
2007-04-20,18.88,20.00,18.88,19.78,1193100,19.6
2007-04-19,19.79,19.88,18.27,18.90,1665900,18.7
2007-04-18,19.90,20.30,19.50,20.13,1105200,19.9
2007-04-17,19.40,20.09,18.55,19.90,1954300,19.7
2007-04-16,19.30,19.80,19.12,19.41,1343900,19.2
2007-04-13,18.60,19.99,18.32,19.25,2829300,19.0
2007-04-12,18.15,18.78,18.06,18.62,1561400,18.4
2007-04-11,18.18,18.20,17.80,18.08,1247300,17.9
2007-04-10,18.20,18.25,17.75,18.20,1268200,18.0
2007-04-09,18.30,18.32,17.95,18.13,1896100,17.9
2007-04-06,18.80,18.89,18.13,18.21,1940000,18.0
2007-04-05,17.94,18.76,17.71,18.74,1712900,18.5
2007-04-04,17.61,18.23,17.50,17.94,1721100,17.7
2007-04-03,17.80,17.95,17.51,17.65,1213100,17.5
2007-04-02,17.13,17.80,17.00,17.80,1636700,17.6
2007-03-30,16.70,17.25,16.70,17.06,830400,16.9
2007-03-29,17.27,17.43,16.80,16.86,1028900,16.7
2007-03-28,17.65,17.78,16.61,17.15,1629400,17.0
2007-03-27,17.30,17.98,17.20,17.65,1697000,17.5
2007-03-26,16.90,17.40,16.90,17.27,1743600,17.1
2007-03-23,16.51,16.94,16.38,16.82,927700,16.6
2007-03-22,16.71,17.00,16.63,16.68,863700,16.5
2007-03-21,16.52,16.69,16.42,16.68,649600,16.5
2007-03-20,16.50,16.66,16.40,16.52,747600,16.3
2007-03-19,16.00,16.69,16.00,16.40,985500,16.2
2007-03-16,17.35,17.46,16.50,16.73,1584000,16.5
2007-03-15,17.15,17.48,17.08,17.31,1699300,17.1
2007-03-14,16.98,17.48,16.31,17.29,2390200,17.1
2007-03-13,16.83,17.18,16.76,17.09,1971000,16.9
2007-03-12,16.90,17.08,16.58,16.81,1767500,16.6
2007-03-09,17.15,17.20,16.65,16.90,2411200,16.7
2007-03-08,17.24,17.38,16.82,17.10,2662400,16.9
2007-03-07,16.80,17.25,16.70,17.23,2037300,17.0
2007-03-06,16.50,17.20,16.06,16.94,1580400,16.8
2007-03-05,16.60,16.68,16.00,16.61,1287000,16.4
2007-03-02,16.00,16.80,15.93,16.61,1814300,16.4
2007-03-01,16.81,16.94,15.60,16.13,1457200,15.9
2007-02-28,15.80,16.90,15.60,16.62,2164900,16.4
2007-02-27,17.38,17.38,15.70,15.70,1659500,15.5
2007-02-26,16.70,17.49,16.48,17.28,1189200,17.1
2007-02-16,16.18,16.98,15.91,16.78,1537400,16.6
2007-02-15,15.70,16.15,15.70,16.11,1423700,15.9
2007-02-14,15.58,15.71,15.51,15.69,716600,15.5
2007-02-13,15.65,15.70,15.42,15.57,359200,15.4
2007-02-12,15.32,15.59,15.25,15.58,628500,15.4
2007-02-09,15.37,15.43,15.21,15.32,314200,15.1
2007-02-08,15.30,15.39,15.10,15.36,450700,15.2
2007-02-07,15.30,15.40,15.20,15.26,396400,15.1
2007-02-06,15.21,15.30,15.04,15.30,341800,15.1
2007-02-05,14.90,15.12,14.86,15.12,244000,14.9
2007-02-02,15.00,15.20,14.85,14.94,435100,14.8
2007-02-01,14.79,15.20,14.72,15.00,575400,14.8
2007-01-31,15.31,15.53,14.82,14.85,573300,14.7
2007-01-30,15.80,15.80,15.28,15.41,685100,15.2
2007-01-29,15.74,15.86,15.20,15.74,941700,15.6
2007-01-26,14.90,15.28,14.51,15.20,719200,15.0
2007-01-25,16.00,16.00,15.00,15.10,1267400,14.9
2007-01-24,16.10,16.29,15.89,16.18,1263400,16.0
2007-01-23,16.05,16.30,15.53,16.01,1778900,15.8
2007-01-22,15.50,16.17,15.48,16.17,2992300,16.0
2007-01-19,14.63,15.07,14.58,14.92,1333000,14.7
2007-01-18,14.53,14.70,14.20,14.61,1058800,14.4
2007-01-17,14.12,14.80,13.95,14.59,1561900,14.4
2007-01-16,14.12,14.12,13.86,14.08,609900,13.9
2007-01-15,13.50,14.10,13.50,14.02,564200,13.9
2007-01-12,14.21,14.22,13.47,13.53,677100,13.4
2007-01-11,14.32,14.42,14.08,14.20,814400,14.0
2007-01-10,14.23,14.27,13.96,14.26,569900,14.1
2007-01-09,14.15,14.38,14.13,14.23,578500,14.1
2007-01-08,13.82,14.15,13.72,14.13,536300,14.0
2007-01-05,13.31,13.90,13.30,13.88,639400,13.7
2007-01-04,13.51,13.58,13.30,13.36,548500,13.2
