Date,Open,High,Low,Close,Volume,Adj Clos
2010-12-31,14.01,14.16,13.81,14.11,2758100,14.1
2010-12-30,13.63,14.33,13.61,14.12,4437300,14.1
2010-12-29,13.15,13.89,12.92,13.75,2489600,13.7
2010-12-28,13.27,13.30,12.71,12.91,837600,12.9
2010-12-27,12.93,13.19,12.68,12.77,694300,12.7
2010-12-24,13.53,13.53,12.84,12.93,1084300,12.9
2010-12-23,13.60,13.80,13.36,13.36,1468700,13.3
2010-12-22,13.58,13.99,13.53,13.62,1997200,13.6
2010-12-21,13.11,13.62,13.11,13.58,1268400,13.5
2010-12-20,13.55,13.55,12.90,13.22,1148200,13.2
2010-12-17,13.41,13.62,13.40,13.46,1006000,13.4
2010-12-16,13.40,13.71,13.35,13.53,1166500,13.5
2010-12-15,13.43,13.60,13.33,13.40,1103000,13.4
2010-12-14,13.25,13.56,13.18,13.46,1904700,13.4
2010-12-13,12.93,13.45,12.89,13.25,1137200,13.2
2010-12-10,12.68,12.91,12.61,12.89,485300,12.8
2010-12-09,12.80,13.01,12.63,12.63,699400,12.6
2010-12-08,13.00,13.16,12.80,12.81,622800,12.8
2010-12-07,12.80,13.10,12.65,13.01,681100,13.0
2010-12-06,13.44,13.53,12.89,12.91,1080900,12.9
2010-12-03,13.60,13.65,13.20,13.44,1330700,13.4
2010-12-02,13.11,13.90,13.11,13.71,2561000,13.7
2010-12-01,13.00,13.19,12.86,13.11,625900,13.1
2010-11-30,13.62,13.63,12.75,12.98,1383900,12.9
2010-11-29,13.31,13.70,13.25,13.63,1705800,13.6
2010-11-26,13.30,13.45,13.18,13.31,953100,13.3
2010-11-25,13.45,13.45,13.22,13.31,1192300,13.3
2010-11-24,13.22,13.48,13.11,13.43,1830300,13.4
2010-11-23,13.03,13.40,12.86,13.28,2602700,13.2
2010-11-22,12.90,13.14,12.75,13.03,1032800,13.0
2010-11-19,12.65,12.95,12.50,12.90,1484300,12.9
2010-11-18,12.44,12.58,12.38,12.52,539000,12.5
2010-11-17,12.40,12.74,12.33,12.38,896000,12.3
2010-11-16,12.57,12.90,12.30,12.50,1179700,12.5
2010-11-15,12.51,12.75,12.38,12.66,1106100,12.6
2010-11-12,13.53,13.68,12.28,12.40,1840800,12.4
2010-11-11,13.88,14.03,13.57,13.57,1616200,13.5
2010-11-10,13.75,13.98,13.58,13.93,1547600,13.9
2010-11-09,13.74,13.89,13.58,13.73,1407800,13.7
2010-11-08,13.40,13.87,13.40,13.73,1931000,13.7
2010-11-05,13.50,13.60,13.30,13.40,1326800,13.4
2010-11-04,13.01,13.51,13.01,13.41,2192300,13.4
2010-11-03,13.30,13.45,13.02,13.04,1077200,13.0
2010-11-02,13.27,13.52,13.13,13.34,1739300,13.3
2010-11-01,13.14,13.26,13.07,13.18,1374300,13.1
2010-10-29,12.94,13.18,12.88,13.15,925100,13.1
2010-10-28,13.03,13.24,12.84,13.01,881500,13.0
2010-10-27,12.97,13.44,12.91,13.02,2112500,13.0
2010-10-26,13.09,13.09,12.80,12.94,1583500,12.9
2010-10-25,13.27,13.27,12.81,13.19,2119400,13.1
2010-10-22,12.85,13.59,12.85,13.27,4582000,13.2
2010-10-21,12.29,12.57,12.17,12.57,1111900,12.5
2010-10-20,12.10,12.48,12.04,12.34,729700,12.3
2010-10-19,11.75,12.30,11.65,12.26,1569400,12.2
2010-10-18,12.11,12.21,11.50,11.62,1321600,11.6
2010-10-15,12.54,12.75,12.19,12.22,971000,12.2
2010-10-14,13.10,13.21,12.52,12.67,896700,12.6
2010-10-13,12.98,13.24,12.90,13.10,836200,13.1
2010-10-12,12.88,13.05,12.84,12.98,590800,12.9
2010-10-11,12.85,12.97,12.78,12.88,797000,12.8
2010-10-08,12.58,13.10,12.58,12.87,741300,12.8
2010-09-30,12.30,12.65,12.30,12.57,418800,12.5
2010-09-29,12.80,12.89,12.53,12.53,558100,12.5
2010-09-28,13.00,13.03,12.78,12.78,481300,12.7
2010-09-27,12.78,13.09,12.78,13.00,526100,13.0
2010-09-21,12.80,12.94,12.60,12.78,383000,12.7
2010-09-20,12.74,12.83,12.59,12.76,616200,12.7
2010-09-17,12.59,12.97,12.59,12.73,691900,12.7
2010-09-16,13.44,13.74,12.60,12.70,1203500,12.7
2010-09-15,13.65,13.77,13.28,13.41,1171500,13.4
2010-09-14,13.84,13.86,13.56,13.71,1014100,13.7
2010-09-13,13.58,13.82,13.45,13.76,1415400,13.7
2010-09-10,13.49,13.65,13.20,13.55,1102200,13.5
2010-09-09,13.48,13.82,13.30,13.43,1864500,13.4
2010-09-08,13.31,13.49,13.23,13.44,1381500,13.4
2010-09-07,13.01,13.57,12.98,13.42,2119200,13.4
2010-09-06,13.25,13.29,12.98,13.04,1394500,13.0
2010-09-03,13.12,13.25,12.90,13.18,1492700,13.1
2010-09-02,13.01,13.20,12.98,13.11,1322700,13.1
2010-09-01,13.50,13.50,12.81,12.98,1827800,12.9
2010-08-31,13.50,13.74,13.20,13.50,2657100,13.5
2010-08-30,13.40,14.20,13.31,13.50,5891300,13.5
2010-08-27,13.08,13.54,13.01,13.41,1631600,13.4
2010-08-26,12.90,13.30,12.62,13.22,1605600,13.2
2010-08-25,13.19,13.19,12.85,12.89,1273600,12.8
2010-08-24,13.10,13.25,12.90,13.22,1120600,13.2
2010-08-23,13.10,13.30,13.04,13.18,1631800,13.1
2010-08-20,12.94,13.47,12.58,13.21,3753200,13.2
2010-08-19,12.85,13.50,12.85,13.10,5033700,13.1
2010-08-18,12.64,12.88,12.35,12.84,3016400,12.8
2010-08-17,12.70,12.72,12.55,12.61,1342000,12.6
2010-08-16,12.65,12.74,12.53,12.69,2042900,12.6
2010-08-13,12.31,12.80,12.21,12.68,3659900,12.6
2010-08-12,12.16,12.78,12.10,12.45,3933400,12.4
2010-08-11,11.79,12.27,11.78,12.23,2088400,12.2
2010-08-10,12.22,12.22,11.83,11.84,2209600,11.8
2010-08-09,11.86,12.18,11.86,12.14,1539700,12.1
2010-08-06,11.79,11.95,11.67,11.92,1255800,11.9
2010-08-05,11.89,11.98,11.79,11.82,1059100,11.8
2010-08-04,11.75,12.03,11.58,11.89,1702000,11.8
2010-08-03,11.90,12.05,11.61,11.83,2110000,11.8
2010-08-02,11.55,11.85,11.55,11.81,1412500,11.8
2010-07-30,11.60,11.65,11.35,11.50,949800,11.5
2010-07-29,11.52,11.69,11.35,11.59,1608000,11.5
2010-07-28,11.36,11.60,11.15,11.50,1413100,11.5
2010-07-27,11.30,11.44,11.20,11.34,992100,11.3
2010-07-26,11.30,11.40,11.04,11.30,1378000,11.3
2010-07-23,11.50,11.65,11.30,11.33,2378400,11.3
2010-07-22,11.10,11.34,10.99,11.34,2117900,11.3
2010-07-21,11.10,11.24,10.86,11.12,2165400,11.1
2010-07-20,10.40,11.19,10.40,11.14,2524000,11.1
2010-07-19,10.20,10.45,9.98,10.41,848300,10.4
2010-07-16,10.20,10.35,9.95,10.24,678600,10.2
2010-07-15,10.57,10.58,10.21,10.22,671700,10.2
2010-07-14,10.52,10.75,10.45,10.58,860000,10.5
2010-07-13,10.56,10.63,10.33,10.49,938800,10.4
2010-07-12,10.37,10.80,10.35,10.66,1426100,10.6
2010-07-09,10.04,10.37,9.94,10.37,1215400,10.3
2010-07-08,10.04,10.10,9.91,10.06,833100,10.0
2010-07-07,9.87,10.04,9.87,10.03,802300,10.0
2010-07-06,9.73,9.98,9.68,9.94,950700,9.9
2010-07-05,9.75,9.83,9.61,9.73,660700,9.7
2010-07-02,9.50,9.92,9.43,9.90,1581200,9.9
2010-07-01,9.73,9.84,9.47,9.50,1024300,9.5
2010-06-30,10.08,10.08,9.50,9.70,880500,9.7
2010-06-29,11.14,11.14,10.10,10.11,1430700,10.1
2010-06-28,11.62,11.69,11.06,11.08,1034300,11.0
2010-06-25,12.01,12.10,11.63,11.70,972500,11.7
2010-06-24,12.19,12.40,11.96,12.10,1833300,12.1
2010-06-23,12.10,12.10,11.82,11.94,1661500,11.9
2010-06-22,11.92,13.00,11.85,12.36,3575200,12.3
2010-06-21,11.48,11.97,11.27,11.93,1249500,11.9
2010-06-18,11.58,11.74,11.22,11.48,723600,11.4
2010-06-17,11.75,11.88,11.64,11.69,477400,11.6
2010-06-11,11.62,11.78,11.62,11.74,575000,11.7
2010-06-10,11.65,11.90,11.51,11.68,872800,11.6
2010-06-09,11.55,11.76,11.43,11.68,1112300,11.6
2010-06-08,11.36,11.50,11.26,11.45,499200,11.4
2010-06-07,11.19,11.43,11.12,11.36,426400,11.3
2010-06-04,11.01,11.48,11.01,11.36,762800,11.3
2010-06-03,11.21,11.36,11.04,11.12,675100,11.1
2010-06-02,11.00,11.23,10.93,11.21,560100,11.2
2010-06-01,11.42,11.64,10.72,11.13,837600,11.1
2010-05-31,11.88,12.00,11.53,11.54,957000,11.5
2010-05-28,11.97,12.08,11.75,11.97,1651300,11.9
2010-05-27,11.75,12.00,11.61,11.88,1044300,11.8
2010-05-26,12.15,12.15,11.70,11.79,1113100,11.7
2010-05-25,12.30,12.54,12.10,12.12,2357600,12.1
2010-05-24,11.67,12.33,11.48,12.16,2535900,12.1
2010-05-21,11.10,11.78,10.53,11.78,1508300,11.7
2010-05-20,11.00,11.29,10.82,11.17,972000,11.1
2010-05-18,11.51,11.60,10.40,11.39,1254300,11.3
2010-05-17,12.19,12.19,11.38,11.43,679000,11.4
2010-05-14,12.04,12.32,11.91,12.24,1080600,12.2
2010-05-13,11.78,12.25,11.50,12.10,829300,12.1
2010-05-12,11.56,11.87,11.42,11.84,777400,11.8
2010-05-11,11.98,12.17,11.58,11.60,545700,11.6
2010-05-10,11.76,12.04,11.51,11.80,632600,11.8
2010-05-07,11.90,12.10,11.50,11.90,770000,11.9
2010-05-06,12.32,12.40,12.03,12.11,697900,12.1
2010-05-05,11.81,12.35,11.81,12.32,756000,12.3
2010-05-04,11.90,12.30,11.85,11.98,701700,11.9
2010-04-30,12.60,12.70,11.65,12.20,1608300,12.2
2010-04-29,12.60,12.84,12.44,12.70,1146600,12.7
2010-04-28,13.00,13.00,12.28,12.75,1915400,12.7
2010-04-27,14.38,14.38,13.25,13.27,3654300,13.2
2010-04-26,14.92,15.10,14.50,14.72,2391700,14.7
2010-04-23,15.56,15.60,14.90,15.00,3268000,15.0
2010-04-22,14.72,15.55,14.60,15.35,4239800,15.3
2010-04-21,14.40,14.89,14.31,14.73,2636400,14.7
2010-04-20,13.85,14.65,13.78,14.43,2189200,14.4
2010-04-19,13.94,14.30,13.61,13.87,1718000,13.8
2010-04-16,14.07,14.17,13.88,13.88,626000,13.8
2010-04-15,14.37,14.41,13.92,14.00,980500,14.0
2010-04-14,14.11,14.40,14.02,14.37,947500,14.3
2010-04-13,14.62,14.78,13.75,14.25,1874400,14.2
2010-04-12,14.48,15.03,14.48,14.70,3189100,14.7
2010-04-09,14.03,14.39,14.03,14.39,1584400,14.3
2010-04-08,14.36,14.38,14.08,14.11,1239000,14.1
2010-04-07,14.35,14.47,14.15,14.42,1060400,14.4
2010-04-06,14.29,14.54,14.29,14.48,1360200,14.4
2010-04-02,14.36,14.47,14.21,14.28,1251200,14.2
2010-04-01,14.25,14.57,14.24,14.42,1936600,14.4
2010-03-31,13.99,14.29,13.93,14.25,1632900,14.2
2010-03-30,14.01,14.14,13.91,13.99,1092800,13.9
2010-03-29,14.02,14.19,13.78,14.09,2133900,14.0
2010-03-26,13.95,14.14,13.72,13.98,1414700,13.9
2010-03-25,14.38,14.38,13.91,13.99,2125500,13.9
2010-03-24,14.28,14.54,14.01,14.45,3776600,14.4
2010-03-23,14.35,14.90,14.21,14.39,7953300,14.3
2010-03-22,13.52,13.84,13.52,13.77,1644300,13.7
2010-03-19,13.51,13.70,13.44,13.59,1287800,13.5
2010-03-18,13.40,13.59,13.36,13.50,1329100,13.5
2010-03-17,13.24,13.57,13.21,13.50,1607500,13.5
2010-03-16,12.87,13.30,12.87,13.30,1402100,13.3
2010-03-15,12.90,13.00,12.75,12.86,601700,12.8
2010-03-12,13.09,13.28,12.90,12.96,965700,12.9
2010-03-11,12.92,13.29,12.92,13.08,977800,13.0
2010-03-10,13.26,13.37,12.84,12.98,1234100,12.9
2010-03-09,13.45,13.45,13.03,13.29,1526900,13.2
2010-03-08,13.60,13.74,13.33,13.39,3502700,13.3
2010-03-05,12.62,13.70,12.40,13.60,2740000,13.6
2010-03-04,13.27,13.27,12.60,12.63,1377800,12.6
2010-03-03,13.19,13.30,13.00,13.24,1595800,13.2
2010-03-02,13.09,13.18,12.88,13.13,1093400,13.1
2010-03-01,12.78,13.09,12.71,13.09,1295600,13.0
2010-02-26,12.74,12.90,12.60,12.80,1026000,12.8
2010-02-25,12.55,12.81,12.55,12.74,1308900,12.7
2010-02-24,12.15,12.60,12.15,12.57,940000,12.5
2010-02-23,12.22,12.30,12.01,12.13,732500,12.1
2010-02-22,12.21,12.35,12.21,12.26,453000,12.2
2010-02-12,12.21,12.42,12.20,12.28,513800,12.2
2010-02-11,12.36,12.36,12.15,12.18,377600,12.1
2010-02-10,12.29,12.37,12.26,12.35,406700,12.3
2010-02-09,12.14,12.25,12.02,12.24,516700,12.2
2010-02-08,11.96,12.17,11.90,12.11,440300,12.1
2010-02-05,12.00,12.19,11.80,11.95,990200,11.9
2010-02-04,12.21,12.46,11.96,12.22,961500,12.2
2010-02-03,11.98,12.20,11.55,12.20,1225600,12.2
2010-02-02,11.95,12.18,11.90,11.95,798600,11.9
2010-02-01,12.41,12.42,11.91,11.91,1424900,11.9
2010-01-29,12.38,12.85,12.36,12.60,830300,12.6
2010-01-28,12.47,12.60,12.33,12.43,567200,12.4
2010-01-27,12.60,12.77,12.20,12.29,889900,12.2
2010-01-26,13.38,13.50,12.58,12.68,1476800,12.6
2010-01-25,13.88,13.99,13.36,13.38,1116200,13.3
2010-01-22,14.00,14.33,13.43,13.78,2818400,13.7
2010-01-21,13.13,14.35,13.13,14.04,3188500,14.0
2010-01-20,13.88,13.93,13.11,13.14,2077800,13.1
2010-01-19,13.85,13.96,13.60,13.82,1996200,13.8
2010-01-18,13.90,14.18,13.71,13.83,2144400,13.8
2010-01-15,13.89,14.29,13.87,13.93,2853800,13.9
2010-01-14,13.56,13.87,13.56,13.79,2586700,13.7
2010-01-13,13.29,13.75,13.15,13.54,2325500,13.5
2010-01-12,13.20,13.76,13.14,13.52,2931800,13.5
2010-01-11,12.87,13.22,12.67,13.22,1883200,13.2
2010-01-08,12.70,12.87,12.59,12.82,1577500,12.8
2010-01-07,13.08,13.17,12.65,12.72,1907300,12.7
2010-01-06,13.25,13.50,13.10,13.10,2191800,13.1
2010-01-05,13.11,13.25,12.75,13.25,2589300,13.2
2010-01-04,13.28,13.35,13.10,13.15,1567700,13.1
