Date,Open,High,Low,Close,Volume,Adj Clos
2005-12-30,6.42,6.46,6.24,6.26,1934300,6.2
2005-12-29,6.22,6.43,6.20,6.42,4066700,6.4
2005-12-28,6.17,6.22,6.13,6.20,2125700,6.2
2005-12-27,6.09,6.20,6.00,6.19,2062300,6.1
2005-12-26,5.98,6.08,5.90,6.07,1940700,6.0
2005-12-23,5.89,6.00,5.70,6.00,2998700,6.0
2005-12-22,5.99,6.02,5.89,5.93,929400,5.9
2005-12-21,6.06,6.16,5.95,5.95,1493400,5.9
2005-12-20,6.22,6.40,5.98,6.09,3383600,6.0
2005-12-19,6.14,6.26,6.10,6.22,2155000,6.2
2005-12-16,6.15,6.17,6.05,6.14,1279200,6.1
2005-12-15,6.06,6.17,5.95,6.16,3242200,6.1
2005-12-14,6.01,6.08,5.90,6.05,2686600,6.0
2005-12-13,5.96,6.05,5.91,6.01,2604500,6.0
2005-12-12,6.09,6.09,5.88,5.97,1260300,5.9
2005-12-09,6.21,6.25,6.05,6.09,2286600,6.0
2005-12-08,6.18,6.34,6.06,6.22,3040500,6.2
2005-12-07,6.15,6.29,6.08,6.19,1415300,6.1
2005-12-06,6.35,6.40,6.08,6.19,2336400,6.1
2005-12-05,6.45,6.52,6.35,6.38,2312800,6.3
2005-12-02,6.62,6.75,6.40,6.46,2748200,6.4
2005-12-01,6.60,6.70,6.47,6.64,3714300,6.6
2005-11-30,6.43,6.64,6.40,6.62,2725900,6.6
2005-11-29,6.69,6.70,6.43,6.50,2554900,6.5
2005-11-28,7.08,7.15,6.76,6.81,2762600,6.8
2005-11-25,7.23,7.34,7.13,7.21,1528600,7.2
2005-11-24,7.09,7.35,7.07,7.23,2418800,7.2
2005-11-23,7.28,7.28,7.03,7.10,2214800,7.1
2005-11-22,7.32,7.32,7.32,7.32,000,7.3
2005-11-21,7.37,7.54,7.18,7.32,2566200,7.3
2005-11-18,7.20,7.59,7.14,7.37,3310700,7.3
2005-11-17,7.41,7.67,7.08,7.23,3274700,7.2
2005-11-16,6.93,7.40,6.93,7.38,2868800,7.3
2005-11-15,6.95,7.05,6.92,6.94,346100,6.9
2005-11-14,6.94,7.01,6.94,6.95,234900,6.9
2005-11-11,6.98,7.25,6.95,6.96,775600,6.9
2005-11-10,7.40,7.40,6.80,7.04,1035200,7.0
2005-11-09,7.67,7.78,7.34,7.45,988300,7.4
2005-11-08,7.77,7.78,7.60,7.69,1032100,7.6
2005-11-07,7.72,7.91,7.60,7.80,752800,7.8
2005-11-04,7.81,7.95,7.60,7.80,638800,7.8
2005-11-03,8.03,8.09,7.68,7.81,865400,7.8
2005-11-02,7.68,8.04,7.66,8.01,2093500,8.0
2005-11-01,7.82,8.00,7.60,7.74,182500,7.7
2005-10-31,7.84,8.00,7.73,7.85,721800,7.8
2005-10-28,8.28,8.33,7.82,7.86,467600,7.8
2005-10-27,8.29,8.39,8.27,8.28,220800,8.2
2005-10-26,8.27,8.32,8.20,8.28,932500,8.2
2005-10-25,8.27,8.32,8.25,8.27,209400,8.2
2005-10-24,8.14,8.33,8.13,8.27,341300,8.2
2005-10-21,8.29,8.37,8.12,8.17,1082400,8.1
2005-10-20,8.63,8.63,8.20,8.35,1033100,8.3
2005-10-19,8.76,8.91,8.58,8.72,1203300,8.7
2005-10-18,8.90,8.90,8.55,8.87,1263200,8.8
2005-10-17,8.86,9.20,8.83,8.98,2011500,8.9
2005-10-14,8.80,8.88,8.65,8.86,2500800,8.8
2005-10-13,9.16,9.22,8.72,8.88,1652000,8.8
2005-10-12,9.05,9.40,9.02,9.28,3784800,9.2
2005-10-11,8.58,9.05,8.54,9.03,2860500,9.0
2005-10-10,9.15,9.21,8.82,8.84,230600,8.8
2005-10-07,9.21,9.21,9.21,9.21,000,9.2
2005-10-06,9.21,9.21,9.21,9.21,000,9.2
2005-10-05,9.21,9.21,9.21,9.21,000,9.2
2005-10-04,9.21,9.21,9.21,9.21,000,9.2
2005-10-03,9.21,9.21,9.21,9.21,000,9.2
2005-09-30,9.27,9.45,9.20,9.21,397500,9.2
2005-09-29,9.40,9.46,9.00,9.32,430700,9.3
2005-09-28,10.00,10.06,9.40,9.44,540200,9.4
2005-09-27,10.65,10.71,9.88,10.11,975300,10.1
2005-09-26,10.57,10.73,10.43,10.63,846200,10.6
2005-09-23,10.48,10.72,10.42,10.58,1343700,10.5
2005-09-22,10.36,10.49,10.28,10.48,825600,10.4
2005-09-21,10.39,10.44,10.28,10.40,432700,10.4
2005-09-20,10.36,10.44,10.28,10.39,474600,10.3
2005-09-19,10.44,10.46,10.25,10.36,399600,10.3
2005-09-16,10.30,10.45,10.24,10.40,460000,10.4
2005-09-15,10.29,10.38,10.20,10.32,469300,10.3
2005-09-14,10.32,10.43,10.21,10.29,361600,10.2
2005-09-13,10.15,10.36,10.10,10.32,513600,10.3
2005-09-12,10.15,10.25,10.11,10.19,308600,10.1
2005-09-09,10.14,10.25,10.11,10.17,316000,10.1
2005-09-08,10.42,10.49,10.09,10.20,319600,10.2
2005-09-07,10.49,10.59,10.40,10.43,148700,10.4
2005-09-06,10.54,10.58,10.33,10.49,268000,10.4
2005-09-05,10.65,10.70,10.50,10.56,211500,10.5
2005-09-02,10.48,10.70,10.42,10.62,553900,10.6
2005-09-01,10.15,10.52,10.12,10.48,480700,10.4
2005-08-31,10.14,10.23,10.13,10.18,311700,10.1
2005-08-30,10.22,10.23,10.10,10.14,109100,10.1
2005-08-29,10.12,10.26,10.10,10.23,220700,10.2
2005-08-26,10.10,10.20,10.08,10.15,187100,10.1
2005-08-25,10.23,10.35,10.03,10.19,394400,10.1
2005-08-24,10.30,10.38,10.16,10.28,482300,10.2
2005-08-23,10.52,10.59,10.37,10.40,477000,10.4
2005-08-22,10.55,10.68,10.47,10.52,520800,10.5
2005-08-19,10.55,10.62,10.45,10.55,314400,10.5
2005-08-18,10.40,10.57,10.36,10.55,299700,10.5
2005-08-17,10.48,10.52,10.35,10.40,231900,10.4
2005-08-16,10.31,10.51,10.30,10.48,470100,10.4
2005-08-15,10.60,10.62,10.25,10.45,424000,10.4
2005-08-12,11.06,11.20,10.60,10.64,522800,10.6
2005-08-11,10.97,11.10,10.91,11.03,390900,11.0
2005-08-10,11.01,11.04,10.90,11.00,192700,11.0
2005-08-09,11.04,11.14,10.85,11.01,231700,11.0
2005-08-08,11.22,11.24,11.00,11.05,282800,11.0
2005-08-05,11.01,11.35,11.01,11.24,431400,11.2
2005-08-04,11.03,11.03,10.83,11.01,78600,11.0
2005-08-03,10.91,11.10,10.91,11.03,291600,11.0
2005-08-02,10.98,11.01,10.90,10.91,48700,10.9
2005-08-01,11.05,11.05,10.94,10.98,23500,10.9
2005-07-29,11.03,11.19,10.95,11.05,113300,11.0
2005-07-28,10.87,11.03,10.83,11.03,141100,11.0
2005-07-27,10.95,10.95,10.80,10.87,22400,10.8
2005-07-26,10.85,10.95,10.85,10.95,36700,10.9
2005-07-25,10.80,10.88,10.78,10.85,38400,10.8
2005-07-22,10.70,10.84,10.70,10.80,47300,10.8
2005-07-21,10.75,10.77,10.69,10.72,29400,10.7
2005-07-20,10.80,10.80,10.70,10.75,24700,10.7
2005-07-19,10.86,10.89,10.78,10.83,15400,10.8
2005-07-18,10.89,10.90,10.80,10.86,34600,10.8
2005-07-15,10.89,10.94,10.88,10.90,20300,10.9
2005-07-14,10.87,10.96,10.80,10.89,39000,10.8
2005-07-13,10.99,11.00,10.80,10.91,39000,10.9
2005-07-12,10.89,11.00,10.80,10.99,60300,10.9
2005-07-11,10.78,10.89,10.70,10.89,54700,10.8
2005-07-08,10.75,10.80,10.69,10.77,42500,10.7
2005-07-07,10.80,10.83,10.73,10.76,51600,10.7
2005-07-06,10.85,10.88,10.79,10.80,60700,10.8
2005-07-05,10.73,10.97,10.62,10.85,510900,10.8
2005-07-04,11.00,11.02,10.70,10.75,63500,10.7
2005-07-01,11.25,11.28,11.00,11.05,154000,11.0
2005-06-30,11.34,11.37,11.22,11.26,83300,11.2
2005-06-29,11.31,11.40,11.24,11.33,135800,11.3
2005-06-28,11.31,11.41,11.20,11.33,257200,11.3
2005-06-27,11.55,11.55,11.14,11.39,294000,11.3
2005-06-24,11.50,11.54,11.19,11.30,338900,11.3
2005-06-23,11.77,11.77,11.47,11.56,295400,11.5
2005-06-22,11.58,11.88,11.58,11.78,515300,11.7
2005-06-21,11.69,11.76,11.57,11.64,191300,11.6
2005-06-20,11.80,11.81,11.54,11.74,334800,11.7
2005-06-17,11.90,11.96,11.70,11.81,379600,11.8
2005-06-16,11.60,11.91,11.53,11.89,378300,11.8
2005-06-15,11.45,11.63,11.45,11.60,350500,11.6
2005-06-14,11.63,11.76,11.40,11.48,479400,11.4
2005-06-13,11.95,11.98,11.70,11.72,533200,11.7
2005-06-10,12.29,12.33,11.85,11.98,808500,11.9
2005-06-09,12.06,12.55,11.89,12.38,1566800,12.3
2005-06-08,11.11,12.20,11.11,12.06,649300,12.0
2005-06-07,11.18,11.20,11.03,11.11,149500,11.1
2005-06-06,11.28,11.31,11.10,11.24,179900,11.2
2005-06-03,11.22,11.30,11.15,11.28,128300,11.2
2005-06-02,11.43,11.45,11.19,11.24,191300,11.2
2005-06-01,11.55,11.75,11.40,11.44,254000,11.4
2005-05-31,11.57,11.57,11.57,11.57,000,11.5
2005-05-30,11.60,11.68,11.50,11.57,271900,11.5
2005-05-27,11.13,11.64,11.12,11.62,774500,11.6
2005-05-26,11.10,11.24,11.09,11.13,148400,11.1
2005-05-25,11.09,11.24,11.05,11.10,204400,11.1
2005-05-24,11.03,11.09,11.01,11.09,78600,11.0
2005-05-23,11.27,11.30,11.06,11.06,133800,11.0
2005-05-20,11.47,11.47,11.26,11.31,192900,11.3
2005-05-19,11.15,11.58,11.15,11.47,456600,11.4
2005-05-18,11.11,11.20,11.06,11.15,250700,11.1
2005-05-17,10.98,11.15,10.96,11.11,162200,11.1
2005-05-16,10.97,11.01,10.93,10.98,150100,10.9
2005-05-13,11.13,11.17,10.98,10.98,135600,10.9
2005-05-12,11.21,11.24,11.13,11.19,159600,11.1
2005-05-11,11.32,11.37,11.21,11.26,238600,11.2
2005-05-10,11.18,11.36,11.14,11.32,342000,11.3
2005-05-09,11.05,11.18,11.00,11.16,239400,11.1
2005-05-06,11.03,11.03,11.03,11.03,000,11.0
2005-05-05,11.03,11.03,11.03,11.03,000,11.0
2005-05-04,11.03,11.03,11.03,11.03,000,11.0
2005-05-03,11.03,11.03,11.03,11.03,000,11.0
2005-05-02,11.03,11.03,11.03,11.03,000,11.0
2005-04-29,10.95,11.10,10.82,11.03,187500,11.0
2005-04-28,10.73,10.97,10.73,10.95,292600,10.9
2005-04-27,10.82,10.82,10.73,10.78,149000,10.7
2005-04-26,10.88,10.90,10.68,10.77,232900,10.7
2005-04-25,10.86,10.97,10.82,10.88,149500,10.8
2005-04-22,10.70,10.88,10.65,10.88,499700,10.8
2005-04-21,10.75,10.81,10.60,10.75,238300,10.7
2005-04-20,11.12,11.12,10.76,10.89,418900,10.8
2005-04-19,10.90,11.15,10.80,11.12,806600,11.1
2005-04-18,11.18,11.28,10.89,10.96,898700,10.9
2005-04-15,11.36,11.50,11.15,11.32,923700,11.3
2005-04-14,11.74,11.80,11.35,11.40,944100,11.4
2005-04-13,11.20,11.90,11.20,11.83,1213400,11.8
2005-04-12,10.96,11.22,10.88,11.22,687700,11.2
2005-04-11,10.60,11.15,10.58,11.01,1025900,11.0
2005-04-08,10.73,10.88,10.58,10.66,677800,10.6
2005-04-07,10.65,10.95,10.65,10.91,656000,10.9
2005-04-06,10.58,10.69,10.49,10.67,144900,10.6
2005-04-05,10.82,10.90,10.61,10.69,226300,10.6
2005-04-04,10.70,10.92,10.63,10.85,311500,10.8
2005-04-01,10.55,10.78,10.37,10.72,111100,10.7
2005-03-31,10.61,10.66,10.50,10.57,63900,10.5
2005-03-30,10.61,10.70,10.41,10.67,116000,10.6
2005-03-29,10.52,10.92,10.49,10.70,393400,10.7
2005-03-28,10.70,10.79,10.50,10.58,233800,10.5
2005-03-25,10.95,10.95,10.69,10.80,175000,10.8
2005-03-24,11.00,11.05,10.95,10.98,91300,10.9
2005-03-23,11.00,11.12,10.95,11.00,45400,11.0
2005-03-22,11.21,11.30,10.75,11.02,86400,11.0
2005-03-21,11.70,11.73,11.01,11.30,211900,11.3
2005-03-18,11.50,11.80,11.33,11.73,351400,11.7
2005-03-17,12.21,12.21,11.60,11.72,245600,11.7
2005-03-16,12.21,12.34,12.14,12.26,494800,12.2
2005-03-15,12.07,12.33,12.05,12.27,916700,12.2
2005-03-14,12.57,12.58,11.88,12.12,1091600,12.1
2005-03-11,12.75,12.80,12.48,12.68,746500,12.6
2005-03-10,12.61,13.15,12.46,13.10,1561300,13.1
2005-03-09,12.84,12.90,12.58,12.78,844800,12.7
2005-03-08,12.52,13.16,12.52,13.08,1192200,13.0
2005-03-07,12.41,12.60,12.25,12.57,866400,12.5
2005-03-04,12.14,12.63,12.14,12.49,1828300,12.4
2005-03-03,11.95,12.20,11.90,12.12,238500,12.1
2005-03-02,12.06,12.25,11.95,11.97,384900,11.9
2005-03-01,12.30,12.45,12.00,12.06,529900,12.0
2005-02-28,12.22,12.60,12.07,12.30,961900,12.3
2005-02-25,12.11,12.30,12.11,12.23,1226600,12.2
2005-02-24,12.00,12.29,11.90,12.12,742200,12.1
2005-02-23,11.95,12.20,11.92,12.07,644100,12.0
2005-02-22,11.73,12.00,11.71,11.95,200600,11.9
2005-02-21,11.74,11.80,11.70,11.74,11300,11.7
2005-02-18,11.78,11.85,11.73,11.75,24700,11.7
2005-02-17,11.84,11.90,11.71,11.81,24900,11.8
2005-02-16,11.85,11.95,11.71,11.86,74500,11.8
2005-02-15,11.85,11.85,11.85,11.85,000,11.8
2005-02-14,11.85,11.85,11.85,11.85,000,11.8
2005-02-11,11.85,11.85,11.85,11.85,000,11.8
2005-02-10,11.85,11.85,11.85,11.85,000,11.8
2005-02-09,11.85,11.85,11.85,11.85,000,11.8
2005-02-08,11.85,11.85,11.85,11.85,000,11.8
2005-02-07,11.85,11.85,11.85,11.85,000,11.8
2005-02-04,11.86,12.00,11.72,11.85,51400,11.8
2005-02-03,11.94,11.99,11.89,11.92,80500,11.9
2005-02-02,11.86,11.99,11.81,11.94,132500,11.9
2005-02-01,11.78,12.00,11.78,11.88,143700,11.8
2005-01-31,11.64,11.98,11.61,11.82,171100,11.8
2005-01-28,11.53,11.65,11.51,11.64,18400,11.6
2005-01-27,11.53,11.74,11.52,11.55,34100,11.5
2005-01-26,11.68,11.80,11.56,11.56,80100,11.5
2005-01-25,11.88,11.92,11.60,11.71,97400,11.7
2005-01-24,11.86,12.00,11.86,11.90,157500,11.9
2005-01-21,11.79,12.00,11.74,11.85,310800,11.8
2005-01-20,11.69,11.99,11.69,11.80,293300,11.8
2005-01-19,11.54,11.80,11.49,11.69,140300,11.6
2005-01-18,11.50,11.60,11.33,11.55,75300,11.5
2005-01-17,11.72,11.72,11.31,11.53,79700,11.5
2005-01-14,11.74,12.00,11.70,11.74,251600,11.7
2005-01-13,11.73,11.92,11.71,11.75,126200,11.7
2005-01-12,12.00,12.06,11.84,11.88,95400,11.8
2005-01-11,11.95,12.07,11.91,11.98,183200,11.9
2005-01-10,11.88,12.10,11.88,11.96,555100,11.9
2005-01-07,11.68,12.00,11.30,11.91,304300,11.9
2005-01-06,12.04,12.15,11.65,11.70,114900,11.7
2005-01-05,12.02,12.19,11.97,12.05,61700,12.0
2005-01-04,12.08,12.25,12.03,12.03,52100,12.0
2005-01-03,12.13,12.13,12.13,12.13,000,12.1
