Date,Open,High,Low,Close,Volume,Adj Clos
2009-12-31,8.90,9.32,8.79,9.21,15409400,9.1
2009-12-30,8.94,9.00,8.76,8.95,8536700,8.9
2009-12-29,9.10,9.10,8.81,9.00,10662200,8.9
2009-12-28,8.70,9.08,8.68,9.04,14514200,9.0
2009-12-25,8.57,8.86,8.53,8.70,12364600,8.6
2009-12-23,8.16,8.75,8.16,8.41,11595000,8.3
2009-12-22,8.30,8.33,7.88,8.14,8320600,8.1
2009-12-21,8.13,8.33,8.10,8.30,6445100,8.2
2009-12-18,8.47,8.59,8.10,8.17,8795100,8.1
2009-12-17,9.02,9.08,8.52,8.57,10776700,8.5
2009-12-16,8.95,9.09,8.79,8.98,8882800,8.9
2009-12-15,8.75,9.12,8.65,8.98,12200000,8.9
2009-12-14,8.68,8.88,8.38,8.83,11056600,8.8
2009-12-11,8.95,8.98,8.68,8.71,9265300,8.6
2009-12-10,8.85,9.02,8.75,8.88,8394000,8.8
2009-12-09,8.98,9.05,8.75,8.81,13970600,8.7
2009-12-08,9.05,9.44,8.97,9.16,24082700,9.1
2009-12-07,8.81,9.17,8.67,9.05,22949200,9.0
2009-12-04,9.30,9.43,8.57,8.81,38789700,8.7
2009-12-03,9.49,9.49,9.08,9.24,39936000,9.2
2009-12-02,8.56,9.36,8.52,9.36,50000500,9.3
2009-12-01,8.23,8.52,8.21,8.51,18014500,8.4
2009-11-30,7.95,8.39,7.90,8.26,15812500,8.2
2009-11-27,7.81,8.12,7.73,7.80,13238600,7.7
2009-11-26,8.33,8.38,7.78,7.82,21379300,7.7
2009-11-25,8.01,8.39,7.96,8.38,17132900,8.3
2009-11-24,8.80,8.80,8.02,8.08,23707400,8.0
2009-11-23,8.49,8.80,8.47,8.72,14733000,8.6
2009-11-20,8.58,8.63,8.40,8.50,13441100,8.4
2009-11-19,8.42,8.77,8.39,8.62,18876200,8.5
2009-11-18,8.42,8.49,8.30,8.44,10422000,8.4
2009-11-17,8.45,8.52,8.23,8.48,13640000,8.4
2009-11-16,8.49,8.55,8.33,8.41,21401600,8.3
2009-11-13,8.03,8.39,7.99,8.39,27124000,8.3
2009-11-12,7.90,8.17,7.89,8.02,12486000,7.9
2009-11-11,7.96,7.99,7.79,7.89,8792500,7.8
2009-11-10,7.98,8.08,7.90,8.00,13660200,7.9
2009-11-09,8.00,8.16,7.85,7.93,12368900,7.9
2009-11-06,7.89,8.03,7.77,7.96,15482600,7.9
2009-11-05,7.81,7.89,7.65,7.86,12261400,7.8
2009-11-04,7.84,7.95,7.69,7.80,15193300,7.7
2009-11-03,7.50,7.95,7.45,7.84,19009400,7.8
2009-11-02,7.07,7.65,7.00,7.56,16852500,7.5
2009-10-30,7.12,7.32,7.03,7.21,8166000,7.1
2009-10-29,7.05,7.14,7.00,7.03,4595300,7.0
2009-10-28,7.06,7.20,7.02,7.19,5115800,7.1
2009-10-27,7.36,7.37,7.08,7.10,9860300,7.0
2009-10-26,7.38,7.52,7.32,7.46,12885700,7.4
2009-10-23,7.21,7.42,7.18,7.33,12821300,7.3
2009-10-22,7.17,7.23,7.09,7.14,6874100,7.1
2009-10-21,7.30,7.31,7.17,7.17,8142500,7.1
2009-10-20,7.24,7.35,7.20,7.29,8879500,7.2
2009-10-19,7.03,7.25,6.98,7.23,10885900,7.2
2009-10-16,7.06,7.09,6.88,7.02,7547900,6.9
2009-10-15,7.08,7.20,6.96,7.05,6184700,7.0
2009-10-14,7.03,7.20,6.96,7.00,7149800,6.9
2009-10-13,6.87,7.06,6.81,7.03,5944300,7.0
2009-10-12,6.91,7.06,6.74,6.91,9919600,6.8
2009-10-09,6.60,6.86,6.53,6.83,7765100,6.8
2009-09-30,6.52,6.60,6.39,6.39,5582700,6.3
2009-09-29,6.45,6.54,6.25,6.39,5572300,6.3
2009-09-28,6.97,6.97,6.38,6.45,6762400,6.4
2009-09-25,6.93,7.04,6.82,6.84,5532400,6.8
2009-09-24,6.88,7.14,6.63,6.97,9127300,6.9
2009-09-23,7.23,7.49,6.78,6.93,13325400,6.9
2009-09-22,7.77,7.85,7.30,7.33,16465800,7.3
2009-09-21,7.44,7.71,7.20,7.69,15225800,7.6
2009-09-18,8.32,8.32,7.40,7.46,27959800,7.4
2009-09-17,7.26,7.99,7.21,7.99,23473500,7.9
2009-09-16,7.24,7.42,7.00,7.26,17889800,7.2
2009-09-15,7.10,7.37,6.98,7.25,16854600,7.2
2009-09-14,6.81,7.26,6.75,7.11,19498500,7.0
2009-09-11,6.59,6.85,6.57,6.75,7853800,6.7
2009-09-10,6.77,6.77,6.58,6.63,7459300,6.6
2009-09-09,6.79,6.89,6.68,6.80,9969000,6.7
2009-09-08,6.76,6.84,6.58,6.79,11892000,6.7
2009-09-07,6.57,6.78,6.51,6.76,13853700,6.7
2009-09-04,6.40,6.80,6.35,6.60,14820200,6.5
2009-09-03,6.06,6.46,6.06,6.40,9703400,6.3
2009-09-02,6.01,6.10,5.94,6.08,4805000,6.0
2009-09-01,5.96,6.12,5.90,5.94,7588700,5.9
2009-08-31,6.50,6.50,5.94,5.96,10375800,5.9
2009-08-28,6.85,6.89,6.55,6.60,8190200,6.5
2009-08-27,6.70,6.98,6.65,6.89,12517800,6.8
2009-08-26,6.44,6.88,6.32,6.81,12002300,6.7
2009-08-25,6.65,6.65,6.20,6.45,10755400,6.4
2009-08-24,6.54,6.80,6.54,6.70,10142700,6.6
2009-08-21,6.39,6.60,6.34,6.59,11026900,6.5
2009-08-20,6.21,6.55,6.21,6.48,9301300,6.4
2009-08-19,6.81,6.85,6.18,6.25,9253400,6.2
2009-08-18,6.60,6.86,6.49,6.80,9435400,6.7
2009-08-17,7.18,7.30,6.56,6.60,11437800,6.5
2009-08-14,7.90,7.90,7.28,7.29,11554400,7.2
2009-08-13,7.77,7.97,7.70,7.84,8128900,7.8
2009-08-12,8.18,8.28,7.69,7.75,11711200,7.7
2009-08-11,8.40,8.43,8.13,8.24,7530500,8.2
2009-08-10,8.32,8.44,8.06,8.35,12009000,8.3
2009-08-07,8.68,8.75,8.10,8.19,23741800,8.1
2009-08-06,8.70,9.09,8.50,8.75,26522500,8.7
2009-08-05,8.65,9.10,8.50,8.85,38962300,8.8
2009-08-04,8.30,8.93,8.14,8.69,42151200,8.6
2009-08-03,8.14,8.40,8.05,8.30,17018300,8.2
2009-07-31,7.93,8.20,7.85,8.12,17034600,8.0
2009-07-30,7.84,8.02,7.60,7.90,17614300,7.8
2009-07-29,8.59,8.59,7.77,7.86,27934500,7.8
2009-07-28,8.40,8.79,8.28,8.63,33401500,8.6
2009-07-27,8.22,8.55,8.10,8.39,33192200,8.3
2009-07-24,8.00,8.27,7.80,8.23,25420900,8.2
2009-07-23,8.04,8.16,7.89,7.97,14033600,7.9
2009-07-22,7.90,8.08,7.89,7.95,14332300,7.9
2009-07-21,8.35,8.35,7.88,7.92,23566900,7.8
2009-07-20,8.08,8.48,8.00,8.35,38811800,8.3
2009-07-17,7.90,8.09,7.80,8.05,23091600,8.0
2009-07-16,8.12,8.17,7.90,7.90,20829700,7.8
2009-07-15,7.96,8.27,7.80,8.20,41070800,8.1
2009-07-14,7.83,8.04,7.77,7.99,20379500,7.9
2009-07-13,7.80,7.89,7.75,7.77,14561900,7.7
2009-07-10,7.80,7.92,7.72,7.77,15657400,7.7
2009-07-09,7.70,7.79,7.61,7.77,13888800,7.7
2009-07-08,7.66,7.78,7.55,7.69,12304600,7.6
2009-07-07,7.50,7.77,7.50,7.63,17724600,7.6
2009-07-06,7.38,7.51,7.33,7.45,9186500,7.4
2009-07-03,7.45,7.45,7.31,7.38,9668500,7.3
2009-07-02,7.44,7.54,7.40,7.48,8670400,7.4
2009-07-01,7.39,7.49,7.32,7.42,9798800,7.3
2009-06-30,7.58,7.61,7.38,7.40,9160500,7.3
2009-06-29,7.71,7.72,7.53,7.57,10406700,7.5
2009-06-26,7.78,7.92,7.70,7.71,8004100,7.6
2009-06-25,7.85,7.88,7.70,7.78,13066300,7.7
2009-06-24,7.55,8.00,7.54,7.95,33084100,7.9
2009-06-23,7.40,7.66,7.36,7.60,13854900,7.5
2009-06-22,7.41,7.54,7.30,7.48,10566400,7.4
2009-06-19,7.45,7.46,7.28,7.36,8611000,7.3
2009-06-18,7.38,7.47,7.33,7.42,8617500,7.3
2009-06-17,7.32,7.40,7.22,7.38,7426300,7.3
2009-06-16,7.28,7.43,7.25,7.31,5200200,7.2
2009-06-15,7.31,7.43,7.20,7.37,6607700,7.3
2009-06-12,7.60,7.70,7.20,7.28,13846500,7.2
2009-06-11,7.65,7.92,7.56,7.71,14636500,7.6
2009-06-10,7.63,7.69,7.50,7.66,11901600,7.5
2009-06-09,7.54,7.66,7.21,7.64,16208000,7.5
2009-06-08,7.77,7.84,7.54,7.57,12732900,7.4
2009-06-05,8.08,8.20,7.75,7.77,16649500,7.6
2009-06-04,7.95,8.15,7.68,8.09,19333000,8.0
2009-06-03,8.09,8.12,7.94,8.00,14114200,7.9
2009-06-02,8.18,8.23,7.85,8.14,26427200,8.0
2009-06-01,8.14,8.25,8.03,8.11,16520900,8.0
2009-05-27,8.14,8.35,7.91,8.10,20618400,8.0
2009-05-26,7.98,8.56,7.92,8.17,42869900,8.0
2009-05-25,7.45,8.12,7.37,8.00,34665000,7.9
2009-05-22,7.44,7.75,7.44,7.67,27688900,7.5
2009-05-21,7.60,7.71,7.24,7.41,19034800,7.3
2009-05-20,7.57,7.80,7.43,7.66,22499000,7.5
2009-05-19,7.41,7.54,7.31,7.53,17320700,7.4
2009-05-18,7.28,7.41,7.01,7.37,10896300,7.2
2009-05-15,7.23,7.40,7.21,7.29,11094500,7.2
2009-05-14,7.08,7.22,6.98,7.21,9973000,7.1
2009-05-13,7.10,7.26,7.01,7.10,11341000,7.0
2009-05-12,6.90,7.14,6.86,7.13,11538100,7.0
2009-05-11,7.48,7.51,6.85,6.91,20240500,6.8
2009-05-08,7.50,7.58,7.29,7.46,12515700,7.3
2009-05-07,7.88,7.90,7.41,7.65,22941900,7.5
2009-05-06,7.20,7.88,7.19,7.84,29923500,7.7
2009-05-05,7.30,7.45,7.20,7.25,13631900,7.1
2009-05-04,6.90,7.30,6.89,7.27,13457600,7.1
2009-04-30,6.80,6.94,6.76,6.94,13394200,6.8
2009-04-29,6.59,6.86,6.52,6.80,13719300,6.7
2009-04-28,6.56,6.68,6.35,6.57,14335800,6.5
2009-04-27,7.15,7.18,6.62,6.62,26445100,6.5
2009-04-23,7.11,7.36,7.06,7.35,10928400,7.2
2009-04-22,7.97,8.06,7.17,7.20,19544700,7.1
2009-04-21,8.10,8.18,7.73,7.95,18278800,7.8
2009-04-20,8.02,8.30,8.00,8.28,13030100,8.1
2009-04-17,8.17,8.29,7.85,8.09,12550100,8.0
2009-04-16,8.44,8.48,8.02,8.17,12927000,8.0
2009-04-15,8.31,8.62,8.10,8.44,20459000,8.3
2009-04-14,7.94,8.45,7.81,8.42,23116800,8.3
2009-04-13,7.95,8.25,7.89,7.92,16507200,7.8
2009-04-10,7.49,8.05,7.49,7.90,22662600,7.8
2009-04-09,7.25,7.47,7.16,7.47,11397600,7.3
2009-04-08,7.60,7.60,7.20,7.22,11475900,7.1
2009-04-07,7.54,7.74,7.47,7.64,9371000,7.5
2009-04-03,7.90,7.95,7.57,7.58,14016300,7.5
2009-04-02,7.83,8.00,7.53,7.94,23232300,7.8
2009-04-01,7.72,8.03,7.65,7.85,22539900,7.7
2009-03-31,7.48,7.79,7.25,7.79,23839600,7.7
2009-03-30,7.71,8.09,7.60,7.76,20778300,7.6
2009-03-27,7.90,8.23,7.60,7.70,40146700,7.6
2009-03-26,7.38,8.00,7.32,7.83,40859400,7.7
2009-03-25,6.89,7.67,6.81,7.43,45848600,7.3
2009-03-24,6.97,7.08,6.71,6.97,15208800,6.8
2009-03-23,6.90,7.10,6.81,6.91,15351500,6.8
2009-03-20,6.77,6.95,6.55,6.95,17838800,6.8
2009-03-19,6.68,6.97,6.68,6.77,14350500,6.7
2009-03-18,6.60,6.89,6.48,6.66,19423800,6.5
2009-03-17,6.31,6.57,6.25,6.53,17269800,6.4
2009-03-16,6.09,6.36,6.01,6.32,12351200,6.2
2009-03-13,6.05,6.32,5.98,6.09,13420600,6.0
2009-03-12,6.00,6.05,5.70,6.01,5907200,5.9
2009-03-11,6.35,6.38,6.00,6.06,10123800,5.9
2009-03-10,6.00,6.24,5.74,6.21,11784900,6.1
2009-03-09,6.28,6.35,6.00,6.15,16913200,6.0
2009-03-06,5.97,6.49,5.97,6.21,20854400,6.1
2009-03-05,6.01,6.13,5.73,5.92,16131000,5.8
2009-03-04,5.59,6.00,5.59,5.97,14802500,5.9
2009-03-03,5.30,5.67,5.21,5.58,8429600,5.5
2009-03-02,5.35,5.66,5.32,5.56,8599200,5.5
2009-02-27,5.88,5.88,5.44,5.44,14554300,5.3
2009-02-26,6.75,6.76,6.04,6.04,20695400,5.9
2009-02-25,6.85,6.92,6.41,6.71,12548600,6.6
2009-02-24,7.00,7.23,6.68,6.71,19906400,6.6
2009-02-23,6.76,7.30,6.60,7.17,26505500,7.0
2009-02-20,6.77,6.86,6.58,6.86,11140000,6.7
2009-02-19,6.66,6.87,6.51,6.69,12807000,6.6
2009-02-18,6.43,6.71,6.40,6.52,14479300,6.4
2009-02-17,7.00,7.05,6.61,6.63,22975500,6.5
2009-02-16,7.10,7.18,6.83,7.08,15569000,7.0
2009-02-13,6.76,7.22,6.66,7.05,21979500,6.9
2009-02-12,6.71,6.88,6.37,6.75,19566800,6.6
2009-02-11,6.58,7.24,6.50,6.84,36759300,6.7
2009-02-10,6.23,6.88,6.08,6.75,24687500,6.6
2009-02-09,6.09,6.48,6.09,6.29,21464600,6.2
2009-02-06,5.88,6.15,5.85,6.07,15533200,6.0
2009-02-05,6.15,6.25,5.80,5.89,19453000,5.8
2009-02-04,6.17,6.34,6.06,6.17,15429100,6.1
2009-02-03,6.10,6.31,5.99,6.16,22607500,6.0
2009-02-02,5.92,6.24,5.83,6.14,11474200,6.0
2009-01-23,5.90,6.04,5.81,5.88,15712500,5.8
2009-01-22,5.59,6.06,5.48,6.00,31602100,5.9
2009-01-21,5.58,5.77,5.44,5.51,16723400,5.4
2009-01-20,5.63,5.78,5.46,5.70,18952600,5.6
2009-01-19,5.68,5.74,5.41,5.61,16978400,5.5
2009-01-16,5.74,5.84,5.60,5.70,24678800,5.6
2009-01-15,5.69,6.04,5.52,5.79,35447100,5.7
2009-01-14,5.03,5.58,5.03,5.58,26861600,5.5
2009-01-13,4.98,5.25,4.89,5.07,18478600,5.0
2009-01-12,4.98,5.57,4.94,5.09,32753700,5.0
2009-01-09,4.64,5.08,4.54,5.06,24407900,5.0
2009-01-08,4.30,4.80,4.25,4.68,23177600,4.6
2009-01-07,4.26,4.59,4.18,4.40,13013600,4.3
2009-01-06,3.90,4.26,3.86,4.23,8966400,4.1
2009-01-05,3.82,3.90,3.76,3.90,3461700,3.8
