Date,Open,High,Low,Close,Volume,Adj Clos
2011-12-30,9.43,9.56,9.42,9.48,514100,9.4
2011-12-29,9.25,9.45,9.25,9.38,412000,9.3
2011-12-28,9.21,9.43,9.10,9.39,434800,9.3
2011-12-27,9.60,9.63,9.33,9.40,425500,9.4
2011-12-26,9.53,9.74,9.52,9.58,359800,9.5
2011-12-23,9.53,9.84,9.41,9.67,724400,9.6
2011-12-22,9.75,9.80,9.30,9.59,1068900,9.5
2011-12-21,10.20,10.20,9.76,9.82,830700,9.8
2011-12-20,9.99,10.23,9.98,10.04,768200,10.0
2011-12-19,10.09,10.10,9.70,10.05,827600,10.0
2011-12-16,9.93,10.12,9.70,10.12,1014500,10.1
2011-12-15,10.08,10.08,9.80,9.90,937300,9.9
2011-12-14,10.40,10.50,10.02,10.03,753700,10.0
2011-12-13,11.09,11.10,10.29,10.45,1254800,10.4
2011-12-12,11.35,11.38,11.11,11.15,368700,11.1
2011-12-09,11.23,11.47,11.20,11.35,542400,11.3
2011-12-08,11.23,11.48,11.15,11.36,817500,11.3
2011-12-07,11.25,11.30,11.15,11.23,501300,11.2
2011-12-06,11.38,11.39,11.06,11.21,927800,11.2
2011-12-05,11.83,11.91,11.28,11.32,905800,11.3
2011-12-02,11.69,11.92,11.69,11.83,866600,11.8
2011-12-01,11.88,12.08,11.72,11.86,1353500,11.8
2011-11-30,12.10,12.25,11.50,11.60,1776100,11.6
2011-11-29,12.04,12.14,12.04,12.13,869000,12.1
2011-11-28,11.91,12.06,11.87,12.02,840000,12.0
2011-11-25,12.18,12.25,11.30,11.90,1298100,11.9
2011-11-24,12.13,12.23,11.96,12.19,854400,12.1
2011-11-23,12.24,12.29,12.01,12.18,855100,12.1
2011-11-22,12.09,12.25,12.04,12.20,699000,12.2
2011-11-21,12.14,12.20,12.04,12.15,716900,12.1
2011-11-18,12.50,12.61,12.09,12.12,1701600,12.1
2011-11-17,12.55,12.75,12.49,12.58,1519600,12.5
2011-11-16,13.02,13.04,12.52,12.54,2311200,12.5
2011-11-15,12.88,13.07,12.85,12.96,1986500,12.9
2011-11-14,12.87,13.10,12.80,12.98,3034600,12.9
2011-11-11,12.74,12.97,12.58,12.76,2511700,12.7
2011-11-10,12.98,13.06,12.72,12.72,3099000,12.7
2011-11-09,12.90,13.70,12.78,13.08,5969900,13.0
2011-11-08,12.84,13.03,12.55,12.83,4122000,12.8
2011-11-07,12.79,13.01,12.72,12.82,2914200,12.8
2011-11-04,12.62,12.89,12.48,12.78,2971800,12.7
2011-11-03,12.57,12.81,12.50,12.52,3264800,12.5
2011-11-02,12.08,12.60,12.08,12.56,3210300,12.5
2011-11-01,12.23,12.37,12.14,12.28,1516000,12.2
2011-10-31,12.23,12.48,12.11,12.34,1683500,12.3
2011-10-28,12.18,12.33,12.04,12.26,1743100,12.2
2011-10-27,12.05,12.18,11.97,12.02,1186600,12.0
2011-10-26,11.93,12.20,11.86,12.06,1680100,12.0
2011-10-25,11.82,12.08,11.64,12.04,1327600,12.0
2011-10-24,11.70,11.78,11.27,11.78,895700,11.7
2011-10-21,11.63,11.96,11.56,11.65,502300,11.6
2011-10-20,12.30,12.35,11.76,11.78,1496200,11.7
2011-10-19,12.19,12.65,12.10,12.50,3282100,12.5
2011-10-18,12.33,12.37,12.00,12.14,981700,12.1
2011-10-17,12.25,12.39,12.19,12.34,653800,12.3
2011-10-14,12.10,12.30,12.01,12.25,851200,12.2
2011-10-13,12.14,12.19,12.02,12.18,823100,12.1
2011-10-12,11.61,12.06,11.51,12.02,799900,12.0
2011-10-11,11.95,11.96,11.55,11.64,569900,11.6
2011-10-10,11.80,11.84,11.58,11.63,337000,11.6
2011-09-30,11.66,11.92,11.62,11.73,374700,11.7
2011-09-29,12.00,12.05,11.64,11.66,696600,11.6
2011-09-28,12.50,12.50,12.04,12.10,593500,12.1
2011-09-27,12.43,12.49,12.27,12.39,684100,12.3
2011-09-26,12.89,12.89,12.35,12.36,1370400,12.3
2011-09-23,13.00,13.40,12.91,13.37,1171600,12.9
2011-09-22,13.40,13.54,13.21,13.25,1198100,12.8
2011-09-21,13.00,13.47,12.95,13.46,1464400,13.0
2011-09-20,12.88,13.16,12.88,13.09,910400,12.6
2011-09-19,13.10,13.14,12.77,12.78,493500,12.3
2011-09-16,13.18,13.27,13.13,13.14,375400,12.7
2011-09-15,13.21,13.32,13.14,13.14,765500,12.7
2011-09-14,12.89,13.20,12.83,13.16,743300,12.7
2011-09-13,12.95,12.95,12.72,12.89,408600,12.4
2011-09-09,13.10,13.18,12.99,13.07,456300,12.6
2011-09-08,13.31,13.34,12.99,13.01,562700,12.5
2011-09-07,12.93,13.25,12.93,13.20,724900,12.7
2011-09-06,12.80,12.96,12.75,12.87,648000,12.4
2011-09-05,13.05,13.06,12.83,12.90,691600,12.4
2011-09-02,13.42,13.52,13.13,13.20,983000,12.7
2011-09-01,13.58,13.75,13.40,13.45,911100,13.0
2011-08-31,13.62,13.75,13.35,13.62,920500,13.1
2011-08-30,14.04,14.05,13.58,13.61,1156100,13.1
2011-08-29,14.00,14.00,13.78,13.83,1134000,13.3
2011-08-26,13.80,14.14,13.74,14.06,1711400,13.5
2011-08-25,13.69,13.94,13.57,13.91,1935900,13.4
2011-08-24,13.60,13.86,13.54,13.65,2037000,13.1
2011-08-23,13.18,13.51,13.15,13.49,1105900,13.0
2011-08-22,13.08,13.39,13.08,13.15,1016300,12.7
2011-08-19,13.00,13.14,12.87,13.08,1463800,12.6
2011-08-18,13.44,13.69,13.21,13.33,1598000,12.8
2011-08-17,13.49,13.98,13.49,13.72,2904300,13.2
2011-08-16,13.53,13.60,13.32,13.34,1052200,12.8
2011-08-15,13.28,13.52,13.27,13.51,1190500,13.0
2011-08-12,13.20,13.46,13.15,13.27,1573800,12.8
2011-08-11,12.70,13.17,12.60,13.14,1288300,12.7
2011-08-10,13.00,13.14,12.81,13.00,1497700,12.5
2011-08-09,12.58,12.94,12.01,12.80,1748200,12.3
2011-08-08,13.75,13.75,12.80,12.95,2585400,12.5
2011-08-05,13.98,14.23,13.78,14.00,2696800,13.5
2011-08-04,14.20,14.93,14.15,14.59,4377900,14.1
2011-08-03,13.77,14.22,13.72,14.01,2351400,13.5
2011-08-02,13.90,14.07,13.66,14.00,1040100,13.5
2011-07-29,14.07,14.20,13.86,13.90,1037400,13.4
2011-07-28,13.97,14.03,13.82,14.00,814200,13.5
2011-07-27,13.87,14.12,13.75,14.11,743100,13.6
2011-07-26,13.85,13.96,13.76,13.92,529100,13.4
2011-07-25,14.43,14.45,13.79,13.84,1374100,13.3
2011-07-22,14.40,14.55,14.37,14.46,715800,13.9
2011-07-21,14.64,14.66,14.31,14.36,1092700,13.8
2011-07-20,14.70,14.72,14.51,14.64,1005400,14.1
2011-07-19,14.72,14.87,14.50,14.50,1613000,14.0
2011-07-18,14.98,15.10,14.82,14.89,1659100,14.3
2011-07-15,14.89,15.08,14.68,15.03,2741100,14.5
2011-07-14,14.89,15.06,14.65,15.00,2605700,14.5
2011-07-13,14.40,14.88,14.40,14.85,1787800,14.3
2011-07-12,14.79,14.79,14.35,14.41,1862900,13.9
2011-07-11,14.85,14.97,14.62,14.88,2068800,14.3
2011-07-08,14.66,14.95,14.56,14.85,2521700,14.3
2011-07-07,14.38,14.75,14.31,14.74,3414200,14.2
2011-07-06,14.23,14.50,14.21,14.49,2222700,14.0
2011-07-05,14.16,14.44,14.15,14.27,2120000,13.7
2011-07-04,13.90,14.22,13.89,14.20,1878300,13.7
2011-07-01,14.28,14.49,13.90,13.96,2603000,13.4
2011-06-30,13.73,13.95,13.70,13.83,1226700,13.3
2011-06-29,14.04,14.08,13.73,13.73,1417700,13.2
2011-06-28,14.23,14.23,13.87,14.04,1391200,13.5
2011-06-27,14.18,14.38,14.06,14.24,2481700,13.7
2011-06-24,13.88,14.24,13.76,14.23,3045500,13.7
2011-06-23,13.64,14.05,13.43,13.96,2419300,13.4
2011-06-22,14.16,14.16,13.71,13.77,2731900,13.3
2011-06-21,13.55,14.28,13.50,14.16,5003200,13.6
2011-06-20,13.40,13.55,13.11,13.55,2747000,13.0
2011-06-17,13.27,13.60,13.27,13.36,1738800,12.9
2011-06-16,13.10,13.69,13.10,13.37,3097600,12.9
2011-06-15,13.19,13.43,13.12,13.29,1467600,12.8
2011-06-14,12.83,13.34,12.74,13.25,1660800,12.8
2011-06-13,12.79,12.90,12.60,12.83,670800,12.4
2011-06-10,13.00,13.00,12.60,12.94,988600,12.5
2011-06-09,13.50,13.50,13.00,13.00,1067200,12.5
2011-06-08,13.33,13.39,13.13,13.30,983600,12.8
2011-06-07,13.11,13.44,13.08,13.32,982200,12.8
2011-06-03,13.30,13.91,13.00,13.37,2120600,12.9
2011-06-02,13.02,13.09,12.69,12.87,935000,12.4
2011-06-01,13.07,13.34,13.00,13.23,1039800,12.7
2011-05-31,12.80,13.17,12.80,13.10,1006600,12.6
2011-05-30,12.70,12.92,12.60,12.79,889900,12.3
2011-05-27,13.04,13.07,12.72,12.81,1063800,12.3
2011-05-26,13.06,13.31,13.04,13.04,823500,12.6
2011-05-25,13.50,13.55,13.16,13.21,748400,12.7
2011-05-24,13.51,13.62,13.12,13.43,1260300,12.9
2011-05-23,14.68,14.68,13.58,13.64,1527600,13.1
2011-05-20,14.74,14.83,14.64,14.68,553700,14.1
2011-05-19,15.08,15.13,14.70,14.74,1114400,14.2
2011-05-18,15.20,15.20,15.02,15.05,768000,14.5
2011-05-17,14.99,15.25,14.88,15.12,1433700,14.6
2011-05-16,14.88,15.18,14.76,15.05,1253800,14.5
2011-05-13,14.84,14.90,14.68,14.90,744600,14.4
2011-05-12,15.02,15.20,14.83,14.84,705300,14.3
2011-05-11,15.28,15.34,15.15,15.24,847800,14.7
2011-05-10,15.02,15.25,14.90,15.21,850900,14.7
2011-05-09,14.96,15.08,14.90,15.01,729600,14.5
2011-05-06,14.88,15.04,14.68,14.98,1027900,14.4
2011-05-05,14.82,14.97,14.82,14.89,466100,14.3
2011-05-04,15.25,15.29,14.80,14.83,787800,14.3
2011-05-03,15.15,15.26,14.90,15.23,836700,14.7
2011-04-29,15.24,15.24,14.58,15.15,1260200,14.6
2011-04-27,16.31,16.48,15.11,15.44,1782600,14.9
2011-04-26,16.76,16.85,16.30,16.36,1279100,15.8
2011-04-25,16.93,17.08,16.81,16.84,892200,16.2
2011-04-22,17.35,17.35,16.89,16.90,1939200,16.3
2011-04-21,17.28,17.47,17.20,17.31,1701300,16.7
2011-04-20,17.50,17.58,17.21,17.21,2297500,16.6
2011-04-19,17.50,17.51,17.23,17.50,5315300,16.9
2011-04-18,16.74,17.60,16.63,17.60,7135400,17.0
2011-04-15,16.91,16.98,16.70,16.79,1159100,16.2
2011-04-14,17.10,17.11,16.89,16.94,1192300,16.3
2011-04-13,16.90,17.12,16.84,17.09,782300,16.5
2011-04-12,17.16,17.20,16.82,16.95,1084100,16.3
2011-04-11,17.13,17.27,17.11,17.14,1492900,16.5
2011-04-08,17.01,17.15,16.90,17.12,1255800,16.5
2011-04-07,17.05,17.09,16.65,17.04,1470800,16.4
2011-04-01,16.92,17.09,16.86,17.09,1001900,16.5
2011-03-31,16.84,16.95,16.81,16.93,1114500,16.3
2011-03-30,16.84,16.95,16.81,16.84,1092600,16.2
2011-03-29,17.20,17.22,16.85,16.85,1584400,16.2
2011-03-28,17.34,17.35,17.09,17.24,2098500,16.6
2011-03-25,17.14,17.43,17.14,17.37,2030700,16.7
2011-03-24,17.86,17.87,17.45,17.47,2484100,16.8
2011-03-23,17.70,17.94,17.69,17.86,922000,17.2
2011-03-22,17.56,17.65,17.34,17.63,586900,17.0
2011-03-21,17.55,17.75,17.48,17.55,655900,16.9
2011-03-18,17.53,17.79,17.53,17.62,719000,17.0
2011-03-17,18.08,18.15,17.45,17.50,1112900,16.9
2011-03-16,17.82,18.06,17.77,17.96,874100,17.3
2011-03-15,18.40,18.40,17.62,17.82,1172600,17.2
2011-03-14,18.31,18.46,18.20,18.40,1093800,17.7
2011-03-11,18.50,18.78,18.41,18.43,1348700,17.8
2011-03-10,18.45,19.10,18.36,18.79,2746800,18.1
2011-03-09,18.61,18.80,18.10,18.70,3013600,18.0
2011-03-08,19.07,19.08,18.72,18.82,1207700,18.1
2011-03-07,18.95,19.19,18.50,19.06,2582000,18.4
2011-03-04,18.70,18.95,18.30,18.93,1828700,18.2
2011-03-03,18.42,19.11,18.39,18.83,2647500,18.2
2011-03-02,18.48,18.58,18.22,18.43,617700,17.8
2011-03-01,18.65,18.69,18.36,18.46,683600,17.8
2011-02-28,18.50,18.64,18.23,18.64,885600,18.0
2011-02-25,18.30,18.52,18.02,18.48,680700,17.8
2011-02-24,18.05,18.38,17.96,18.29,710600,17.6
2011-02-23,17.75,18.15,17.75,18.07,535300,17.4
2011-02-22,18.35,18.52,17.77,17.78,776600,17.1
2011-02-21,17.95,18.31,17.81,18.30,687300,17.6
2011-02-18,18.13,18.35,17.90,17.93,668700,17.3
2011-02-17,18.15,18.38,18.05,18.30,631500,17.6
2011-02-16,17.90,18.39,17.78,18.34,949200,17.7
2011-02-15,17.92,18.07,17.76,17.76,787900,17.1
2011-02-14,17.78,18.04,17.64,17.92,751300,17.3
2011-02-11,17.46,17.79,17.40,17.58,689800,16.9
2011-02-10,17.00,17.47,16.86,17.47,559700,16.8
2011-02-09,17.30,17.30,16.90,16.94,436200,16.3
2011-02-01,17.27,17.45,17.27,17.39,313500,16.8
2011-01-31,17.10,17.42,17.10,17.34,373100,16.7
2011-01-28,17.18,17.25,17.04,17.19,416000,16.6
2011-01-27,16.75,17.20,16.62,17.12,346400,16.5
2011-01-26,16.50,16.95,16.45,16.89,345600,16.3
2011-01-24,17.15,17.31,16.50,16.73,460300,16.1
2011-01-21,17.01,17.26,17.00,17.21,364000,16.6
2011-01-20,17.92,17.98,17.03,17.03,541200,16.4
2011-01-19,17.72,18.00,17.72,18.00,341600,17.3
2011-01-18,17.65,17.79,17.60,17.73,336400,17.1
2011-01-17,18.55,18.74,17.52,17.66,584600,17.0
2011-01-14,19.22,19.22,18.51,18.53,582600,17.9
2011-01-13,19.40,19.40,19.15,19.19,312800,18.5
2011-01-12,19.23,19.38,19.11,19.32,318100,18.6
2011-01-11,19.22,19.28,19.03,19.23,534200,18.5
2011-01-10,19.79,19.90,19.18,19.18,663400,18.5
2011-01-07,20.30,20.41,19.80,19.80,1524500,19.1
2011-01-06,19.51,20.52,19.21,20.30,1729100,19.6
2011-01-05,19.55,19.88,19.51,19.52,515400,18.8
2011-01-04,19.60,19.73,19.40,19.66,579100,19.0
