Date,Open,High,Low,Close,Volume,Adj Clos
2011-12-30,9.71,9.78,9.62,9.73,436700,9.7
2011-12-29,9.60,9.73,9.48,9.60,378700,9.6
2011-12-28,9.70,9.70,9.42,9.67,500600,9.6
2011-12-27,10.16,10.19,9.71,9.71,517300,9.7
2011-12-26,10.35,10.45,10.16,10.16,375900,10.1
2011-12-23,10.29,10.50,10.28,10.35,486400,10.3
2011-12-22,10.95,10.95,10.12,10.29,941200,10.2
2011-12-21,11.49,11.52,10.78,10.79,772100,10.7
2011-12-20,11.29,11.47,11.20,11.36,598000,11.3
2011-12-19,11.22,11.33,11.02,11.29,1005500,11.2
2011-12-16,11.13,11.42,10.95,11.42,1845400,11.4
2011-12-15,11.20,11.45,11.01,11.02,475100,11.0
2011-12-14,11.84,11.85,11.32,11.40,452900,11.4
2011-12-13,12.45,12.45,11.71,11.80,523600,11.8
2011-12-12,12.49,12.58,12.30,12.48,215100,12.4
2011-12-09,12.53,12.65,12.41,12.49,228000,12.4
2011-12-08,12.65,12.65,12.26,12.59,387500,12.5
2011-12-07,12.58,12.66,12.50,12.58,225100,12.5
2011-12-06,12.45,12.60,12.38,12.56,356800,12.5
2011-12-05,12.45,12.65,12.40,12.45,314400,12.4
2011-12-02,12.84,12.86,12.31,12.60,782600,12.6
2011-12-01,13.01,13.21,12.84,12.84,1090900,12.8
2011-11-30,13.46,13.46,12.58,12.70,762800,12.7
2011-11-29,13.42,13.48,13.31,13.46,595700,13.4
2011-11-28,13.40,13.50,13.18,13.26,353400,13.2
2011-11-25,13.39,13.52,13.31,13.42,302500,13.4
2011-11-24,13.50,13.55,13.25,13.36,523500,13.3
2011-11-23,13.74,13.74,13.56,13.61,387600,13.6
2011-11-22,13.52,13.77,13.44,13.65,381000,13.6
2011-11-21,13.75,13.83,13.50,13.67,472600,13.6
2011-11-18,14.10,14.18,13.70,13.72,892500,13.7
2011-11-17,14.37,14.50,14.08,14.15,897200,14.1
2011-11-16,14.75,14.85,14.24,14.37,2059300,14.3
2011-11-15,14.38,14.77,14.30,14.73,2032400,14.7
2011-11-14,14.14,14.59,14.05,14.33,1224400,14.3
2011-11-11,14.38,14.69,13.97,14.00,1789900,14.0
2011-11-10,14.11,14.58,14.02,14.43,1500700,14.4
2011-11-09,14.20,14.30,13.89,14.25,1128300,14.2
2011-11-08,14.41,14.63,14.13,14.15,1767500,14.1
2011-11-07,14.24,14.57,14.13,14.42,1831100,14.4
2011-11-04,14.20,14.39,14.01,14.24,1348600,14.2
2011-11-03,13.84,14.58,13.81,14.11,2216900,14.1
2011-11-02,13.30,13.91,13.25,13.88,1411300,13.8
2011-11-01,13.40,13.52,13.29,13.48,856000,13.4
2011-10-31,13.44,13.65,13.35,13.51,1371400,13.5
2011-10-27,13.21,13.45,13.19,13.25,884400,13.2
2011-10-26,13.20,13.45,13.15,13.32,887700,13.3
2011-10-25,13.08,13.40,12.93,13.33,831400,13.3
2011-10-24,13.02,13.13,12.66,13.08,695600,13.0
2011-10-21,12.93,13.15,12.70,12.98,507700,12.9
2011-10-20,13.46,13.63,12.50,13.08,989000,13.0
2011-10-18,14.17,14.17,13.51,13.56,871400,13.5
2011-10-17,14.20,14.26,14.06,14.20,650800,14.2
2011-10-14,14.08,14.22,14.02,14.10,710600,14.1
2011-10-13,14.10,14.26,13.93,14.16,880900,14.1
2011-10-12,13.53,14.16,13.43,14.04,1102100,14.0
2011-10-11,13.81,13.99,13.42,13.61,889600,13.6
2011-10-10,13.67,13.77,13.45,13.55,294800,13.5
2011-09-30,13.66,13.82,13.47,13.66,496400,13.6
2011-09-29,14.02,14.15,13.42,13.66,735700,13.6
2011-09-28,14.01,14.22,13.98,14.07,426600,14.0
2011-09-27,14.01,14.24,13.95,14.01,478700,14.0
2011-09-26,14.10,14.39,14.00,14.03,701000,14.0
2011-09-23,14.01,14.34,13.90,14.27,630200,14.2
2011-09-22,14.61,14.80,14.21,14.21,880800,14.2
2011-09-21,14.36,14.76,14.22,14.74,1405200,14.7
2011-09-20,14.20,14.50,14.12,14.38,493600,14.3
2011-09-19,14.59,14.59,14.10,14.29,861500,14.2
2011-09-16,15.06,15.25,14.50,14.54,1109700,14.5
2011-09-15,14.97,15.29,14.88,15.00,1314000,15.0
2011-09-14,14.58,15.03,14.58,14.95,740300,14.9
2011-09-13,14.68,14.80,14.34,14.69,559600,14.6
2011-09-09,14.95,15.26,14.82,14.84,664800,14.8
2011-09-08,15.00,15.26,14.86,14.95,929000,14.9
2011-09-07,14.73,15.10,14.55,14.98,1419800,14.9
2011-09-06,14.38,14.64,14.25,14.54,969100,14.5
2011-09-05,15.00,15.00,14.41,14.41,1244900,14.4
2011-09-02,15.60,15.80,14.98,15.12,1783300,15.1
2011-09-01,15.61,15.99,15.55,15.70,1472700,15.7
2011-08-31,15.82,15.96,15.30,15.54,1492000,15.5
2011-08-30,16.45,16.48,15.82,15.89,3522300,15.8
2011-08-29,15.80,16.49,15.61,16.30,5451600,16.3
2011-08-26,15.45,16.08,15.40,15.85,3313300,15.8
2011-08-25,15.00,15.57,14.97,15.43,1842600,15.4
2011-08-24,15.29,15.42,15.11,15.12,1603600,15.1
2011-08-23,14.95,15.24,14.95,15.17,928200,15.1
2011-08-22,14.76,15.49,14.76,15.03,1573900,15.0
2011-08-19,14.89,15.05,14.65,14.90,1046100,14.9
2011-08-18,15.40,15.57,15.08,15.26,703000,15.2
2011-08-17,15.33,15.58,15.31,15.58,843000,15.5
2011-08-16,15.52,15.85,15.25,15.59,1166700,15.5
2011-08-15,15.20,15.78,15.20,15.70,1955900,15.7
2011-08-12,15.07,15.66,15.07,15.47,2011200,15.4
2011-08-11,14.85,15.27,14.25,15.19,1629300,15.1
2011-08-10,15.08,15.30,14.88,15.00,1740800,15.0
2011-08-09,14.03,14.99,14.03,14.77,1983600,14.7
2011-08-08,16.30,16.30,15.00,15.10,1809900,15.1
2011-08-05,16.75,16.79,16.30,16.50,2684900,16.5
2011-08-04,17.60,17.73,17.35,17.35,3565300,17.3
2011-08-03,17.02,17.71,16.52,17.61,4988200,17.6
2011-08-02,17.30,17.50,16.90,17.19,4529300,17.1
2011-08-01,16.50,17.54,16.48,17.34,2649600,17.3
2011-07-29,16.14,16.76,16.14,16.67,1588500,16.6
2011-07-28,16.05,16.21,15.76,16.13,420900,16.1
2011-07-27,15.84,16.36,15.57,16.19,478100,16.1
2011-07-26,15.83,16.04,15.72,15.85,361200,15.8
2011-07-25,16.85,16.95,15.89,15.89,679600,15.8
2011-07-22,16.71,17.14,16.60,16.95,625400,16.9
2011-07-21,17.10,17.10,16.61,16.73,1133300,16.7
2011-07-20,17.83,17.96,17.17,17.18,3565500,17.1
2011-07-19,17.05,18.07,16.70,17.82,2535400,17.8
2011-07-18,17.32,17.41,17.06,17.10,784600,17.1
2011-07-15,17.82,17.82,17.18,17.42,2747600,17.4
2011-07-14,17.28,18.20,17.06,17.82,3358200,17.8
2011-07-13,17.00,17.45,16.81,17.28,1305900,17.2
2011-07-12,16.60,17.50,16.50,17.15,1347800,17.1
2011-07-11,16.98,16.98,16.65,16.72,827800,16.7
2011-07-08,17.29,17.29,16.88,17.00,849400,17.0
2011-07-07,16.65,17.20,16.63,17.09,1419700,17.0
2011-07-06,16.75,16.94,16.51,16.76,1153100,16.7
2011-07-05,16.18,17.40,16.15,16.91,2818900,16.9
2011-07-04,15.82,16.38,15.82,16.18,1033700,16.1
2011-07-01,15.70,15.98,15.68,15.82,656500,15.8
2011-06-30,15.60,15.78,15.53,15.68,464700,15.6
2011-06-29,15.70,15.96,15.56,15.56,599500,15.5
2011-06-28,15.78,15.78,15.51,15.76,643300,15.7
2011-06-27,15.67,15.85,15.42,15.78,866800,15.7
2011-06-24,15.28,15.72,15.20,15.68,778300,15.5
2011-06-23,14.99,15.49,14.73,15.37,569500,15.2
2011-06-22,15.00,15.10,14.80,14.95,187300,14.8
2011-06-21,14.64,15.18,14.56,14.98,268100,14.8
2011-06-20,14.96,15.01,14.42,14.54,329900,14.4
2011-06-17,15.10,15.28,15.00,15.02,258200,14.9
2011-06-16,15.40,15.50,15.07,15.10,305300,15.0
2011-06-15,15.87,15.87,15.53,15.54,254800,15.4
2011-06-14,15.60,15.88,15.45,15.73,347900,15.6
2011-06-13,15.39,15.63,15.05,15.61,316400,15.5
2011-06-10,15.57,15.59,15.12,15.37,200800,15.2
2011-06-09,15.71,15.80,15.45,15.47,320500,15.3
2011-06-08,15.86,15.86,15.55,15.79,323000,15.6
2011-06-07,15.86,15.90,15.73,15.85,226400,15.7
2011-06-03,15.45,15.85,15.45,15.79,249800,15.6
2011-06-02,16.01,16.01,15.35,15.53,429800,15.4
2011-06-01,15.91,16.16,15.80,16.08,347400,15.9
2011-05-31,15.52,16.07,15.52,16.07,437000,15.9
2011-05-30,15.73,16.00,15.51,15.55,318800,15.4
2011-05-27,16.39,16.39,15.50,15.80,348800,15.7
2011-05-26,16.22,16.49,15.83,16.35,935400,16.2
2011-05-25,15.57,16.43,15.44,16.18,1598700,16.0
2011-05-24,15.50,15.68,15.12,15.55,392400,15.4
2011-05-23,16.20,16.24,15.50,15.51,590700,15.4
2011-05-20,16.35,16.47,16.20,16.23,244400,16.1
2011-05-19,16.76,16.76,16.31,16.35,526000,16.2
2011-05-18,16.89,16.89,16.66,16.71,408400,16.6
2011-05-17,16.84,16.92,16.75,16.81,353300,16.7
2011-05-16,16.85,16.95,16.81,16.83,378100,16.7
2011-05-13,16.61,16.97,16.61,16.84,470700,16.7
2011-05-12,16.96,17.10,16.64,16.64,556900,16.5
2011-05-11,16.66,17.25,16.60,17.07,1012300,16.9
2011-05-10,16.70,16.72,16.49,16.65,419700,16.5
2011-05-09,16.58,16.85,16.51,16.69,406700,16.5
2011-05-06,16.55,16.78,16.45,16.60,369000,16.4
2011-05-05,16.37,16.64,16.34,16.60,401100,16.4
2011-05-04,16.78,16.79,16.16,16.33,558600,16.2
2011-05-03,16.62,16.85,16.42,16.85,707300,16.7
2011-04-29,16.83,16.83,16.13,16.46,1029600,16.3
2011-04-27,17.18,17.42,16.98,17.05,494500,16.9
2011-04-26,17.70,17.79,17.13,17.19,873500,17.0
2011-04-25,18.44,18.45,17.70,17.70,1386800,17.5
2011-04-22,18.52,18.74,18.46,18.56,705200,18.4
2011-04-21,18.51,18.58,18.44,18.52,626400,18.4
2011-04-20,18.44,18.56,18.29,18.51,583400,18.3
2011-04-19,18.87,18.87,18.28,18.28,1422300,18.1
2011-04-18,18.98,19.13,18.74,18.87,1233700,18.7
2011-04-15,19.23,19.23,18.85,18.97,1061900,18.8
2011-04-14,19.20,19.30,19.17,19.23,729100,19.1
2011-04-13,19.10,19.30,19.06,19.22,588300,19.1
2011-04-12,19.11,19.23,19.03,19.13,800800,19.0
2011-04-11,19.29,19.39,19.11,19.13,861900,19.0
2011-04-08,19.08,19.33,18.96,19.26,1122700,19.1
2011-04-07,18.93,19.10,18.81,19.06,720500,18.9
2011-04-06,19.00,19.13,18.82,18.93,758200,18.8
2011-04-01,18.73,19.11,18.73,19.05,827900,18.9
2011-03-31,19.09,19.09,18.70,18.75,1344900,18.6
2011-03-30,18.99,19.18,18.76,19.10,1610300,18.9
2011-03-29,20.19,20.26,18.70,19.00,5909100,18.8
2011-03-28,19.93,20.50,19.82,20.35,3281900,20.2
2011-03-25,19.87,20.10,19.76,20.00,1656400,19.8
2011-03-24,19.70,19.98,19.58,19.88,2171300,19.7
2011-03-23,19.60,19.65,19.46,19.60,1069000,19.4
2011-03-22,19.31,19.70,19.25,19.60,1062300,19.4
2011-03-21,19.44,19.60,19.25,19.30,915400,19.1
2011-03-18,19.27,19.62,19.27,19.50,1171200,19.3
2011-03-17,19.44,19.50,19.19,19.20,1328800,19.0
2011-03-16,19.31,19.61,19.31,19.55,1299500,19.4
2011-03-15,19.85,19.86,19.18,19.33,1925000,19.2
2011-03-14,20.17,20.17,19.69,19.85,4030100,19.7
2011-03-11,19.92,20.31,19.92,20.30,1742400,20.1
2011-03-10,20.21,20.21,19.91,20.00,1361600,19.8
2011-03-09,20.18,20.23,20.00,20.11,1442200,19.9
2011-03-08,19.90,20.18,19.90,20.18,1832800,20.0
2011-03-07,19.79,19.99,19.79,19.89,1335600,19.7
2011-03-04,19.66,19.88,19.44,19.75,1350100,19.6
2011-03-03,19.99,20.06,19.60,19.60,2085300,19.4
2011-03-02,20.39,20.39,19.80,20.01,4569700,19.8
2011-03-01,20.04,20.90,19.98,20.57,3004600,20.4
2011-02-28,19.90,20.08,19.63,20.02,1369400,19.8
2011-02-25,20.41,20.67,19.65,19.91,4426700,19.7
2011-02-24,19.80,20.96,19.70,20.70,1662700,20.5
2011-02-23,19.71,19.91,19.62,19.80,820100,19.6
2011-02-22,20.70,20.70,19.71,19.71,1266400,19.5
2011-02-21,20.31,21.00,20.20,20.73,1075700,20.6
2011-02-18,21.00,21.21,20.60,20.60,1564900,20.4
2011-02-17,20.55,21.49,20.05,21.21,2703300,21.0
2011-02-16,20.28,20.85,20.19,20.75,1486600,20.6
2011-02-15,20.54,20.88,20.20,20.38,1512100,20.2
2011-02-14,19.89,20.86,19.76,20.70,1604700,20.5
2011-02-11,19.78,20.02,19.57,19.89,1013700,19.7
2011-02-10,19.01,19.62,19.01,19.55,661400,19.4
2011-02-09,19.33,19.57,19.10,19.15,522000,19.0
2011-02-01,19.40,19.54,19.18,19.49,623200,19.3
2011-01-31,19.28,19.49,19.20,19.48,679700,19.3
2011-01-28,19.24,19.38,19.14,19.27,663900,19.1
2011-01-27,19.05,19.33,18.85,19.25,738900,19.1
2011-01-26,18.89,19.17,18.89,19.13,475100,19.0
2011-01-25,18.91,19.16,18.71,18.89,706400,18.7
2011-01-24,20.22,20.22,18.83,18.90,1315900,18.7
2011-01-21,20.02,20.58,20.02,20.12,1581700,19.9
2011-01-20,22.00,22.07,20.50,20.69,2264800,20.5
2011-01-19,22.00,22.83,21.45,22.55,5296300,22.4
2011-01-18,22.60,23.38,21.12,23.30,3307900,23.1
2011-01-17,22.58,22.85,22.15,22.60,1595100,22.4
2011-01-14,21.87,22.81,21.54,22.80,1487100,22.6
2011-01-13,21.73,21.96,21.53,21.86,291700,21.7
2011-01-12,21.44,21.86,21.30,21.66,294600,21.5
2011-01-11,21.53,21.59,21.08,21.40,244300,21.2
2011-01-10,22.10,22.35,21.39,21.56,403100,21.4
2011-01-07,22.57,22.57,22.15,22.33,591100,22.1
2011-01-06,21.99,22.84,21.99,22.55,1385600,22.4
2011-01-05,22.02,22.18,21.75,22.00,626700,21.8
2011-01-04,21.99,22.11,21.80,22.10,589900,21.9
