Date,Open,High,Low,Close,Volume,Adj Clos
2010-12-31,9.72,9.95,9.72,9.90,1624000,9.8
2010-12-30,9.73,9.85,9.65,9.75,1345600,9.7
2010-12-29,9.66,9.80,9.52,9.75,1348900,9.7
2010-12-28,9.98,10.08,9.65,9.65,1828200,9.6
2010-12-27,10.19,10.44,9.98,10.01,3142100,9.9
2010-12-24,10.32,10.34,10.06,10.15,1897900,10.1
2010-12-23,10.32,10.52,10.20,10.34,3697900,10.3
2010-12-22,10.33,10.48,10.24,10.36,3383500,10.3
2010-12-21,10.16,10.37,10.05,10.33,2691000,10.2
2010-12-20,10.45,10.46,10.00,10.12,2922800,10.0
2010-12-17,10.40,10.49,10.25,10.41,2223200,10.3
2010-12-16,10.47,10.55,10.40,10.43,2019300,10.3
2010-12-15,10.41,10.65,10.39,10.46,3290100,10.4
2010-12-14,10.45,10.51,10.39,10.46,2477000,10.4
2010-12-13,10.31,10.47,10.25,10.45,3126400,10.4
2010-12-10,10.20,10.32,10.13,10.26,2133600,10.2
2010-12-09,10.63,10.66,10.17,10.19,3965900,10.1
2010-12-08,10.80,10.86,10.61,10.61,1857300,10.5
2010-12-07,10.81,10.87,10.59,10.85,2799200,10.8
2010-12-06,10.80,11.00,10.60,10.89,3327300,10.8
2010-12-03,10.94,10.95,10.68,10.80,1892800,10.7
2010-12-02,10.85,11.02,10.85,10.93,3078900,10.8
2010-12-01,10.70,10.93,10.65,10.80,2077400,10.7
2010-11-30,11.02,11.08,10.48,10.68,3112200,10.6
2010-11-29,10.93,11.11,10.80,11.02,2611500,10.9
2010-11-26,11.20,11.20,10.81,10.96,3711000,10.9
2010-11-25,10.99,11.26,10.90,11.26,5588500,11.2
2010-11-24,10.55,11.05,10.55,10.94,3015000,10.8
2010-11-23,11.04,11.11,10.52,10.70,3317300,10.6
2010-11-22,11.06,11.26,11.00,11.06,3811800,11.0
2010-11-19,11.08,11.27,10.95,11.23,5323600,11.1
2010-11-18,11.00,11.14,10.72,11.00,2985800,10.9
2010-11-17,10.66,11.59,10.54,10.89,4884300,10.8
2010-11-16,11.16,11.20,10.71,10.73,5642400,10.6
2010-11-15,10.98,11.17,10.93,11.12,4682800,11.0
2010-11-12,11.98,12.04,10.87,10.89,10488900,10.8
2010-11-11,12.20,12.36,12.05,12.05,11738700,12.0
2010-11-10,12.18,12.60,11.90,12.36,13867400,12.3
2010-11-09,12.21,12.27,11.98,12.14,8884900,12.0
2010-11-08,12.13,12.30,11.99,12.18,8438000,12.1
2010-11-05,11.90,12.20,11.78,12.10,12322100,12.0
2010-11-04,11.67,11.85,11.62,11.82,7057300,11.7
2010-11-03,11.60,11.90,11.48,11.68,8978000,11.6
2010-11-02,11.83,11.94,11.53,11.63,9419100,11.5
2010-11-01,11.59,11.85,11.53,11.82,5897800,11.7
2010-10-29,11.75,11.81,11.45,11.54,5668300,11.4
2010-10-28,11.80,11.92,11.61,11.72,5505300,11.6
2010-10-27,12.10,12.28,11.75,11.85,8504100,11.8
2010-10-26,11.97,12.40,11.83,12.20,14855700,12.1
2010-10-25,11.50,12.08,11.45,11.98,11399100,11.9
2010-10-22,11.52,11.70,11.40,11.49,6345500,11.4
2010-10-21,11.95,12.19,11.43,11.57,7474400,11.5
2010-10-19,11.62,11.88,11.45,11.88,9987000,11.8
2010-10-18,12.00,12.44,11.71,11.76,19666100,11.7
2010-10-15,11.38,11.99,11.10,11.94,18480900,11.8
2010-10-14,11.32,11.80,11.31,11.37,15026400,11.3
2010-10-13,11.21,11.42,11.12,11.36,6241600,11.3
2010-10-12,11.32,11.36,11.09,11.21,6680500,11.1
2010-10-11,10.91,11.69,10.89,11.40,12644900,11.3
2010-10-08,10.67,11.07,10.66,10.94,4782100,10.8
2010-09-30,10.44,10.72,10.41,10.65,2579500,10.6
2010-09-29,10.65,10.85,10.49,10.49,2308100,10.4
2010-09-28,10.80,10.91,10.65,10.78,2656300,10.7
2010-09-27,10.48,10.93,10.48,10.89,4852000,10.8
2010-09-21,10.41,10.63,10.41,10.47,2347400,10.4
2010-09-20,10.59,10.62,10.32,10.40,2721300,10.3
2010-09-17,10.51,10.63,10.30,10.58,4442500,10.5
2010-09-16,10.76,10.83,10.41,10.58,4956400,10.5
2010-09-15,10.96,11.15,10.61,10.70,4253300,10.6
2010-09-14,11.16,11.27,10.95,10.98,4779500,10.9
2010-09-13,11.00,11.15,10.93,11.11,3795700,11.0
2010-09-10,10.99,11.10,10.70,10.98,4668000,10.9
2010-09-09,11.30,11.59,10.94,10.97,7740200,10.9
2010-09-08,11.39,11.39,11.18,11.31,4960300,11.2
2010-09-07,11.56,11.60,11.28,11.45,6274700,11.4
2010-09-06,11.38,11.70,11.25,11.63,10405000,11.5
2010-09-03,11.24,11.39,11.10,11.35,5583800,11.3
2010-09-02,11.28,11.35,11.15,11.22,5386300,11.1
2010-09-01,11.49,11.64,11.04,11.14,8230000,11.0
2010-08-31,11.15,11.68,11.05,11.54,12434100,11.4
2010-08-30,11.15,11.32,11.00,11.25,9272900,11.2
2010-08-27,11.17,11.26,11.01,11.09,5648200,11.0
2010-08-26,10.90,11.33,10.90,11.17,10767600,11.1
2010-08-25,10.77,11.09,10.76,10.90,9497000,10.8
2010-08-24,10.63,11.06,10.48,10.90,7297000,10.8
2010-08-23,10.51,10.66,10.47,10.60,2594500,10.5
2010-08-20,10.76,10.85,10.46,10.55,4786000,10.5
2010-08-19,10.67,10.98,10.60,10.87,7436600,10.8
2010-08-18,10.72,10.79,10.53,10.66,5123600,10.6
2010-08-17,10.56,10.77,10.55,10.72,4349200,10.6
2010-08-16,10.38,10.65,10.31,10.58,3837200,10.5
2010-08-13,10.16,10.40,10.10,10.37,3094900,10.3
2010-08-12,10.30,10.41,10.14,10.18,3249100,10.1
2010-08-11,10.30,10.52,10.26,10.41,2483300,10.3
2010-08-10,10.90,10.95,10.37,10.37,5713600,10.3
2010-08-09,10.94,10.94,10.72,10.86,6298200,10.8
2010-08-06,10.45,10.99,10.36,10.97,9176000,10.9
2010-08-05,10.32,10.64,10.32,10.45,4107900,10.4
2010-08-04,10.33,10.40,10.19,10.36,3672200,10.3
2010-08-03,10.72,10.72,10.34,10.34,4609300,10.3
2010-08-02,10.54,10.72,10.52,10.66,4511200,10.6
2010-07-30,10.60,10.65,10.41,10.51,3647500,10.4
2010-07-29,10.52,10.69,10.43,10.63,6053400,10.5
2010-07-28,10.30,10.65,10.21,10.52,5809600,10.4
2010-07-27,10.18,10.51,10.15,10.36,6565900,10.3
2010-07-26,10.25,10.29,10.10,10.21,4384500,10.1
2010-07-23,10.11,10.53,10.10,10.27,9110700,10.2
2010-07-22,9.98,10.25,9.92,10.17,6002800,10.1
2010-07-21,10.00,10.09,9.90,9.97,4269200,9.9
2010-07-20,9.65,10.01,9.65,10.00,7053700,9.9
2010-07-19,9.35,9.72,9.28,9.68,2851600,9.6
2010-07-16,9.55,9.61,9.25,9.42,2746100,9.3
2010-07-15,9.86,10.05,9.60,9.60,2602700,9.5
2010-07-14,9.70,9.85,9.70,9.83,2871800,9.7
2010-07-13,9.80,9.80,9.58,9.67,2055900,9.5
2010-07-12,9.75,9.93,9.66,9.93,3818300,9.8
2010-07-09,9.56,9.87,9.36,9.76,5168000,9.6
2010-07-08,9.64,9.82,9.58,9.61,4319600,9.5
2010-07-07,9.50,9.59,9.41,9.56,2354900,9.4
2010-07-06,9.40,9.60,9.28,9.55,2879100,9.4
2010-07-05,9.30,9.57,9.18,9.43,2063800,9.3
2010-07-02,9.40,9.58,8.94,9.46,3328600,9.3
2010-07-01,9.50,9.60,9.33,9.34,1755200,9.2
2010-06-30,9.55,9.81,9.26,9.50,3084300,9.4
2010-06-29,10.10,10.17,9.46,9.51,4101000,9.4
2010-06-28,10.38,10.41,10.06,10.06,2681200,9.9
2010-06-25,10.39,10.46,10.19,10.36,2564600,10.2
2010-06-24,10.40,10.48,10.30,10.48,3579700,10.3
2010-06-23,10.31,10.49,10.16,10.39,3419600,10.2
2010-06-22,10.31,10.42,10.27,10.35,3423200,10.2
2010-06-21,10.04,10.43,9.93,10.36,3730000,10.2
2010-06-18,10.48,10.52,9.89,9.98,4096700,9.8
2010-06-17,10.54,10.70,10.43,10.47,3686800,10.3
2010-06-11,10.52,10.60,10.38,10.38,3385700,10.2
2010-06-10,10.57,10.65,10.40,10.44,7306000,10.3
2010-06-09,10.15,10.98,10.10,10.78,11018100,10.6
2010-06-08,9.95,10.20,9.89,10.09,2250700,10.0
2010-06-07,10.06,10.17,9.86,10.01,3765000,9.9
2010-06-04,10.10,10.41,9.92,10.31,5046400,10.2
2010-06-03,10.18,10.36,10.11,10.11,4289300,10.0
2010-06-02,9.76,10.25,9.75,10.18,4670900,10.0
2010-06-01,9.90,10.11,9.62,9.79,4122000,9.7
2010-05-31,10.23,10.56,9.98,10.10,6841300,10.0
2010-05-28,10.44,10.48,10.21,10.24,4520700,10.1
2010-05-27,10.18,10.43,10.05,10.37,5106900,10.2
2010-05-26,9.98,10.24,9.98,10.16,4134000,10.0
2010-05-25,10.10,10.14,9.87,9.98,3890800,9.8
2010-05-24,9.90,10.32,9.80,10.19,5186400,10.0
2010-05-21,9.40,9.87,9.30,9.80,3596300,9.7
2010-05-20,10.00,10.29,9.75,9.78,4108800,9.6
2010-05-19,10.28,10.48,10.01,10.23,7382300,10.1
2010-05-18,9.56,10.77,9.46,10.65,6728900,10.5
2010-05-14,10.33,10.41,10.21,10.33,3629800,10.2
2010-05-13,10.27,10.52,10.16,10.43,5142400,10.3
2010-05-12,10.02,10.35,9.90,10.28,3948600,10.1
2010-05-11,10.98,11.04,9.99,10.15,6339500,10.0
2010-05-10,10.69,10.85,10.45,10.80,3346900,10.7
2010-05-07,10.31,10.85,10.28,10.64,3218300,10.5
2010-05-06,11.14,11.14,10.68,10.71,3958900,10.6
2010-05-05,11.00,11.24,10.66,11.21,5398000,11.1
2010-05-04,11.40,11.42,10.95,11.04,4992200,10.9
2010-04-30,11.45,11.62,11.33,11.59,4208200,11.4
2010-04-29,11.63,11.86,11.39,11.43,4322800,11.3
2010-04-28,11.54,11.77,11.48,11.66,2993000,11.5
2010-04-27,12.16,12.20,11.48,11.61,5358600,11.5
2010-04-26,12.13,12.34,12.02,12.21,3502600,12.1
2010-04-23,12.10,12.27,11.88,12.14,5740200,12.0
2010-04-22,12.50,12.50,12.16,12.18,5335200,12.0
2010-04-21,12.43,12.56,12.09,12.55,6335700,12.4
2010-04-20,12.35,12.47,12.15,12.42,4923600,12.3
2010-04-19,13.50,13.50,12.30,12.30,9212600,12.1
2010-04-16,13.85,13.92,13.65,13.65,4482100,13.5
2010-04-15,13.91,14.07,13.78,13.80,5728700,13.6
2010-04-14,14.11,14.11,13.81,13.95,5793600,13.8
2010-04-13,13.85,14.26,13.68,14.10,11050700,13.9
2010-04-09,13.90,14.02,13.80,13.96,5678300,13.8
2010-04-08,14.18,14.20,13.90,13.94,6646400,13.8
2010-04-07,14.43,14.44,14.13,14.20,6556100,14.0
2010-04-06,14.12,14.45,14.12,14.43,12727500,14.2
2010-04-02,14.21,14.34,14.00,14.13,6715800,14.0
2010-04-01,14.10,14.29,14.05,14.21,9611000,14.0
2010-03-31,14.02,14.38,14.02,14.19,6827400,14.0
2010-03-30,14.16,14.19,13.91,14.02,4785200,13.8
2010-03-29,14.19,14.39,14.01,14.10,6609900,13.9
2010-03-26,13.79,14.15,13.73,14.12,4453800,13.9
2010-03-25,13.90,13.98,13.51,13.81,5685600,13.6
2010-03-24,14.02,14.11,13.89,13.93,6371400,13.8
2010-03-23,14.38,14.46,14.03,14.03,6591600,13.9
2010-03-22,14.33,14.56,14.17,14.48,7233900,14.3
2010-03-19,14.16,14.35,14.02,14.27,5245600,14.1
2010-03-18,14.24,14.46,14.06,14.16,4440000,14.0
2010-03-17,14.01,14.28,13.93,14.22,5579300,14.0
2010-03-16,13.70,14.08,13.61,14.01,5250100,13.8
2010-03-15,13.88,14.06,13.49,13.70,6059100,13.5
2010-03-12,14.56,14.75,13.88,14.00,10815000,13.8
2010-03-11,14.13,14.61,14.00,14.61,11622200,14.4
2010-03-10,14.67,14.75,14.01,14.14,9436700,14.0
2010-03-09,14.60,14.85,14.39,14.70,9996100,14.5
2010-03-08,14.09,14.74,14.01,14.71,15973000,14.5
2010-03-05,13.89,14.31,13.85,14.01,11248900,13.8
2010-03-04,14.20,14.25,13.66,13.83,12646100,13.7
2010-03-03,14.48,14.48,14.05,14.25,11194600,14.1
2010-03-02,14.08,14.48,14.02,14.34,12814700,14.2
2010-03-01,14.10,14.48,13.90,14.06,15845600,13.9
2010-02-26,13.78,14.12,13.61,13.98,15129900,13.8
2010-02-25,13.41,13.85,13.40,13.61,10946600,13.4
2010-02-24,13.10,13.46,12.98,13.40,7141400,13.2
2010-02-23,13.40,13.40,12.91,13.17,4943500,13.0
2010-02-22,13.18,13.49,13.11,13.28,7231800,13.1
2010-02-12,13.20,13.28,13.11,13.24,3598400,13.1
2010-02-11,13.31,13.31,13.08,13.15,3852100,13.0
2010-02-10,13.15,13.35,13.08,13.29,6196900,13.1
2010-02-09,13.00,13.22,12.86,13.11,4519200,12.9
2010-02-08,12.78,13.11,12.78,13.00,4308300,12.8
2010-02-05,12.85,13.16,12.71,12.83,5909200,12.7
2010-02-04,12.76,13.29,12.63,13.12,9196600,13.0
2010-02-03,12.36,12.85,12.36,12.82,6199300,12.7
2010-02-02,12.70,12.91,12.43,12.43,5950100,12.3
2010-02-01,12.57,12.86,12.34,12.70,6617200,12.5
2010-01-29,12.55,12.94,12.53,12.56,6961500,12.4
2010-01-28,13.20,13.20,12.58,12.72,10037400,12.6
2010-01-27,13.23,13.67,13.20,13.25,12166200,13.1
2010-01-26,13.51,13.80,13.01,13.06,11198000,12.9
2010-01-25,13.65,14.00,13.51,13.64,9438400,13.5
2010-01-22,13.99,14.15,13.38,13.78,21177700,13.6
2010-01-21,13.10,14.39,12.97,14.39,25796900,14.2
2010-01-20,13.75,13.97,13.00,13.08,11179400,12.9
2010-01-19,13.51,13.95,13.42,13.80,15592200,13.6
2010-01-15,13.29,13.62,13.29,13.44,9303400,13.3
2010-01-14,12.91,13.36,12.87,13.29,7543100,13.1
2010-01-13,13.22,13.50,12.91,12.91,9573900,12.7
2010-01-12,13.03,13.54,13.03,13.50,9463000,13.3
2010-01-11,13.70,13.80,13.11,13.20,13158400,13.0
2010-01-08,13.29,13.35,12.91,13.24,10656800,13.1
2010-01-07,12.85,13.66,12.80,13.33,21603900,13.2
2010-01-06,12.95,13.19,12.83,12.88,8056500,12.7
2010-01-05,12.79,13.20,12.60,13.10,14056600,12.9
2010-01-04,13.05,13.08,12.71,12.72,5629800,12.6
