Date,Open,High,Low,Close,Volume,Adj Clos
2010-12-31,33.93,34.65,33.80,34.63,21107700,34.3
2010-12-30,34.34,34.39,33.40,33.94,19892900,33.6
2010-12-29,33.90,34.35,33.60,34.32,21363300,34.0
2010-12-28,33.10,34.45,32.35,33.94,41857000,33.6
2010-12-27,35.00,35.20,33.01,33.29,33035200,32.9
2010-12-24,35.81,35.83,34.68,34.73,28117400,34.4
2010-12-23,35.80,36.20,35.62,35.81,24883100,35.4
2010-12-22,36.35,36.39,35.60,35.84,33071700,35.5
2010-12-21,36.70,36.95,35.77,36.25,52972000,35.9
2010-12-20,38.18,38.30,36.08,36.68,64427900,36.3
2010-12-17,38.70,38.90,37.90,38.15,27703300,37.8
2010-12-16,39.00,39.58,38.38,38.60,36709300,38.2
2010-12-15,38.10,38.78,37.92,37.99,28116100,37.6
2010-12-14,38.09,38.32,37.80,37.99,25732200,37.6
2010-12-13,37.60,38.00,36.91,37.99,52336100,37.6
2010-12-10,37.30,37.59,36.78,37.45,22201600,37.1
2010-12-09,37.92,37.98,37.28,37.31,14001800,36.9
2010-12-08,37.86,38.57,37.71,37.88,16696800,37.5
2010-12-07,37.08,37.93,36.57,37.80,20637200,37.4
2010-12-06,38.20,38.30,36.98,37.19,24698200,36.8
2010-12-03,37.99,38.51,37.70,38.22,15394400,37.8
2010-12-02,38.99,39.15,37.89,38.05,27603500,37.7
2010-12-01,39.14,39.14,38.29,38.49,21065200,38.1
2010-11-30,40.30,40.30,38.13,39.13,45158100,38.7
2010-11-29,40.45,41.48,39.84,40.77,44761800,40.4
2010-11-26,39.23,40.94,38.86,40.44,59151400,40.0
2010-11-25,39.18,39.61,38.70,39.14,27043800,38.7
2010-11-24,37.66,39.98,37.55,39.27,54073800,38.9
2010-11-23,37.39,38.24,36.68,37.86,35211200,37.5
2010-11-22,36.99,38.31,36.68,37.37,36216900,37.0
2010-11-19,36.40,37.26,36.02,37.00,29886900,36.6
2010-11-18,35.86,36.29,35.12,36.01,24119100,35.6
2010-11-17,36.88,36.90,34.68,35.90,46564100,35.5
2010-11-16,38.90,38.97,36.96,37.34,37175700,37.0
2010-11-15,37.10,38.78,36.97,38.77,40106600,38.4
2010-11-12,38.00,39.61,36.80,36.90,48092400,36.5
2010-11-11,38.80,39.43,38.10,38.11,36148800,37.7
2010-11-10,37.08,40.00,36.91,38.52,64113100,38.1
2010-11-09,36.90,37.20,36.48,37.02,31786500,36.6
2010-11-08,37.30,37.46,36.41,36.85,26146400,36.5
2010-11-05,37.98,38.10,37.00,37.20,25260800,36.8
2010-11-04,36.60,37.76,36.60,37.60,27617900,37.2
2010-11-03,36.70,37.50,36.33,36.70,21030700,36.3
2010-11-02,37.47,37.47,36.60,36.70,28776800,36.3
2010-11-01,36.60,37.70,36.59,37.47,26586100,37.1
2010-10-29,36.20,36.95,35.59,36.50,22242600,36.1
2010-10-28,35.82,36.97,35.81,36.35,19705200,36.0
2010-10-27,37.26,37.26,35.95,35.95,31532100,35.6
2010-10-26,38.20,38.20,36.97,37.27,34115200,36.9
2010-10-25,36.12,38.10,36.12,38.02,50670100,37.6
2010-10-22,35.81,36.68,35.81,36.00,32863100,35.6
2010-10-21,36.30,36.99,35.45,35.77,41712500,35.4
2010-10-20,34.05,36.21,34.01,36.15,65495600,35.8
2010-10-19,33.30,34.78,32.87,34.57,41802300,34.2
2010-10-18,32.59,33.61,31.75,33.35,43712400,33.0
2010-10-15,32.00,32.87,31.86,32.66,53109800,32.3
2010-10-14,33.60,33.70,31.80,31.89,61078000,31.6
2010-10-13,34.10,34.10,32.35,33.15,57747700,32.8
2010-10-12,34.48,35.20,33.78,34.25,26136400,33.9
2010-10-11,35.70,36.28,34.45,34.60,33010100,34.2
2010-10-08,34.49,36.16,34.40,35.70,26147000,35.3
2010-09-30,33.90,34.60,33.70,34.33,13909200,34.0
2010-09-29,34.86,34.86,34.02,34.12,18347100,33.8
2010-09-28,33.81,34.98,33.80,34.91,28743900,34.6
2010-09-27,33.24,33.96,32.70,33.78,17743500,33.4
2010-09-21,33.18,33.67,33.00,33.25,12483800,32.9
2010-09-20,33.21,33.59,32.61,33.28,13372800,32.9
2010-09-17,32.30,33.65,31.78,33.21,23101400,32.9
2010-09-16,33.13,33.30,31.70,32.30,20136900,32.0
2010-09-15,33.66,33.71,32.91,33.01,13422100,32.7
2010-09-14,34.00,34.14,33.53,33.71,15391300,33.4
2010-09-13,33.89,34.58,33.65,34.05,27970500,33.7
2010-09-10,32.56,33.99,32.21,33.89,28744400,33.5
2010-09-09,33.02,33.54,32.52,32.59,20666200,32.3
2010-09-08,32.00,32.97,31.89,32.75,14247500,32.4
2010-09-07,32.50,32.50,31.78,32.18,12834000,31.8
2010-09-06,32.60,33.24,32.50,32.52,20318000,32.2
2010-09-03,31.78,32.60,31.63,32.20,22578600,31.9
2010-09-02,31.43,32.10,31.30,31.78,16969800,31.5
2010-09-01,31.75,32.18,30.86,31.21,21445500,30.9
2010-08-31,31.60,32.00,31.41,31.72,23127500,31.4
2010-08-30,30.15,31.95,30.15,31.69,34488300,31.4
2010-08-27,29.95,30.16,29.58,29.99,8669900,29.7
2010-08-26,30.20,30.58,29.70,29.94,9710700,29.6
2010-08-25,29.91,30.80,29.83,30.00,16657000,29.7
2010-08-24,29.88,30.40,29.38,30.02,14729400,29.7
2010-08-23,30.00,30.10,29.60,29.90,11654700,29.6
2010-08-20,30.40,30.54,29.45,29.80,23766300,29.5
2010-08-19,30.74,31.06,30.45,30.54,16028300,30.2
2010-08-18,31.10,31.20,30.56,30.85,17092600,30.5
2010-08-17,31.00,31.35,30.75,31.08,21204700,30.8
2010-08-16,30.25,31.10,30.10,30.98,33530800,30.7
2010-08-13,29.79,30.27,29.40,30.19,21322200,29.9
2010-08-12,29.39,30.65,29.14,29.78,35017300,29.5
2010-08-11,29.16,29.89,29.00,29.58,29356500,29.3
2010-08-10,30.02,30.10,28.90,28.91,28644000,28.6
2010-08-09,29.78,30.69,29.78,30.00,19624600,29.7
2010-08-06,29.58,30.05,29.18,29.78,20652000,29.5
2010-08-05,29.35,30.28,29.06,29.70,28936900,29.4
2010-08-04,28.61,29.45,28.61,29.35,30695400,29.0
2010-08-03,29.10,29.37,28.77,28.78,22943800,28.5
2010-08-02,28.00,29.46,28.00,29.17,33524100,28.9
2010-07-30,27.73,27.95,27.50,27.78,12169700,27.5
2010-07-29,28.28,28.41,27.65,27.80,21469000,27.5
2010-07-28,28.11,28.46,27.98,28.26,18367300,28.0
2010-07-27,27.95,28.34,27.70,28.05,17427800,27.8
2010-07-26,27.55,28.37,27.55,27.95,22290100,27.7
2010-07-23,27.05,27.68,27.05,27.42,19308100,27.1
2010-07-22,26.75,27.26,26.75,27.03,12152800,26.7
2010-07-21,26.80,27.27,26.69,26.80,16258700,26.5
2010-07-20,26.43,27.12,26.40,26.79,25328000,26.5
2010-07-19,25.70,26.60,25.62,26.43,19897200,26.1
2010-07-16,24.89,25.95,24.82,25.80,20042100,25.5
2010-07-15,25.08,25.49,24.80,25.00,7833500,24.7
2010-07-14,25.13,25.59,24.90,25.00,6778800,24.7
2010-07-13,24.94,25.56,24.55,25.30,12505100,25.0
2010-07-12,25.00,25.15,24.73,24.98,7297800,24.7
2010-07-09,23.91,25.35,23.66,25.00,17884200,24.7
2010-07-08,24.20,24.31,23.72,23.85,5086700,23.6
2010-07-07,23.98,24.15,23.70,24.08,5533700,23.8
2010-07-06,23.58,24.24,23.50,23.98,6442100,23.7
2010-07-05,23.31,23.85,22.90,23.60,11562500,23.3
2010-07-02,24.00,24.28,22.20,23.56,16113000,23.3
2010-07-01,24.30,24.50,23.89,24.02,7112200,23.8
2010-06-30,24.25,24.45,24.02,24.23,7618000,24.0
2010-06-29,25.30,25.55,24.26,24.30,12462800,24.0
2010-06-28,25.60,25.83,25.30,25.31,7831100,25.0
2010-06-25,25.62,25.86,25.50,25.70,8261800,25.4
2010-06-24,26.03,26.05,25.56,25.67,9493200,25.4
2010-06-23,25.79,26.14,25.64,26.02,8144000,25.7
2010-06-22,26.26,26.27,25.77,25.85,12490700,25.6
2010-06-21,25.25,26.30,25.10,26.29,14991500,26.0
2010-06-18,25.90,26.26,25.12,25.15,14510600,24.9
2010-06-17,26.63,26.81,25.70,25.80,15303000,25.5
2010-06-11,27.08,27.33,26.48,26.61,15832100,26.3
2010-06-10,26.56,27.35,26.49,26.87,24434900,26.6
2010-06-09,25.72,26.65,25.72,26.59,25227900,26.3
2010-06-08,25.45,25.94,25.40,25.69,12828100,25.4
2010-06-07,24.61,25.80,24.50,25.55,23750800,25.3
2010-06-04,24.46,25.20,24.33,25.00,11259400,24.7
2010-06-03,24.57,24.86,24.31,24.50,10337700,24.2
2010-06-02,24.90,25.10,23.98,24.54,12530500,24.3
2010-06-01,24.77,25.23,24.40,25.00,16528200,24.7
2010-05-31,25.48,25.56,24.82,24.86,10774800,24.6
2010-05-28,25.62,25.86,25.44,25.47,17159700,25.2
2010-05-27,24.90,25.61,24.68,25.50,16413400,25.2
2010-05-26,25.02,25.43,24.70,24.90,8374200,24.6
2010-05-25,25.30,25.87,25.00,25.03,15239900,24.8
2010-05-24,25.05,25.99,25.05,25.54,16929900,25.3
2010-05-21,23.50,24.80,23.30,24.80,19741300,24.5
2010-05-20,23.62,24.47,23.61,23.96,16689900,23.7
2010-05-19,23.79,24.22,23.25,23.90,12154600,23.6
2010-05-18,23.68,24.08,23.00,23.84,17064300,23.6
2010-05-17,24.80,24.95,23.65,23.69,13793100,23.4
2010-05-14,25.10,25.39,24.82,25.12,8279200,24.8
2010-05-13,24.60,25.38,24.36,25.30,15665300,24.9
2010-05-12,25.38,25.41,23.96,24.57,20053700,24.2
2010-05-11,26.50,26.65,25.39,25.41,11842500,25.0
2010-05-10,25.70,26.34,25.50,25.90,12098700,25.5
2010-05-07,25.70,26.21,25.40,25.66,12123200,25.2
2010-05-06,26.81,27.20,26.00,26.01,12458100,25.6
2010-05-05,25.90,27.10,25.85,27.08,14959900,26.6
2010-05-04,26.00,26.67,25.70,26.30,9231100,25.9
2010-04-30,26.69,26.70,25.40,26.29,16876100,25.9
2010-04-29,27.00,27.10,26.70,26.70,12433300,26.3
2010-04-28,27.03,27.40,26.57,26.79,15996700,26.3
2010-04-27,27.88,27.90,26.66,27.08,24672100,26.6
2010-04-26,28.00,28.66,27.80,27.98,34432900,27.5
2010-04-23,29.36,30.00,28.83,29.00,27181600,28.5
2010-04-22,29.29,29.98,28.77,29.30,42294800,28.8
2010-04-21,28.07,29.45,27.90,29.25,36984200,28.8
2010-04-20,27.92,28.22,27.53,28.05,26238600,27.6
2010-04-19,28.70,28.98,27.89,27.90,34567900,27.4
2010-04-15,28.85,29.57,28.74,29.00,40717900,28.5
2010-04-14,27.90,28.78,27.81,28.77,42358600,28.3
2010-04-13,27.65,28.18,27.53,27.89,30785300,27.4
2010-04-12,28.10,28.17,27.48,27.52,25625000,27.1
2010-04-09,27.78,28.08,27.50,28.05,21223400,27.6
2010-04-08,28.30,28.30,27.70,27.76,22200600,27.3
2010-04-07,27.95,28.40,27.91,28.36,15970500,27.9
2010-04-06,28.28,28.46,27.92,28.04,25657000,27.6
2010-04-02,28.48,28.73,28.18,28.30,18331700,27.8
2010-04-01,28.17,28.79,28.09,28.51,19174000,28.0
2010-03-31,28.70,28.88,28.00,28.17,19223000,27.7
2010-03-30,28.92,29.21,28.58,28.60,16511000,28.1
2010-03-29,28.71,29.03,28.69,28.89,20677600,28.4
2010-03-26,28.40,28.59,28.15,28.40,12682400,27.9
2010-03-25,28.69,28.90,28.29,28.40,19383800,27.9
2010-03-24,28.16,29.03,28.12,28.68,30817300,28.2
2010-03-23,28.06,28.35,27.85,28.08,17462400,27.6
2010-03-22,28.12,28.21,27.85,28.05,16761100,27.6
2010-03-19,27.46,28.05,27.46,28.03,26065000,27.6
2010-03-18,27.46,27.79,27.25,27.31,12571900,26.9
2010-03-17,26.62,27.40,26.62,27.40,17055500,26.9
2010-03-16,26.51,26.90,26.48,26.57,13198100,26.1
2010-03-15,27.18,27.22,26.28,26.38,24361000,25.9
2010-03-12,27.55,27.84,27.18,27.22,13625100,26.8
2010-03-11,27.51,27.87,27.48,27.53,12093500,27.1
2010-03-10,28.04,28.04,27.48,27.51,24231400,27.1
2010-03-09,28.21,28.28,27.88,28.04,19998900,27.6
2010-03-08,28.40,28.50,28.16,28.20,11792000,27.7
2010-03-05,28.22,28.62,27.99,28.29,14490300,27.8
2010-03-04,28.46,29.17,28.10,28.20,28287300,27.7
2010-03-03,28.27,28.56,28.00,28.41,18973700,27.9
2010-03-02,28.60,28.71,28.12,28.27,17861200,27.8
2010-03-01,27.97,28.55,27.79,28.40,17797300,27.9
2010-02-26,28.57,28.68,27.97,28.04,18152500,27.6
2010-02-25,28.33,28.67,28.30,28.57,17287000,28.1
2010-02-24,27.98,28.40,27.82,28.29,13230700,27.8
2010-02-23,28.73,28.73,27.72,28.00,21525000,27.5
2010-02-22,29.52,29.52,28.80,28.82,13823200,28.3
2010-02-12,29.53,29.70,29.29,29.52,10662200,29.0
2010-02-11,29.10,29.77,29.00,29.49,13497500,29.0
2010-02-10,29.05,29.15,28.75,29.08,8606300,28.6
2010-02-09,28.89,29.19,28.58,28.81,10682200,28.3
2010-02-08,28.71,29.19,28.71,28.93,9467500,28.5
2010-02-05,28.90,28.98,28.65,28.86,15356600,28.4
2010-02-04,29.11,29.58,28.98,29.31,16474400,28.8
2010-02-03,28.95,29.26,28.37,29.08,22836400,28.6
2010-02-02,29.87,29.95,28.92,28.95,20973800,28.5
2010-02-01,29.69,30.05,29.20,29.75,28965700,29.3
2010-01-29,28.75,29.80,28.56,29.19,18171000,28.7
2010-01-28,28.39,29.11,27.95,28.81,23340000,28.3
2010-01-27,29.66,29.82,28.40,28.56,28371300,28.1
2010-01-26,30.20,30.36,29.18,29.58,21577400,29.1
2010-01-25,29.54,30.37,29.32,30.00,22525300,29.5
2010-01-22,29.93,30.02,29.18,29.61,28044500,29.1
2010-01-21,30.45,30.68,29.79,30.35,32381900,29.9
2010-01-20,31.70,31.70,30.27,30.45,36951600,30.0
2010-01-19,32.20,32.28,31.59,31.69,22988100,31.2
2010-01-18,31.70,32.35,31.30,32.10,39365300,31.6
2010-01-15,31.96,32.20,31.28,31.56,45035900,31.0
2010-01-14,30.39,31.76,30.20,31.44,45444900,30.9
2010-01-13,30.00,31.05,29.80,30.27,36716200,29.8
2010-01-12,29.65,30.58,29.50,30.51,29138100,30.0
2010-01-11,30.20,30.55,29.43,29.66,27831700,29.2
2010-01-08,29.85,29.96,29.09,29.94,36477100,29.5
2010-01-07,30.78,30.78,29.49,30.00,61705100,29.5
2010-01-06,31.78,31.98,30.90,30.94,42822000,30.4
2010-01-05,31.48,31.95,31.48,31.78,29098200,31.3
2010-01-04,31.80,32.00,31.36,31.45,26409000,30.9
