Date,Open,High,Low,Close,Volume,Adj Clos
2011-12-30,4.96,5.29,4.96,5.20,3411800,5.2
2011-12-29,4.82,4.99,4.77,4.96,2553200,4.9
2011-12-28,4.77,4.86,4.64,4.86,1917900,4.8
2011-12-27,4.88,4.89,4.76,4.82,1036500,4.8
2011-12-26,4.88,4.92,4.81,4.90,1889700,4.9
2011-12-23,4.78,4.94,4.60,4.88,2827700,4.8
2011-12-22,4.89,4.89,4.45,4.70,2119700,4.7
2011-12-21,5.10,5.11,4.89,4.89,1138000,4.8
2011-12-20,5.04,5.10,5.01,5.07,1529500,5.0
2011-12-19,5.01,5.08,4.88,5.07,1581700,5.0
2011-12-16,4.98,5.08,4.93,5.06,1896900,5.0
2011-12-15,5.08,5.08,4.86,4.95,1596300,4.9
2011-12-14,5.16,5.25,5.02,5.13,1431400,5.1
2011-12-13,5.43,5.43,5.03,5.20,3154200,5.2
2011-12-12,5.50,5.55,5.41,5.43,769700,5.4
2011-12-09,5.55,5.59,5.49,5.52,1009200,5.5
2011-12-08,5.62,5.64,5.50,5.60,1110900,5.6
2011-12-07,5.64,5.73,5.53,5.59,1456700,5.5
2011-12-06,5.59,5.65,5.44,5.65,1770000,5.6
2011-12-05,5.62,5.70,5.50,5.65,1249600,5.6
2011-12-02,5.80,5.83,5.64,5.69,1796500,5.6
2011-12-01,5.72,5.88,5.70,5.79,4482000,5.7
2011-11-30,5.80,5.80,5.50,5.60,2519900,5.6
2011-11-29,5.71,5.79,5.64,5.76,2018800,5.7
2011-11-28,5.71,5.80,5.60,5.69,3512900,5.6
2011-11-25,5.90,5.93,5.72,5.73,2029500,5.7
2011-11-24,5.89,5.98,5.82,5.88,2566200,5.8
2011-11-23,5.75,5.98,5.67,5.96,5975100,5.9
2011-11-22,5.60,5.75,5.55,5.72,2734600,5.7
2011-11-21,5.67,5.72,5.55,5.63,2286000,5.6
2011-11-18,5.92,5.92,5.65,5.67,2965100,5.6
2011-11-17,6.03,6.07,5.89,5.92,4205200,5.9
2011-11-16,6.21,6.25,5.98,6.04,3659000,6.0
2011-11-15,6.14,6.25,6.12,6.20,3730900,6.2
2011-11-14,6.09,6.18,6.01,6.17,4844800,6.1
2011-11-11,6.06,6.09,6.00,6.06,1909400,6.0
2011-11-10,6.06,6.12,6.00,6.00,3249600,6.0
2011-11-09,6.10,6.14,6.02,6.12,3788700,6.1
2011-11-08,6.18,6.24,6.06,6.08,3259800,6.0
2011-11-07,6.24,6.24,6.12,6.17,3058500,6.1
2011-11-04,6.20,6.33,6.18,6.26,5645400,6.2
2011-11-03,6.47,6.55,6.15,6.18,18302900,6.1
2011-11-02,6.18,6.53,6.09,6.46,7173200,6.4
2011-11-01,6.30,6.36,6.23,6.28,3724800,6.2
2011-10-31,6.39,6.41,6.23,6.36,3913300,6.3
2011-10-28,6.27,6.45,6.13,6.34,7833100,6.3
2011-10-27,6.02,6.19,5.94,6.18,5979200,6.1
2011-10-26,5.85,6.15,5.73,6.09,8048100,6.0
2011-10-25,5.67,5.93,5.62,5.83,3915000,5.8
2011-10-24,5.67,5.73,5.36,5.72,3408500,5.7
2011-10-21,5.90,6.13,5.60,5.62,3589600,5.6
2011-10-20,12.19,12.21,11.75,11.90,1915100,11.9
2011-10-19,12.20,12.29,11.95,12.20,2398300,12.2
2011-10-18,12.46,12.65,12.00,12.02,2736300,12.0
2011-10-17,12.44,12.89,12.41,12.49,3517400,12.4
2011-10-14,12.10,12.35,12.06,12.33,1926600,12.3
2011-10-13,11.81,12.32,11.80,12.27,3266400,12.2
2011-10-12,11.40,11.88,11.39,11.88,2704100,11.8
2011-10-11,11.55,11.85,11.36,11.48,2600600,11.4
2011-10-10,11.61,11.74,11.00,11.22,961000,11.2
2011-09-30,11.47,11.72,11.31,11.64,1288800,11.6
2011-09-29,11.70,11.70,11.14,11.53,2154900,11.5
2011-09-28,12.74,12.74,11.54,11.70,2599800,11.7
2011-09-27,12.83,12.83,12.42,12.60,1440300,12.6
2011-09-26,12.72,13.06,12.56,12.61,1589000,12.6
2011-09-23,12.80,13.14,12.68,12.89,1972400,12.8
2011-09-22,13.19,13.29,12.84,13.08,3258600,13.0
2011-09-21,12.64,13.44,12.51,13.23,4086900,13.2
2011-09-20,12.79,12.79,12.47,12.59,1485800,12.5
2011-09-19,12.81,12.92,12.64,12.80,950600,12.8
2011-09-16,12.77,13.28,12.77,12.92,2681400,12.9
2011-09-14,12.33,12.66,12.30,12.66,1724500,12.6
2011-09-13,12.29,12.43,12.13,12.34,1637900,12.3
2011-09-09,12.34,12.57,12.28,12.43,1680800,12.4
2011-09-08,12.81,12.90,12.20,12.30,1985200,12.3
2011-09-07,12.55,12.84,12.48,12.81,2590300,12.8
2011-09-06,12.62,12.85,12.26,12.45,2720700,12.4
2011-09-05,13.29,13.45,12.90,12.90,2316600,12.9
2011-09-02,13.45,13.65,13.29,13.33,1567100,13.3
2011-09-01,14.00,14.02,13.38,13.55,3413200,13.5
2011-08-31,14.12,14.26,13.78,13.97,4016000,13.9
2011-08-30,13.75,14.31,13.60,14.12,7184000,14.1
2011-08-29,13.95,14.24,13.63,13.75,8195800,13.7
2011-08-26,13.56,13.75,13.50,13.70,2017300,13.7
2011-08-25,13.28,13.71,13.28,13.62,2994400,13.6
2011-08-24,13.55,13.63,13.17,13.31,2379200,13.3
2011-08-23,13.30,13.63,13.30,13.51,1960500,13.5
2011-08-22,13.55,13.68,13.15,13.28,1867700,13.2
2011-08-19,13.10,13.59,13.03,13.50,2120900,13.5
2011-08-18,13.88,14.02,13.32,13.37,3172300,13.3
2011-08-17,13.63,14.10,13.63,13.98,3081000,13.9
2011-08-16,13.65,13.87,13.60,13.68,2361200,13.6
2011-08-15,13.71,13.83,13.49,13.73,3287200,13.7
2011-08-12,13.40,13.82,13.36,13.63,3059200,13.6
2011-08-11,12.62,13.39,12.62,13.36,3587200,13.3
2011-08-10,13.45,13.68,13.01,13.09,5581100,13.0
2011-08-09,12.80,13.45,12.49,13.30,5964300,13.3
2011-08-08,14.21,14.21,12.96,13.10,8068900,13.1
2011-08-05,14.50,14.98,14.30,14.40,7212900,14.4
2011-08-04,14.48,15.08,14.40,14.96,6733700,14.9
2011-08-03,14.47,14.55,14.20,14.50,2689700,14.5
2011-08-02,14.55,14.61,14.20,14.55,3826200,14.5
2011-08-01,14.20,14.70,14.17,14.50,6174200,14.5
2011-07-29,13.91,14.45,13.89,14.22,5309000,14.2
2011-07-28,13.92,14.33,13.87,14.03,4270900,14.0
2011-07-27,13.66,14.07,13.60,14.00,4374200,14.0
2011-07-26,13.24,13.74,13.24,13.70,2163400,13.7
2011-07-25,13.77,13.77,13.12,13.45,4616900,13.4
2011-07-22,13.80,13.87,13.53,13.84,4218700,13.8
2011-07-21,13.86,13.95,13.65,13.80,1850300,13.8
2011-07-20,13.85,13.95,13.61,13.90,4422100,13.9
2011-07-19,13.85,14.15,13.75,13.86,3637600,13.8
2011-07-18,13.54,14.02,13.35,13.96,5764700,13.9
2011-07-15,13.65,13.79,13.30,13.63,4816700,13.6
2011-07-14,13.58,13.78,13.45,13.63,3643000,13.6
2011-07-13,13.25,13.67,13.22,13.50,4277300,13.5
2011-07-12,13.15,13.64,13.03,13.30,6834700,13.3
2011-07-11,12.40,13.53,12.40,13.32,9867400,13.3
2011-07-08,12.65,12.65,12.33,12.50,2156800,12.5
2011-07-07,12.50,12.78,12.50,12.55,3377600,12.5
2011-07-06,12.39,12.66,12.10,12.59,3774700,12.5
2011-07-05,12.36,12.58,12.32,12.43,2720500,12.4
2011-07-04,12.30,12.50,12.19,12.47,3655200,12.4
2011-07-01,12.35,12.45,12.21,12.29,2383400,12.2
2011-06-30,12.29,12.34,12.11,12.26,2293900,12.2
2011-06-29,12.28,12.50,12.06,12.06,3128100,12.0
2011-06-27,11.98,12.38,11.94,12.23,5265000,12.2
2011-06-24,11.61,12.19,11.52,12.03,4763900,12.0
2011-06-23,11.40,11.64,11.34,11.59,1718400,11.5
2011-06-22,11.39,11.51,11.20,11.50,1436600,11.5
2011-06-21,11.11,11.40,10.95,11.38,1581100,11.3
2011-06-20,11.32,11.40,11.02,11.10,1322600,11.1
2011-06-17,11.51,11.65,11.30,11.38,2030300,11.3
2011-06-16,11.45,11.88,11.42,11.51,4473200,11.5
2011-06-15,11.25,11.65,11.10,11.61,3955100,11.6
2011-06-14,11.08,11.26,11.00,11.25,1128400,11.2
2011-06-13,11.06,11.12,10.96,11.06,605500,11.0
2011-06-10,11.06,11.20,10.95,11.20,1377400,11.2
2011-06-09,11.43,11.43,11.09,11.09,933800,11.0
2011-06-08,11.38,11.52,11.27,11.45,1049400,11.4
2011-06-07,11.33,11.48,11.29,11.45,1131500,11.4
2011-06-03,11.22,11.43,11.15,11.39,1591000,11.3
2011-06-02,11.15,11.27,10.91,11.22,1495000,11.2
2011-06-01,10.98,11.26,10.84,11.24,1361600,11.2
2011-05-31,10.84,11.12,10.64,10.98,1491700,10.9
2011-05-30,11.13,11.16,10.82,10.84,1103500,10.8
2011-05-27,11.33,11.40,11.01,11.09,1767500,11.0
2011-05-26,11.13,11.48,11.13,11.37,1963500,11.3
2011-05-25,11.24,11.48,11.00,11.12,847600,11.1
2011-05-24,11.42,11.42,11.05,11.25,1663300,11.2
2011-05-23,11.77,11.77,11.20,11.43,1520100,11.4
2011-05-20,11.86,11.90,11.69,11.77,685200,11.7
2011-05-19,11.81,12.00,11.73,11.86,1724200,11.8
2011-05-18,11.83,11.86,11.50,11.80,1511800,11.8
2011-05-17,11.75,12.15,11.70,11.83,1994800,11.8
2011-05-16,11.51,11.85,11.30,11.79,1821700,11.7
2011-05-13,11.47,11.57,11.31,11.50,1050900,11.5
2011-05-12,11.75,11.78,11.35,11.41,2106700,11.4
2011-05-11,11.95,11.99,11.75,11.79,1608100,11.7
2011-05-10,11.83,11.96,11.73,11.90,1008100,11.9
2011-05-09,11.79,12.01,11.61,11.85,1613500,11.8
2011-05-06,12.18,12.18,11.71,11.84,1542500,11.8
2011-05-05,12.05,12.28,12.03,12.17,1506100,12.1
2011-05-04,12.32,12.32,12.03,12.19,2519600,12.1
2011-05-03,11.62,12.25,11.50,12.23,2280600,12.2
2011-04-29,11.26,11.63,11.01,11.59,1974900,11.5
2011-04-28,12.00,12.17,11.01,11.25,2529800,11.2
2011-04-27,12.28,12.38,11.96,11.99,2230700,11.9
2011-04-26,12.58,12.59,12.26,12.30,2091700,12.3
2011-04-25,13.34,13.34,12.25,12.59,5422300,12.5
2011-04-22,13.36,13.54,13.23,13.41,2606500,13.4
2011-04-21,13.45,13.48,13.21,13.39,3016700,13.3
2011-04-20,13.52,13.68,13.28,13.36,3548100,13.3
2011-04-19,13.72,13.72,13.36,13.60,4720300,13.6
2011-04-18,13.01,14.05,12.94,13.82,10678400,13.8
2011-04-15,12.95,13.10,12.86,13.03,2601700,13.0
2011-04-14,12.90,13.09,12.82,12.94,2172600,12.9
2011-04-13,12.65,12.88,12.65,12.88,1199900,12.8
2011-04-12,12.85,12.85,12.60,12.75,1529500,12.7
2011-04-11,13.10,13.15,12.85,12.86,2097000,12.8
2011-04-08,12.73,13.16,12.73,13.09,2794900,13.0
2011-04-07,12.83,12.85,12.62,12.85,2007000,12.8
2011-04-06,12.88,12.88,12.55,12.82,2472600,12.8
2011-04-01,12.80,12.99,12.80,12.91,1353400,12.9
2011-03-31,12.60,13.04,12.60,12.83,2431500,12.8
2011-03-30,12.70,12.77,12.46,12.62,2456900,12.6
2011-03-29,13.15,13.15,12.75,12.77,4950000,12.7
2011-03-28,13.48,13.60,13.10,13.20,5365300,13.2
2011-03-25,13.45,13.56,13.24,13.28,4868000,13.2
2011-03-24,13.48,13.55,13.29,13.39,4018300,13.3
2011-03-23,13.01,13.50,13.01,13.27,6893000,13.2
2011-03-22,12.95,13.08,12.81,13.01,2810200,13.0
2011-03-21,13.31,13.31,12.72,12.90,3938500,12.9
2011-03-18,13.20,13.40,13.15,13.30,1714100,13.3
2011-03-17,13.42,13.43,13.13,13.17,2153200,13.1
2011-03-16,13.31,13.52,13.28,13.48,2445400,13.4
2011-03-15,13.59,13.60,13.16,13.28,2418600,13.2
2011-03-14,13.42,13.60,13.20,13.59,3104200,13.5
2011-03-11,13.84,13.84,13.41,13.53,4090400,13.5
2011-03-10,14.20,14.25,13.59,13.86,5188200,13.8
2011-03-09,14.20,14.33,14.10,14.19,2905100,14.1
2011-03-08,14.00,14.15,13.97,14.15,2304100,14.1
2011-03-07,14.00,14.16,13.92,14.04,3020800,14.0
2011-03-04,13.88,14.04,13.60,13.97,2885600,13.9
2011-03-03,14.34,14.35,13.90,13.92,3493400,13.9
2011-03-02,14.53,14.66,14.06,14.25,3259000,14.2
2011-03-01,14.37,14.75,14.34,14.60,5832100,14.6
2011-02-28,14.00,14.50,14.00,14.33,5173500,14.3
2011-02-25,13.91,14.15,13.71,14.04,3365700,14.0
2011-02-24,14.05,14.07,13.68,13.88,4057900,13.8
2011-02-23,13.60,14.26,13.57,14.17,3720800,14.1
2011-02-22,14.77,14.77,13.87,13.88,6776700,13.8
2011-02-21,14.48,15.06,14.22,14.85,6858900,14.8
2011-02-18,16.00,16.30,14.61,14.72,17599800,14.7
2011-02-17,14.82,15.22,14.60,15.12,5763200,15.1
2011-02-16,14.65,14.95,14.52,14.82,3204700,14.8
2011-02-15,14.98,14.98,14.62,14.77,7012200,14.7
2011-02-14,15.00,15.30,14.67,15.08,8130200,15.0
2011-02-11,14.59,15.11,14.45,14.94,6497900,14.9
2011-02-10,14.25,14.85,14.07,14.65,4866400,14.6
2011-02-09,14.20,14.36,13.91,14.35,4824700,14.3
2011-02-01,13.88,14.40,13.75,14.35,9092400,14.3
2011-01-31,12.51,13.73,12.51,13.73,8661100,13.7
2011-01-28,12.70,12.98,12.38,12.48,6414600,12.4
2011-01-27,12.58,13.09,12.34,12.77,5365600,12.7
2011-01-26,12.50,12.75,12.30,12.69,3273400,12.6
2011-01-25,12.32,12.76,12.25,12.58,4265400,12.5
2011-01-24,13.68,14.20,12.47,12.54,9209200,12.5
2011-01-21,14.65,14.99,13.80,13.86,7342300,13.8
2011-01-20,15.39,15.39,14.88,14.90,4913700,14.9
2011-01-19,14.74,15.52,14.65,15.39,8947800,15.3
2011-01-18,14.10,14.80,14.00,14.77,5336200,14.7
2011-01-17,14.30,14.48,13.98,14.12,3072600,14.1
2011-01-14,14.42,14.78,14.10,14.60,3327000,14.6
2011-01-13,14.23,14.76,14.00,14.58,4852900,14.5
2011-01-12,13.89,14.18,13.80,14.17,3844800,14.1
2011-01-11,14.21,14.90,13.62,13.73,5984700,13.7
2011-01-10,15.01,15.20,14.50,14.50,6471700,14.5
2011-01-07,15.45,15.45,14.88,15.10,7151100,15.1
2011-01-06,16.33,16.69,15.37,15.58,18920200,15.5
2011-01-05,15.40,15.88,15.17,15.60,5350000,15.6
2011-01-04,14.75,15.80,14.70,15.65,14006200,15.6
