Date,Open,High,Low,Close,Volume,Adj Clos
2003-12-31,6.65,6.77,6.63,6.68,143000,6.6
2003-12-30,6.64,6.73,6.63,6.67,145500,6.6
2003-12-29,6.79,6.96,6.58,6.68,145100,6.6
2003-12-26,6.75,6.89,6.74,6.78,166400,6.7
2003-12-25,6.91,6.92,6.74,6.83,408400,6.8
2003-12-24,7.00,7.02,6.90,6.91,907300,6.9
2003-12-23,6.77,6.98,6.60,6.98,1069500,6.9
2003-12-22,6.46,6.85,6.19,6.81,418600,6.8
2003-12-19,6.71,6.72,6.51,6.51,770100,6.5
2003-12-18,6.49,6.80,6.40,6.73,438000,6.7
2003-12-17,6.42,6.52,6.39,6.41,173600,6.4
2003-12-16,6.58,6.58,6.40,6.48,234600,6.4
2003-12-15,6.61,6.66,6.58,6.64,159700,6.6
2003-12-12,6.72,6.73,6.53,6.60,185800,6.6
2003-12-11,6.60,6.65,6.54,6.58,173600,6.5
2003-12-10,6.45,6.58,6.43,6.55,245400,6.5
2003-12-09,6.48,6.48,6.35,6.42,265400,6.4
2003-12-08,6.63,6.72,6.46,6.47,146700,6.4
2003-12-05,6.61,6.66,6.54,6.65,199200,6.6
2003-12-04,6.64,6.67,6.60,6.61,272700,6.6
2003-12-03,6.66,6.79,6.50,6.69,613700,6.6
2003-12-02,7.33,7.33,6.73,6.76,1012900,6.7
2003-12-01,6.67,6.67,6.67,6.67,000,6.6
2003-11-28,6.42,6.70,6.30,6.67,551400,6.6
2003-11-27,6.67,6.68,6.42,6.42,511200,6.4
2003-11-26,6.48,6.70,6.47,6.69,967900,6.6
2003-11-25,6.32,6.50,6.25,6.42,667900,6.4
2003-11-24,6.08,6.28,6.00,6.28,346200,6.2
2003-11-21,6.27,6.35,6.05,6.09,378700,6.0
2003-11-20,6.46,6.46,6.07,6.27,592100,6.2
2003-11-19,5.88,6.10,5.85,6.06,271700,6.0
2003-11-18,6.03,6.03,5.80,5.88,403900,5.8
2003-11-17,6.20,6.20,5.60,6.11,538300,6.1
2003-11-14,6.12,6.20,6.02,6.20,310500,6.2
2003-11-13,6.10,6.30,6.00,6.21,650300,6.2
2003-11-12,5.68,6.23,5.66,6.18,1169200,6.1
2003-11-11,5.74,5.83,5.60,5.66,388700,5.6
2003-11-10,5.98,6.04,5.69,5.71,275800,5.7
2003-11-07,6.15,6.15,5.90,5.98,283800,5.9
2003-11-06,6.42,6.42,6.07,6.17,193900,6.1
2003-11-05,6.72,6.75,6.60,6.60,97400,6.6
2003-11-04,6.65,6.86,6.62,6.76,209100,6.7
2003-11-03,6.60,6.69,6.59,6.65,66800,6.6
2003-10-31,6.65,6.85,6.60,6.70,44100,6.7
2003-10-30,6.61,6.73,6.60,6.67,30300,6.6
2003-10-29,6.86,6.88,6.51,6.83,152400,6.8
2003-10-28,6.88,6.88,6.68,6.85,84400,6.8
2003-10-27,6.90,6.96,6.67,6.88,142900,6.8
2003-10-24,6.96,6.97,6.86,6.88,121000,6.8
2003-10-23,7.15,7.15,6.97,6.98,80900,6.9
2003-10-22,7.00,7.10,6.92,7.09,96300,7.0
2003-10-21,6.95,7.00,6.90,6.98,39300,6.9
2003-10-20,7.08,7.08,6.90,6.95,25900,6.9
2003-10-17,6.99,7.07,6.98,7.02,55100,7.0
2003-10-16,7.08,7.08,7.00,7.00,45000,7.0
2003-10-15,7.10,7.19,7.07,7.12,38300,7.1
2003-10-14,7.12,7.13,7.04,7.07,55700,7.0
2003-10-13,7.16,7.20,7.06,7.15,66300,7.1
2003-10-10,7.01,7.24,7.01,7.20,130900,7.2
2003-10-09,7.17,7.17,7.06,7.07,68600,7.0
2003-10-08,7.14,7.14,7.00,7.11,36400,7.1
2003-10-07,7.09,7.09,7.09,7.09,000,7.0
2003-10-06,7.09,7.09,7.09,7.09,000,7.0
2003-10-03,7.09,7.09,7.09,7.09,000,7.0
2003-10-02,7.09,7.09,7.09,7.09,000,7.0
2003-10-01,7.09,7.09,7.09,7.09,000,7.0
2003-09-30,7.01,7.10,7.00,7.09,77200,7.0
2003-09-29,7.02,7.10,7.00,7.01,73700,7.0
2003-09-26,7.12,7.15,7.03,7.06,27500,7.0
2003-09-25,7.25,7.25,7.10,7.11,44900,7.1
2003-09-24,7.51,7.51,7.11,7.35,689800,7.3
2003-09-23,7.01,7.05,6.96,7.05,62600,7.0
2003-09-22,7.06,7.06,7.00,7.05,115800,7.0
2003-09-19,7.08,7.09,7.00,7.05,74600,7.0
2003-09-18,7.08,7.10,7.05,7.06,26900,7.0
2003-09-17,7.12,7.32,7.12,7.14,530900,7.1
2003-09-16,6.99,7.13,6.99,7.12,192600,7.1
2003-09-15,7.19,7.19,7.19,7.19,000,7.1
2003-09-12,7.26,7.27,7.18,7.19,71700,7.1
2003-09-11,7.24,7.28,7.20,7.26,67300,7.2
2003-09-10,7.24,7.31,7.24,7.24,38700,7.2
2003-09-09,7.32,7.32,7.18,7.25,106600,7.2
2003-09-08,7.36,7.36,7.28,7.31,71500,7.3
2003-09-05,7.50,7.50,7.30,7.36,81900,7.3
2003-09-04,7.50,7.53,7.42,7.50,306000,7.5
2003-09-03,7.26,7.49,7.26,7.47,193200,7.4
2003-09-02,7.38,7.42,7.30,7.33,122000,7.3
2003-09-01,7.20,7.39,7.20,7.38,78000,7.3
2003-08-29,7.37,7.37,7.20,7.29,48100,7.2
2003-08-28,7.40,7.45,7.23,7.24,122100,7.2
2003-08-27,7.53,7.58,7.44,7.45,246300,7.4
2003-08-26,7.40,7.52,7.26,7.51,130200,7.5
2003-08-25,7.20,7.54,7.20,7.40,74600,7.4
2003-08-22,7.40,7.56,7.40,7.40,44300,7.4
2003-08-21,7.42,7.47,7.37,7.40,74100,7.4
2003-08-20,7.48,7.57,7.40,7.45,49900,7.4
2003-08-19,7.50,7.63,7.38,7.49,35500,7.4
2003-08-18,7.50,7.53,7.45,7.49,72800,7.4
2003-08-15,7.64,7.64,7.43,7.55,46200,7.5
2003-08-14,7.52,7.65,7.51,7.53,68600,7.5
2003-08-13,7.74,7.74,7.51,7.59,63300,7.5
2003-08-12,7.60,7.75,7.50,7.74,86100,7.7
2003-08-11,7.43,7.58,7.42,7.55,55700,7.5
2003-08-08,7.62,7.71,7.60,7.60,39700,7.6
2003-08-07,7.76,7.78,7.66,7.72,132300,7.7
2003-08-06,7.76,7.79,7.66,7.76,92600,7.7
2003-08-05,7.85,7.85,7.72,7.75,171000,7.7
2003-08-04,7.50,7.72,7.45,7.72,93000,7.7
2003-08-01,7.42,7.55,7.38,7.52,99900,7.5
2003-07-31,7.53,7.60,7.46,7.49,115800,7.4
2003-07-30,7.72,7.72,7.53,7.56,129600,7.5
2003-07-29,7.70,7.73,7.68,7.72,82400,7.7
2003-07-28,7.80,7.80,7.68,7.70,126700,7.7
2003-07-25,7.95,7.95,7.76,7.85,95900,7.8
2003-07-24,7.92,7.92,7.80,7.88,51700,7.8
2003-07-23,7.89,7.97,7.86,7.87,50700,7.8
2003-07-22,7.85,7.98,7.72,7.82,86700,7.8
2003-07-21,7.96,7.97,7.77,7.80,267000,7.8
2003-07-18,8.09,8.12,8.00,8.00,190900,8.0
2003-07-17,8.10,8.14,8.05,8.09,264500,8.0
2003-07-16,8.10,8.15,8.08,8.15,79700,8.1
2003-07-15,8.17,8.17,8.05,8.14,157000,8.1
2003-07-14,8.12,8.27,8.07,8.09,215100,8.0
2003-07-11,8.30,8.33,8.13,8.16,213800,8.1
2003-07-10,8.24,8.37,8.21,8.29,221900,8.2
2003-07-09,8.28,8.28,8.19,8.24,98400,8.2
2003-07-08,8.06,8.30,8.05,8.30,306000,8.3
2003-07-07,8.02,8.13,8.02,8.13,62100,8.1
2003-07-04,8.10,8.16,8.02,8.11,106600,8.1
2003-07-03,8.03,8.18,8.03,8.15,39200,8.1
2003-07-02,8.10,8.14,7.99,8.14,196400,8.1
2003-07-01,8.08,8.20,8.00,8.02,193800,8.0
2003-06-30,8.10,8.20,8.10,8.11,99800,8.1
2003-06-27,8.49,8.49,8.16,8.18,226600,8.1
2003-06-26,8.49,8.49,8.28,8.42,184900,8.4
2003-06-25,8.45,8.54,8.40,8.46,445800,8.4
2003-06-24,8.38,8.45,8.33,8.43,178000,8.4
2003-06-23,8.45,8.47,8.35,8.39,311900,8.3
2003-06-20,8.23,8.44,8.19,8.41,200600,8.4
2003-06-19,8.29,8.37,8.21,8.36,123100,8.3
2003-06-18,8.30,8.41,8.30,8.37,79600,8.3
2003-06-17,8.40,8.40,8.31,8.33,99400,8.3
2003-06-16,8.50,8.51,8.38,8.40,90800,8.3
2003-06-13,8.40,8.54,8.29,8.50,656700,8.4
2003-06-12,8.28,8.35,8.25,8.33,85400,8.2
2003-06-11,8.25,8.37,8.22,8.35,216900,8.3
2003-06-10,8.15,8.25,8.12,8.23,127700,8.1
2003-06-09,8.38,8.38,8.05,8.20,298200,8.1
2003-06-06,8.28,8.30,8.23,8.24,196900,8.1
2003-06-05,8.30,8.36,8.28,8.32,157100,8.2
2003-06-04,8.37,8.38,8.22,8.30,211900,8.2
2003-06-03,8.50,8.53,8.40,8.40,181900,8.3
2003-06-02,8.62,8.62,8.42,8.53,192200,8.4
2003-05-30,8.48,8.58,8.41,8.57,179600,8.5
2003-05-29,8.45,8.47,8.30,8.46,210600,8.4
2003-05-28,8.66,8.68,8.45,8.45,252500,8.4
2003-05-27,8.53,8.69,8.50,8.68,171600,8.6
2003-05-26,8.57,8.60,8.46,8.51,211600,8.4
2003-05-23,8.42,8.60,8.42,8.55,515600,8.5
2003-05-22,8.70,8.70,8.41,8.62,697200,8.5
2003-05-21,8.20,8.75,8.15,8.74,1091400,8.6
2003-05-20,8.36,8.40,8.11,8.20,246800,8.1
2003-05-19,8.35,8.35,8.35,8.35,000,8.3
2003-05-16,8.45,8.45,8.30,8.35,255100,8.3
2003-05-15,8.27,8.48,8.17,8.43,468100,8.3
2003-05-14,8.18,8.29,8.08,8.26,220600,8.2
2003-05-13,8.22,8.40,8.15,8.19,627600,8.1
2003-05-12,8.05,8.16,8.01,8.11,367700,8.0
2003-05-09,8.02,8.02,8.02,8.02,000,7.9
2003-05-08,8.02,8.02,8.02,8.02,000,7.9
2003-05-07,8.02,8.02,8.02,8.02,000,7.9
2003-05-06,8.02,8.02,8.02,8.02,000,7.9
2003-05-05,8.02,8.02,8.02,8.02,000,7.9
2003-05-02,8.02,8.02,8.02,8.02,000,7.9
2003-05-01,8.02,8.02,8.02,8.02,000,7.9
2003-04-30,8.07,8.19,7.91,8.02,286200,7.9
2003-04-29,8.28,8.28,8.03,8.05,230600,8.0
2003-04-28,8.05,8.30,8.01,8.29,252000,8.2
2003-04-25,8.35,8.40,8.18,8.19,252900,8.1
2003-04-24,8.62,8.62,8.32,8.35,426900,8.3
2003-04-23,8.80,8.80,8.62,8.62,186900,8.5
2003-04-22,8.88,8.91,8.76,8.80,108000,8.7
2003-04-21,9.00,9.00,8.71,8.85,349400,8.8
2003-04-18,8.95,9.19,8.90,9.04,497100,8.9
2003-04-17,9.18,9.18,8.83,8.95,507200,8.9
2003-04-16,9.18,9.18,9.18,9.18,000,9.1
2003-04-15,9.25,9.27,9.12,9.18,623800,9.1
2003-04-14,9.01,9.21,8.98,9.21,842500,9.1
2003-04-11,8.80,9.04,8.77,9.03,748400,8.9
2003-04-10,8.73,8.84,8.60,8.80,352200,8.7
2003-04-09,8.59,8.71,8.50,8.70,152900,8.6
2003-04-08,8.73,8.73,8.50,8.56,204200,8.5
2003-04-07,8.93,8.93,8.70,8.70,140400,8.6
2003-04-04,8.86,8.95,8.81,8.92,96300,8.8
2003-04-03,9.00,9.05,8.82,8.87,88800,8.8
2003-04-02,9.03,9.09,8.96,9.00,73900,8.9
2003-04-01,8.92,9.08,8.89,9.03,171400,8.9
2003-03-31,8.80,8.99,8.80,8.94,136300,8.8
2003-03-28,8.91,8.98,8.80,8.83,117100,8.7
2003-03-27,8.70,9.00,8.60,8.92,171000,8.8
2003-03-26,8.70,8.75,8.65,8.66,87000,8.6
2003-03-25,8.86,8.86,8.66,8.70,110400,8.6
2003-03-24,8.65,8.88,8.65,8.87,353900,8.8
2003-03-21,8.60,8.69,8.58,8.67,121600,8.6
2003-03-20,8.72,8.72,8.60,8.60,61300,8.5
2003-03-19,8.62,8.72,8.59,8.67,44800,8.6
2003-03-18,8.67,8.77,8.64,8.67,134800,8.6
2003-03-17,8.64,8.71,8.60,8.70,85300,8.6
2003-03-14,8.70,8.78,8.60,8.68,147100,8.6
2003-03-13,8.80,8.80,8.60,8.70,139300,8.6
2003-03-12,8.75,8.80,8.71,8.75,89400,8.7
2003-03-11,8.74,8.87,8.67,8.75,108200,8.7
2003-03-10,8.90,9.00,8.78,8.78,186800,8.7
2003-03-07,8.95,9.14,8.90,8.92,383700,8.8
2003-03-06,9.11,9.11,8.81,8.87,334000,8.8
2003-03-05,9.34,9.34,9.00,9.18,488800,9.1
2003-03-04,9.34,9.34,9.24,9.29,117700,9.2
2003-03-03,9.35,9.35,9.16,9.33,208300,9.2
2003-02-28,9.30,9.37,9.18,9.36,191700,9.3
2003-02-27,9.32,9.37,9.20,9.23,151800,9.1
2003-02-26,9.35,9.35,9.21,9.27,130700,9.2
2003-02-25,9.15,9.30,9.09,9.29,275400,9.2
2003-02-24,9.18,9.18,9.06,9.11,140200,9.0
2003-02-21,9.39,9.39,9.00,9.18,300000,9.1
2003-02-20,9.29,9.43,9.28,9.41,275100,9.3
2003-02-19,9.37,9.37,9.17,9.29,312400,9.2
2003-02-18,9.63,9.63,9.26,9.37,1128500,9.3
2003-02-17,9.32,9.49,9.15,9.48,831000,9.4
2003-02-14,9.05,9.30,9.00,9.22,362100,9.1
2003-02-13,9.08,9.11,8.92,8.95,266700,8.9
2003-02-12,8.85,9.06,8.81,9.06,281300,9.0
2003-02-11,8.76,8.88,8.68,8.88,117200,8.8
2003-02-10,8.80,8.80,8.68,8.70,99700,8.6
2003-02-07,8.81,8.81,8.81,8.81,000,8.7
2003-02-06,8.81,8.81,8.81,8.81,000,8.7
2003-02-05,8.81,8.81,8.81,8.81,000,8.7
2003-02-04,8.81,8.81,8.81,8.81,000,8.7
2003-02-03,8.81,8.81,8.81,8.81,000,8.7
2003-01-31,8.81,8.81,8.81,8.81,000,8.7
2003-01-30,8.81,8.81,8.81,8.81,000,8.7
2003-01-29,8.80,8.86,8.72,8.81,198000,8.7
2003-01-28,8.80,8.80,8.67,8.75,156300,8.7
2003-01-27,8.73,8.80,8.62,8.78,154900,8.7
2003-01-24,8.41,8.63,8.41,8.62,142000,8.5
2003-01-23,8.42,8.60,8.42,8.45,124100,8.4
2003-01-22,8.38,8.60,8.38,8.53,161200,8.4
2003-01-21,8.85,8.85,8.38,8.42,255100,8.3
2003-01-20,8.65,8.74,8.55,8.70,182700,8.6
2003-01-17,8.87,8.90,8.64,8.70,343800,8.6
2003-01-16,8.78,8.88,8.63,8.87,320800,8.8
2003-01-15,8.66,8.85,8.61,8.73,599100,8.6
2003-01-14,8.28,9.00,8.23,8.66,492000,8.6
2003-01-13,8.30,8.30,8.16,8.25,97000,8.2
2003-01-10,8.25,8.38,8.25,8.25,232900,8.2
2003-01-09,8.17,8.46,8.17,8.35,336500,8.3
2003-01-08,7.95,8.19,7.91,8.18,126700,8.1
2003-01-07,7.87,8.10,7.86,7.91,118300,7.8
2003-01-06,7.75,8.02,7.75,7.98,86300,7.9
2003-01-03,7.80,7.83,7.67,7.82,76900,7.7
2003-01-02,7.85,7.95,7.65,7.75,138600,7.7
2003-01-01,7.87,7.87,7.87,7.87,000,7.8
