Date,Open,High,Low,Close,Volume,Adj Clos
2011-12-30,85.70,86.80,85.36,86.75,405300,86.7
2011-12-29,86.50,86.62,85.00,85.78,368300,85.7
2011-12-28,84.99,87.20,84.99,86.50,424000,86.5
2011-12-27,86.50,86.50,84.50,84.50,206600,84.5
2011-12-26,85.56,86.50,85.09,85.95,182200,85.9
2011-12-23,84.02,86.75,83.81,86.35,298200,86.3
2011-12-22,83.00,85.00,82.57,85.00,424300,85.0
2011-12-21,85.80,85.81,84.22,84.22,355100,84.2
2011-12-20,85.00,86.00,84.19,84.72,431800,84.7
2011-12-19,87.90,87.90,83.74,85.37,762400,85.3
2011-12-15,83.02,84.90,82.49,83.10,382500,83.1
2011-12-13,88.98,89.05,85.20,85.41,366500,85.4
2011-12-12,90.09,92.19,88.00,90.00,293400,90.0
2011-12-09,90.00,91.30,90.00,90.30,140500,90.3
2011-12-08,90.80,91.49,89.01,90.65,159800,90.6
2011-12-07,89.28,90.74,89.28,90.30,230800,90.3
2011-12-06,89.88,90.29,87.86,90.15,289600,90.1
2011-12-05,94.50,94.50,89.20,89.66,316300,89.6
2011-12-02,93.90,93.90,92.55,92.97,181000,92.9
2011-12-01,94.11,95.71,93.20,94.24,507900,94.2
2011-11-30,94.80,95.02,90.38,91.51,347800,91.5
2011-11-29,95.00,95.78,93.93,94.80,349300,94.8
2011-11-28,92.87,94.69,92.85,94.39,440600,94.3
2011-11-25,90.51,93.90,90.51,92.72,431900,92.7
2011-11-24,91.00,91.49,89.00,90.68,357900,90.6
2011-11-23,91.01,92.93,91.01,91.71,318400,91.7
2011-11-22,94.00,94.00,90.82,91.91,325300,91.9
2011-11-21,94.15,94.82,93.40,94.19,175400,94.1
2011-11-18,94.93,94.93,93.03,94.15,392200,94.1
2011-11-17,95.00,96.11,94.78,95.12,368800,95.1
2011-11-16,97.90,97.90,94.66,95.09,583400,95.0
2011-11-15,98.65,99.48,97.80,98.04,266100,98.0
2011-11-14,97.16,98.88,96.70,98.66,398400,98.6
2011-11-11,96.50,97.61,95.70,96.40,263100,96.4
2011-11-10,97.60,97.60,95.80,96.13,406900,96.1
2011-11-09,99.50,99.50,96.20,98.01,509400,98.0
2011-11-08,100.20,100.20,98.51,98.80,267800,98.8
2011-11-07,99.61,100.12,98.50,99.65,299500,99.6
2011-11-04,97.92,99.66,97.20,99.52,600500,99.5
2011-11-03,100.88,102.59,97.68,97.80,923400,97.8
2011-11-02,97.50,100.00,97.00,99.87,607300,99.8
2011-11-01,96.50,99.70,95.52,99.68,876200,99.6
2011-10-31,99.37,99.37,95.94,96.63,712400,96.6
2011-10-28,102.30,103.88,98.40,99.00,957000,99.0
2011-10-27,99.78,100.80,98.70,99.70,554300,99.7
2011-10-26,97.71,100.95,97.71,98.46,613100,98.4
2011-10-25,97.38,98.80,96.69,97.67,666900,97.6
2011-10-24,94.41,97.76,94.41,97.43,349300,97.4
2011-10-21,94.20,95.80,92.70,95.20,231700,95.2
2011-10-20,94.59,94.80,93.02,93.71,271900,93.7
2011-10-19,96.00,96.87,93.13,94.89,251900,94.8
2011-10-18,97.31,97.98,95.70,96.00,341900,96.0
2011-10-17,96.08,98.97,95.30,97.16,535600,97.1
2011-10-14,95.62,96.30,95.03,95.70,352200,95.7
2011-10-13,93.12,97.20,92.15,96.31,627800,96.3
2011-10-12,87.64,93.40,86.10,93.11,467300,93.1
2011-10-11,92.00,92.10,88.01,88.87,231100,88.8
2011-10-10,89.55,90.94,89.55,89.95,149400,89.9
2011-09-30,89.19,90.49,88.61,89.50,266700,89.5
2011-09-29,91.99,91.99,89.00,89.19,378100,89.1
2011-09-28,93.27,94.50,92.22,92.60,277700,92.6
2011-09-27,93.75,94.57,93.00,93.00,255300,93.0
2011-09-26,93.20,94.99,92.80,92.83,243900,92.8
2011-09-23,93.00,95.49,92.98,94.90,312200,94.9
2011-09-22,97.96,98.95,95.03,95.95,250400,95.9
2011-09-21,95.90,99.40,95.30,98.74,321900,98.7
2011-09-20,97.46,97.97,94.80,95.98,361200,95.9
2011-09-19,101.00,101.00,97.66,98.45,472300,98.4
2011-09-16,98.15,104.04,98.15,101.48,836100,101.4
2011-09-15,95.10,98.88,95.10,97.19,575000,97.1
2011-09-14,95.24,96.00,92.10,95.50,432700,95.5
2011-09-13,94.18,95.60,91.70,95.05,375000,95.0
2011-09-09,96.18,97.30,95.68,96.31,417200,96.3
2011-09-08,96.84,97.49,95.50,96.40,792500,96.4
2011-09-07,95.90,97.00,93.60,96.49,1344900,96.4
2011-09-06,101.09,101.09,94.77,95.51,1409300,95.5
2011-09-05,106.70,106.70,102.00,102.00,644900,102.0
2011-09-02,110.00,110.00,107.00,107.40,261400,107.4
2011-09-01,108.52,110.00,108.00,109.30,289600,109.3
2011-08-31,110.00,110.90,107.70,108.52,498900,108.5
2011-08-30,109.01,112.90,109.01,109.50,537900,109.5
2011-08-29,109.55,110.28,108.05,108.85,256100,108.8
2011-08-26,110.39,111.28,108.75,110.30,469800,110.3
2011-08-25,112.03,112.50,108.50,110.45,777600,110.4
2011-08-24,111.00,112.45,109.40,111.95,528200,111.9
2011-08-23,109.01,110.34,108.30,109.97,564600,109.9
2011-08-22,109.05,111.90,108.00,108.32,601300,108.3
2011-08-19,111.47,112.90,107.12,109.99,1046500,109.9
2011-08-18,115.90,116.63,112.00,112.90,752200,112.9
2011-08-17,117.00,119.50,115.00,115.92,774200,115.9
2011-08-15,121.71,123.20,118.42,118.51,623700,118.5
2011-08-12,121.30,125.00,119.50,121.90,961000,121.9
2011-08-11,120.08,124.48,120.08,120.95,1018800,120.9
2011-08-10,122.49,126.50,120.09,123.00,1391400,123.0
2011-08-09,114.40,121.00,111.63,121.00,1698400,121.0
2011-08-08,119.20,124.50,115.50,117.15,1878500,117.1
2011-08-05,118.00,123.45,116.10,122.22,1116700,122.2
2011-08-04,121.00,122.58,119.60,121.31,872200,121.3
2011-08-03,115.60,121.58,115.60,121.40,1652800,121.4
2011-08-02,115.33,117.00,114.50,116.97,1321300,116.9
2011-08-01,112.00,116.06,111.45,115.90,1497100,115.9
2011-07-29,114.00,116.55,112.08,112.79,1431200,112.7
2011-07-28,107.96,116.08,106.80,115.00,2170100,115.0
2011-07-27,105.00,110.33,103.00,109.09,2265300,109.0
2011-07-25,111.58,115.00,106.50,110.34,1842600,110.3
2011-07-22,105.90,114.00,105.88,111.40,2031900,111.4
2011-07-21,103.20,105.63,102.52,105.40,1413100,105.4
2011-07-20,102.72,103.60,101.11,103.18,681100,103.1
2011-07-19,101.81,104.68,101.77,102.16,879100,102.1
2011-07-18,105.50,105.53,101.00,102.95,698300,102.9
2011-07-15,104.00,105.00,101.51,104.00,1002700,104.0
2011-07-14,105.10,105.70,103.40,104.40,860300,104.4
2011-07-13,102.20,104.60,100.60,104.57,1048200,104.5
2011-07-12,103.47,106.22,102.10,102.49,1270300,102.4
2011-07-11,100.95,104.00,100.18,103.53,1000300,103.5
2011-07-08,102.28,102.98,100.05,101.50,1031700,101.5
2011-07-07,97.03,103.50,97.03,102.03,2182200,102.0
2011-07-05,93.02,97.76,93.02,97.18,1585400,97.1
2011-07-04,91.89,94.49,91.89,93.61,922600,93.6
2011-07-01,90.05,92.16,89.80,91.50,715700,91.5
2011-06-30,89.50,91.19,88.00,90.00,983900,90.0
2011-06-29,89.00,90.80,89.00,89.90,596100,89.9
2011-06-28,93.30,93.50,89.49,89.85,1051800,89.8
2011-06-24,84.59,88.08,84.12,86.58,643100,86.5
2011-06-23,83.59,85.00,83.01,84.67,287900,84.6
2011-06-21,83.43,84.58,81.82,84.04,367100,84.0
2011-06-20,81.80,82.96,80.00,82.47,236600,82.4
2011-06-17,82.00,83.43,81.50,81.88,310400,81.8
2011-06-16,85.44,85.44,82.26,82.60,667000,82.6
2011-06-15,88.68,88.68,85.90,85.90,691900,85.9
2011-06-14,87.01,88.88,87.00,88.12,307500,88.1
2011-06-13,87.18,88.66,85.65,87.69,271000,87.6
2011-06-10,88.10,89.09,85.30,87.19,918000,87.1
2011-06-09,90.31,90.31,88.52,89.10,488200,89.1
2011-06-08,88.10,90.37,87.52,90.21,895600,90.2
2011-06-07,88.31,89.28,87.50,88.10,445900,88.1
2011-06-03,84.59,88.72,84.02,88.30,884100,88.3
2011-06-02,85.20,85.80,83.66,84.70,353800,84.7
2011-06-01,85.85,86.65,84.90,86.51,459200,86.5
2011-05-31,85.79,86.81,83.80,85.86,501000,85.8
2011-05-30,83.85,86.31,83.52,85.88,635100,85.8
2011-05-27,81.02,83.52,81.01,83.52,700000,83.5
2011-05-26,86.29,86.99,80.50,81.00,857400,81.0
2011-05-25,87.50,88.62,86.01,86.32,838700,86.3
2011-05-24,86.28,88.00,85.80,87.25,713600,87.2
2011-05-23,86.85,89.46,86.00,86.28,1063900,86.2
2011-05-20,85.20,87.70,83.91,86.95,1175700,86.9
2011-05-19,81.20,88.58,81.20,85.46,1570900,85.4
2011-05-18,80.40,81.68,80.05,80.60,633000,80.6
2011-05-17,79.95,81.87,79.18,80.88,882700,80.8
2011-05-16,79.50,80.58,78.20,78.69,551800,78.6
2011-05-13,78.90,80.47,76.48,79.60,1165900,79.6
2011-05-12,82.00,82.00,79.00,79.00,1212800,79.0
2011-05-11,84.00,84.35,83.10,83.10,450200,83.1
2011-05-10,83.78,84.44,83.33,84.00,422100,84.0
2011-05-09,83.89,84.80,83.09,83.78,366500,83.7
2011-05-06,83.30,84.00,82.50,83.60,473700,83.6
2011-05-05,85.60,85.60,83.05,83.98,739100,83.9
2011-05-04,89.95,90.18,85.51,86.02,447600,86.0
2011-05-03,88.80,90.55,88.80,89.91,318800,89.9
2011-04-29,87.81,89.95,87.79,88.80,297900,88.8
2011-04-28,90.80,91.00,88.00,88.01,690400,88.0
2011-04-26,94.00,94.03,88.13,91.00,1247600,91.0
2011-04-25,97.03,97.95,93.80,94.03,1145200,94.0
2011-04-22,97.71,98.49,96.78,97.64,479800,97.6
2011-04-21,98.50,98.77,97.11,97.80,853300,97.8
2011-04-20,100.88,100.88,98.01,98.96,1356200,98.9
2011-04-19,98.00,103.35,97.50,101.86,1738200,101.8
2011-04-18,98.28,98.35,97.09,97.63,447700,97.6
2011-04-15,98.00,98.49,97.50,98.35,481000,98.3
2011-04-14,97.38,98.97,96.68,98.00,603700,98.0
2011-04-13,97.03,97.64,96.20,97.41,683100,97.4
2011-04-12,98.28,98.28,97.01,97.24,543100,97.2
2011-04-11,98.91,99.55,97.83,97.99,750700,97.9
2011-04-08,99.48,99.60,97.87,98.90,483800,98.9
2011-04-07,98.62,99.90,97.00,98.90,645300,98.9
2011-04-06,99.96,99.98,98.41,98.62,622600,98.6
2011-04-01,101.50,101.50,98.85,100.68,596600,100.6
2011-03-31,98.85,102.73,97.88,101.98,961200,101.9
2011-03-30,98.61,99.67,98.26,98.80,524900,98.8
2011-03-29,100.95,100.95,97.95,98.62,1677800,98.6
2011-03-28,103.69,103.69,101.10,101.38,1715200,101.3
2011-03-25,105.02,105.20,103.98,104.90,948200,104.9
2011-03-24,105.47,105.73,104.50,104.80,646700,104.8
2011-03-23,105.27,105.96,104.60,105.46,398700,105.4
2011-03-22,105.66,106.19,104.60,105.16,497300,105.1
2011-03-21,106.49,107.00,105.22,105.70,472400,105.7
2011-03-18,105.11,106.49,105.11,106.15,417500,106.1
2011-03-17,107.00,107.01,104.68,104.85,783200,104.8
2011-03-16,106.03,107.99,105.11,107.48,1229500,107.4
2011-03-15,105.73,106.40,103.51,104.08,988400,104.0
2011-03-14,107.08,107.20,105.20,105.69,1221500,105.6
2011-03-11,107.50,108.80,106.80,107.67,787200,107.6
2011-03-10,107.14,109.23,106.43,107.68,1097900,107.6
2011-03-09,108.00,108.70,106.42,107.13,1130500,107.1
2011-03-08,108.55,111.60,106.30,107.85,1669100,107.8
2011-03-07,107.25,108.03,106.00,107.99,1287400,107.9
2011-03-04,107.20,107.98,105.03,107.21,1130000,107.2
2011-03-03,111.03,111.39,107.20,107.30,1447500,107.3
2011-03-02,112.90,113.00,110.85,111.40,813900,111.4
2011-03-01,112.20,113.94,112.01,113.02,753800,113.0
2011-02-28,113.56,113.56,110.32,113.27,1250400,113.2
2011-02-25,115.18,115.88,112.56,113.80,1001500,113.8
2011-02-24,116.40,119.60,114.45,115.15,1710600,115.1
2011-02-23,112.47,116.50,111.00,116.30,2301300,116.3
2011-02-22,113.00,114.99,110.60,113.55,1948500,113.5
2011-02-21,109.00,111.69,108.21,110.60,773600,110.6
2011-02-18,111.98,111.98,110.00,110.08,862500,110.0
2011-02-17,115.00,115.05,111.50,112.21,1393700,112.2
2011-02-16,113.88,116.00,113.06,115.30,1077600,115.3
2011-02-15,113.54,115.95,113.11,114.12,969600,114.1
2011-02-14,112.80,114.25,112.10,113.63,949600,113.6
2011-02-11,112.40,114.29,111.11,112.80,783200,112.8
2011-02-10,111.03,114.00,110.00,113.20,1040800,113.2
2011-02-09,105.80,114.14,104.00,111.89,1376800,111.8
2011-02-01,104.50,105.99,104.00,105.78,848100,105.7
2011-01-31,103.12,104.66,103.00,103.90,784200,103.9
2011-01-28,104.40,104.88,102.01,103.99,697400,103.9
2011-01-27,102.65,105.14,101.01,103.99,1117900,103.9
2011-01-25,101.00,106.00,97.06,102.00,1222700,102.0
2011-01-24,109.51,110.00,101.01,102.37,1779300,102.3
2011-01-21,109.00,111.76,108.31,109.90,850900,109.9
2011-01-20,114.81,115.69,110.09,110.09,1058400,110.0
2011-01-19,114.80,116.66,113.01,115.36,741600,115.3
2011-01-18,111.88,114.51,110.45,113.80,956800,113.8
2011-01-17,120.00,121.67,111.66,112.03,1921800,112.0
2011-01-14,122.51,124.85,122.00,122.30,1168700,122.3
2011-01-13,124.30,124.30,122.00,122.20,1096600,122.2
2011-01-12,123.78,126.78,121.50,124.41,1048300,124.4
2011-01-11,128.90,129.90,122.00,123.59,1335500,123.5
2011-01-10,132.00,134.00,127.13,127.89,1264200,127.8
2011-01-07,128.50,133.40,125.50,132.95,1576200,132.9
2011-01-06,132.69,133.97,128.50,129.10,1769600,129.1
2011-01-05,134.89,136.88,132.00,132.70,1468900,132.7
2011-01-04,136.50,137.49,133.11,134.89,1771000,134.8
