Date,Open,High,Low,Close,Volume,Adj Clos
2007-12-31,8.29,8.29,8.29,8.29,000,8.2
2007-12-28,8.45,8.59,8.26,8.29,11016900,8.2
2007-12-27,8.53,8.63,8.40,8.40,12725500,8.3
2007-12-26,8.51,8.60,8.42,8.55,15943400,8.4
2007-12-25,8.15,8.38,8.09,8.38,11194000,8.2
2007-12-24,8.21,8.42,8.12,8.13,13687600,8.0
2007-12-21,7.80,8.30,7.80,8.20,17830000,8.1
2007-12-20,7.66,7.99,7.66,7.86,6756000,7.7
2007-12-19,7.57,7.85,7.57,7.70,6591000,7.6
2007-12-18,7.77,7.87,7.46,7.55,9124400,7.4
2007-12-17,7.75,7.98,7.75,7.81,10168300,7.7
2007-12-14,7.95,8.19,7.72,7.95,26755600,7.8
2007-12-13,7.65,7.95,7.59,7.82,15707300,7.7
2007-12-12,7.59,7.77,7.55,7.68,8428500,7.5
2007-12-11,7.59,7.68,7.40,7.66,9574200,7.5
2007-12-10,7.30,7.66,7.25,7.56,10482400,7.4
2007-12-07,7.33,7.50,7.28,7.42,6592200,7.3
2007-12-06,7.38,7.50,7.20,7.37,5361700,7.2
2007-12-05,7.20,7.40,7.17,7.33,5987500,7.2
2007-12-04,7.22,7.33,7.13,7.24,3844300,7.1
2007-12-03,6.93,7.26,6.92,7.26,3606800,7.1
2007-11-30,7.26,7.26,7.03,7.06,3577900,6.9
2007-11-29,7.13,7.35,7.00,7.25,5391900,7.1
2007-11-28,7.00,7.19,6.99,7.08,3155600,7.0
2007-11-27,7.03,7.10,6.95,6.99,3229900,6.9
2007-11-26,7.20,7.25,6.97,7.05,3729900,6.9
2007-11-23,6.90,7.08,6.90,7.08,3379000,7.0
2007-11-22,7.25,7.27,6.90,6.92,7029100,6.8
2007-11-21,7.42,7.58,7.20,7.29,4951000,7.2
2007-11-20,7.36,7.56,7.29,7.42,6408600,7.3
2007-11-19,7.20,7.62,7.11,7.35,8336400,7.2
2007-11-16,6.95,7.23,6.91,7.14,4876100,7.0
2007-11-15,7.30,7.33,7.00,7.03,7573600,6.9
2007-11-14,7.17,7.35,7.16,7.31,4920400,7.2
2007-11-13,7.02,7.22,7.00,7.13,4801400,7.0
2007-11-12,6.95,7.14,6.80,7.00,4800300,6.9
2007-11-09,7.00,7.18,6.85,7.08,5846400,7.0
2007-11-08,7.49,7.49,7.05,7.09,8161800,7.0
2007-11-07,7.87,7.95,7.38,7.49,9817300,7.4
2007-11-06,7.81,7.97,7.68,7.81,8252900,7.7
2007-11-05,7.86,8.16,7.60,7.81,21639300,7.7
2007-11-02,7.25,7.92,7.25,7.92,37931300,7.8
2007-11-01,7.35,7.36,7.00,7.20,10204200,7.1
2007-10-31,7.30,7.48,7.12,7.34,10529600,7.2
2007-10-30,7.04,7.29,6.80,7.19,8530400,7.1
2007-10-29,7.02,7.10,6.70,7.04,7585300,6.9
2007-10-26,6.87,7.10,6.75,7.00,9746700,6.9
2007-10-25,7.20,7.20,6.65,6.87,13387700,6.7
2007-10-24,7.55,7.64,7.30,7.30,7758700,7.2
2007-10-23,7.50,7.59,7.18,7.52,8615800,7.4
2007-10-22,7.80,7.80,7.38,7.39,12000600,7.3
2007-10-19,8.00,8.13,7.80,7.90,8569000,7.8
2007-10-18,8.20,8.20,7.90,7.97,9441300,7.8
2007-10-17,8.36,8.37,8.00,8.20,11685700,8.1
2007-10-16,8.17,8.44,7.98,8.35,12850500,8.2
2007-10-15,8.30,8.35,7.96,8.14,13829900,8.0
2007-10-12,8.80,8.88,7.85,8.28,21288900,8.1
2007-10-11,8.99,9.20,8.69,8.71,12891200,8.6
2007-10-10,9.14,9.34,9.00,9.04,19624600,8.9
2007-10-09,8.70,9.19,8.63,9.05,13230400,8.9
2007-10-08,9.01,9.10,8.73,8.76,11786000,8.6
2007-10-05,8.88,8.88,8.88,8.88,000,8.7
2007-10-04,8.88,8.88,8.88,8.88,000,8.7
2007-10-03,8.88,8.88,8.88,8.88,000,8.7
2007-10-02,8.88,8.88,8.88,8.88,000,8.7
2007-10-01,8.88,8.88,8.88,8.88,000,8.7
2007-09-28,9.05,9.09,8.86,8.88,12650900,8.7
2007-09-27,8.74,8.95,8.55,8.85,9509600,8.7
2007-09-26,8.78,8.94,8.60,8.66,8479200,8.5
2007-09-25,9.10,9.14,8.74,8.84,10137800,8.7
2007-09-24,8.61,9.18,8.61,9.10,18725900,9.0
2007-09-21,9.00,9.00,8.45,8.69,15083700,8.5
2007-09-20,8.90,9.10,8.71,8.77,13736300,8.6
2007-09-19,9.29,9.36,8.80,8.88,18293800,8.7
2007-09-18,9.20,9.46,9.10,9.29,18450500,9.1
2007-09-17,9.00,9.43,8.88,9.17,21114000,9.0
2007-09-14,9.07,9.34,8.80,9.07,18525500,8.9
2007-09-13,8.60,9.09,8.58,9.07,21082600,8.9
2007-09-12,8.57,8.88,8.20,8.53,22604500,8.4
2007-09-11,9.44,9.59,8.60,8.60,27456400,8.5
2007-09-10,9.15,9.79,9.01,9.55,26181100,9.4
2007-09-07,9.90,9.90,9.27,9.35,43413000,9.2
2007-09-06,10.32,10.32,9.90,9.96,29226100,9.8
2007-09-05,10.15,10.44,9.78,10.28,41835600,10.1
2007-09-04,10.30,10.60,10.08,10.27,37530800,10.1
2007-09-03,10.25,10.55,10.05,10.12,38340100,10.0
2007-08-31,10.50,10.68,10.15,10.18,53975300,10.0
2007-08-30,9.62,10.41,9.62,10.41,80804400,10.2
2007-08-29,9.30,9.87,9.10,9.46,48845500,9.3
2007-08-28,9.14,9.70,8.82,9.29,42599000,9.1
2007-08-27,9.28,9.98,8.70,9.48,104774500,9.3
2007-08-24,8.26,9.09,8.25,9.09,57706300,8.9
2007-08-23,8.12,8.40,8.12,8.26,21746300,8.1
2007-08-22,8.10,8.28,8.00,8.12,21695700,8.0
2007-08-21,8.55,8.55,8.18,8.25,24036400,8.1
2007-08-20,8.15,8.50,8.15,8.44,48972300,8.3
2007-08-17,7.76,8.09,7.57,7.99,32494000,7.9
2007-08-16,7.72,7.89,7.45,7.79,20333300,7.7
2007-08-15,7.89,7.96,7.41,7.70,16466900,7.6
2007-08-14,7.46,7.95,7.32,7.88,20100100,7.7
2007-08-13,7.38,7.38,7.38,7.38,000,7.3
2007-08-10,7.83,7.83,7.20,7.38,24474400,7.3
2007-08-09,7.80,8.09,7.65,7.83,18729300,7.7
2007-08-08,8.09,8.09,7.64,7.87,23046300,7.7
2007-08-07,8.22,8.56,8.08,8.20,25780000,8.1
2007-08-06,8.50,8.58,8.11,8.23,31146800,8.1
2007-08-03,8.90,8.94,8.40,8.47,48010800,8.3
2007-08-02,8.10,8.75,8.02,8.70,48480300,8.6
2007-08-01,7.82,8.34,7.42,7.99,37632500,7.9
2007-07-31,8.02,8.08,7.52,7.81,23217500,7.7
2007-07-30,7.94,8.20,7.85,8.01,23294100,7.9
2007-07-27,7.75,7.95,7.56,7.95,21692800,7.8
2007-07-26,7.70,7.92,7.57,7.79,16782400,7.7
2007-07-25,7.54,7.75,7.50,7.68,15355900,7.5
2007-07-24,7.80,7.97,7.56,7.56,30841800,7.4
2007-07-23,7.01,7.70,7.01,7.62,29588100,7.5
2007-07-20,6.91,7.20,6.85,7.04,17826400,6.9
2007-07-19,6.98,7.08,6.77,6.88,15537900,6.8
2007-07-18,6.59,7.20,6.50,7.03,21707800,6.9
2007-07-17,6.56,6.72,6.45,6.64,9627200,6.5
2007-07-16,6.55,6.90,6.41,6.58,9834200,6.5
2007-07-13,6.68,6.69,6.41,6.57,6897900,6.5
2007-07-12,6.69,6.76,6.56,6.67,7853500,6.5
2007-07-11,6.60,6.81,6.50,6.77,7541100,6.6
2007-07-10,7.10,7.10,6.60,6.69,15190300,6.6
2007-07-09,6.94,7.23,6.75,7.15,23481300,7.0
2007-07-06,6.09,6.75,6.00,6.75,21126300,6.6
2007-07-05,6.60,6.77,6.14,6.14,13724800,6.0
2007-07-04,7.22,7.22,6.77,6.82,13101900,6.7
2007-07-03,7.31,7.39,7.00,7.22,12504500,7.1
2007-07-02,6.82,7.22,6.82,7.21,21295200,7.0
2007-06-29,6.70,7.20,6.56,6.71,29006100,6.5
2007-06-28,8.00,8.15,7.29,7.29,25558600,7.1
2007-06-27,8.06,8.38,7.60,8.10,26335300,7.9
2007-06-26,7.56,8.10,7.39,8.05,34781700,7.9
2007-06-25,9.00,9.27,8.21,8.21,25995000,8.0
2007-06-22,10.15,10.22,9.12,9.12,44274300,8.9
2007-06-21,9.94,10.70,9.70,10.13,67895100,9.9
2007-06-20,9.52,10.43,9.06,10.10,71118000,9.9
2007-06-19,9.68,9.68,9.19,9.48,35949200,9.3
2007-06-18,9.81,10.15,9.56,9.82,44118600,9.6
2007-06-15,10.07,10.27,9.35,9.47,70623300,9.3
2007-06-14,8.97,9.87,8.97,9.87,64190900,9.7
2007-06-13,8.97,8.97,8.97,8.97,000,8.8
2007-06-12,8.50,8.97,8.08,8.97,84152700,8.8
2007-06-11,7.62,8.22,7.47,8.15,45751000,8.0
2007-06-08,7.54,7.83,7.30,7.47,33590700,7.3
2007-06-07,7.05,7.55,6.92,7.55,40021700,7.4
2007-06-06,7.10,7.27,6.50,7.06,47031200,6.9
2007-06-05,6.49,7.00,6.49,6.98,54961700,6.8
2007-06-04,7.82,8.10,7.21,7.21,22953800,7.0
2007-06-01,9.00,9.17,8.01,8.01,28145600,7.8
2007-05-31,9.01,9.45,8.61,8.90,43879700,8.7
2007-05-30,9.70,10.40,9.57,9.57,47499300,9.4
2007-05-29,10.65,10.85,10.31,10.63,39739200,10.4
2007-05-28,10.65,11.28,10.57,10.62,48512000,10.4
2007-05-25,10.40,10.65,10.16,10.51,45314000,10.3
2007-05-24,10.00,10.58,9.79,10.39,68820200,10.2
2007-05-23,9.26,9.90,9.25,9.82,53402400,9.6
2007-05-22,9.19,9.47,9.18,9.24,39341200,9.0
2007-05-21,8.51,9.29,8.48,9.14,35882000,8.9
2007-05-18,8.88,8.88,8.88,8.88,000,8.7
2007-05-17,8.61,8.95,8.61,8.88,29992200,8.7
2007-05-16,8.50,8.75,8.13,8.70,26107700,8.5
2007-05-15,9.20,9.29,8.49,8.53,39792600,8.3
2007-05-14,9.04,9.37,8.88,9.18,29646800,9.0
2007-05-11,9.45,9.50,9.06,9.20,32167300,9.0
2007-05-10,9.53,9.74,9.20,9.52,32811600,9.3
2007-05-09,9.56,9.65,8.80,9.53,40190000,9.3
2007-05-08,9.15,9.72,9.06,9.56,41000800,9.4
2007-05-07,8.88,8.88,8.88,8.88,000,8.7
2007-05-04,8.88,8.88,8.88,8.88,000,8.7
2007-05-03,8.88,8.88,8.88,8.88,000,8.7
2007-05-02,8.88,8.88,8.88,8.88,000,8.7
2007-05-01,8.88,8.88,8.88,8.88,000,8.7
2007-04-30,8.69,8.90,8.63,8.88,32502600,8.7
2007-04-27,8.93,9.00,8.60,8.70,26606700,8.5
2007-04-26,9.08,9.19,8.80,8.90,27392300,8.7
2007-04-25,8.69,9.17,8.37,8.97,48692400,8.8
2007-04-24,8.72,9.08,8.48,8.80,57199300,8.6
2007-04-23,8.08,8.75,8.08,8.59,45528300,8.4
2007-04-20,7.66,8.15,7.66,8.05,41588400,7.9
2007-04-19,8.25,8.25,7.43,7.57,56586900,7.4
2007-04-18,7.72,8.34,7.72,8.25,63617800,8.1
2007-04-17,7.51,7.78,7.36,7.72,50687900,7.5
2007-04-16,7.26,7.46,7.26,7.41,29322300,7.2
2007-04-13,7.50,7.50,7.20,7.24,44029900,7.1
2007-04-12,7.58,7.75,7.46,7.59,36850400,7.4
2007-04-11,7.62,7.80,7.41,7.58,45022900,7.4
2007-04-10,7.19,7.90,7.11,7.69,64240500,7.5
2007-04-09,7.15,7.28,7.06,7.19,36810100,7.0
2007-04-06,7.01,7.20,6.95,7.10,36647200,6.9
2007-04-05,7.01,7.20,6.90,7.09,28750000,6.9
2007-04-04,7.07,7.35,6.95,7.09,71850900,6.9
2007-04-03,6.62,7.11,6.54,7.06,55207100,6.9
2007-04-02,6.36,6.68,6.21,6.65,31075600,6.5
2007-03-30,6.30,6.50,6.15,6.35,36208100,6.2
2007-03-29,6.82,6.95,6.29,6.30,49669200,6.1
2007-03-28,7.22,7.25,6.66,6.99,40861500,6.8
2007-03-27,6.85,7.22,6.76,7.22,38992100,7.1
2007-03-26,6.78,6.94,6.60,6.86,29998000,6.7
2007-03-23,6.64,6.89,6.42,6.77,28176600,6.6
2007-03-22,6.82,6.90,6.62,6.68,25222600,6.5
2007-03-21,6.57,6.85,6.57,6.78,34331800,6.6
2007-03-20,6.07,6.65,6.00,6.51,32468500,6.4
2007-03-19,5.95,6.26,5.86,6.07,31839400,5.9
2007-03-16,6.38,6.50,6.01,6.16,33231900,6.0
2007-03-15,6.36,6.76,6.30,6.41,37332800,6.3
2007-03-14,6.00,6.57,5.64,6.43,43796300,6.3
2007-03-13,5.65,6.18,5.60,6.05,36466200,5.9
2007-03-12,5.50,5.78,5.36,5.68,40779900,5.5
2007-03-09,5.73,5.73,5.40,5.50,33924100,5.4
2007-03-08,5.54,5.85,5.47,5.73,36343900,5.6
2007-03-07,5.46,5.78,5.40,5.67,42285800,5.5
2007-03-06,5.29,5.80,5.15,5.51,60133100,5.4
2007-03-05,4.84,5.32,4.68,5.32,63377500,5.2
2007-03-02,4.93,5.15,4.76,4.84,71988300,4.7
2007-03-01,4.51,4.95,4.31,4.89,79629500,4.8
2007-02-28,4.03,4.50,4.03,4.50,40928300,4.4
2007-02-27,4.72,4.72,4.09,4.09,47368800,4.0
2007-02-26,4.19,4.54,4.12,4.54,29853400,4.4
2007-02-23,4.13,4.13,4.13,4.13,000,4.0
2007-02-22,4.13,4.13,4.13,4.13,000,4.0
2007-02-21,4.13,4.13,4.13,4.13,000,4.0
2007-02-20,4.13,4.13,4.13,4.13,000,4.0
2007-02-19,4.13,4.13,4.13,4.13,000,4.0
2007-02-16,4.23,4.30,4.12,4.13,26882000,4.0
2007-02-15,4.10,4.25,4.04,4.19,22464300,4.1
2007-02-14,3.94,4.13,3.90,4.00,23025900,3.9
2007-02-13,3.76,3.98,3.70,3.96,27233900,3.8
2007-02-12,3.63,3.77,3.63,3.75,16834000,3.6
2007-02-09,3.72,3.75,3.55,3.62,13583900,3.5
2007-02-08,3.69,3.76,3.63,3.71,15668800,3.6
2007-02-07,3.70,3.76,3.60,3.68,25358600,3.6
2007-02-06,3.39,3.67,3.39,3.67,33971800,3.6
2007-02-05,3.31,3.41,3.30,3.34,10715700,3.2
2007-02-02,3.33,3.43,3.30,3.31,12054900,3.2
2007-02-01,3.29,3.43,3.15,3.35,23288300,3.2
2007-01-31,3.57,3.62,3.25,3.33,23730700,3.2
2007-01-30,3.73,3.74,3.55,3.58,17911100,3.5
2007-01-29,3.56,3.74,3.56,3.67,24391100,3.6
2007-01-26,3.54,3.59,3.23,3.53,28683700,3.4
2007-01-25,3.78,3.78,3.51,3.54,27066600,3.4
2007-01-24,3.60,3.89,3.50,3.79,40563000,3.7
2007-01-23,3.51,3.77,3.43,3.63,51825700,3.5
2007-01-22,3.18,3.45,3.18,3.45,39712500,3.3
2007-01-19,3.08,3.20,3.08,3.14,28479600,3.0
2007-01-18,2.88,3.11,2.88,3.05,25574100,3.0
2007-01-17,2.97,3.05,2.86,2.90,26017500,2.8
2007-01-16,2.96,2.98,2.89,2.96,22077800,2.9
2007-01-15,2.76,2.95,2.76,2.94,25660900,2.8
2007-01-12,2.96,3.00,2.76,2.78,24048800,2.7
2007-01-11,2.86,3.10,2.86,2.96,38393800,2.9
2007-01-10,2.76,2.87,2.72,2.86,27690800,2.8
2007-01-09,2.74,2.79,2.72,2.75,19030400,2.7
2007-01-08,2.65,2.74,2.64,2.73,16537500,2.6
2007-01-05,2.57,2.65,2.55,2.65,11946500,2.6
2007-01-04,2.56,2.64,2.56,2.57,12616300,2.5
2007-01-03,2.56,2.56,2.56,2.56,000,2.5
2007-01-02,2.56,2.56,2.56,2.56,000,2.5
2007-01-01,2.56,2.56,2.56,2.56,000,2.5
