Date,Open,High,Low,Close,Volume,Adj Clos
2011-12-30,16.60,17.15,16.60,17.00,1008600,17.0
2011-12-29,16.29,16.88,16.29,16.55,851500,16.5
2011-12-28,16.45,16.60,15.93,16.55,1073500,16.5
2011-12-27,17.02,17.24,16.10,16.61,1334600,16.6
2011-12-26,17.80,18.50,17.28,17.35,2918900,17.3
2011-12-23,16.98,17.30,16.59,16.82,1278900,16.8
2011-12-22,16.69,17.45,15.94,16.97,1365600,16.9
2011-12-21,17.74,17.79,16.81,16.82,1068900,16.8
2011-12-20,17.68,18.00,17.45,17.48,1179600,17.4
2011-12-19,17.20,17.88,16.83,17.88,1447100,17.8
2011-12-16,16.49,17.39,16.36,17.28,1247800,17.2
2011-12-15,16.10,16.82,16.10,16.50,1062100,16.5
2011-12-14,16.58,16.95,16.25,16.34,1169900,16.3
2011-12-13,17.39,17.54,16.64,16.66,1435500,16.6
2011-12-12,18.07,18.24,17.50,17.60,703400,17.6
2011-12-09,17.93,18.49,17.88,18.07,1052700,18.0
2011-12-08,17.80,18.50,17.20,18.20,1657200,18.2
2011-12-07,17.55,18.10,17.35,17.87,1069800,17.8
2011-12-06,17.50,17.82,17.00,17.70,1426700,17.7
2011-12-05,18.76,18.76,17.01,17.50,1305700,17.5
2011-12-02,19.69,19.90,18.78,18.79,1870100,18.7
2011-12-01,20.50,20.62,19.92,19.99,1951600,19.9
2011-11-30,21.30,21.30,19.36,19.79,2788300,19.7
2011-11-29,20.64,21.37,20.52,21.30,2684300,21.3
2011-11-28,20.10,20.44,19.92,20.43,1607900,20.4
2011-11-25,20.40,20.48,20.10,20.10,1567500,20.1
2011-11-24,20.10,20.61,19.65,20.40,2274900,20.4
2011-11-23,20.85,20.99,20.33,20.52,1843600,20.5
2011-11-22,20.66,20.85,20.27,20.73,1548600,20.7
2011-11-21,20.40,20.85,20.35,20.85,2260400,20.8
2011-11-18,21.10,21.15,20.33,20.52,3509300,20.5
2011-11-17,21.55,21.88,21.13,21.41,3007200,21.4
2011-11-16,22.55,22.60,21.06,21.24,4336000,21.2
2011-11-15,22.90,23.90,22.19,22.45,5467500,22.4
2011-11-14,22.55,22.96,22.13,22.90,4105500,22.9
2011-11-11,22.60,22.99,22.01,22.32,4445200,22.3
2011-11-10,21.45,23.86,21.36,22.72,9338900,22.7
2011-11-09,20.44,22.20,20.44,21.90,6347300,21.9
2011-11-08,20.90,21.19,20.03,20.25,2914600,20.2
2011-11-07,20.65,21.58,20.49,21.19,5287500,21.1
2011-11-04,20.29,21.43,20.18,20.65,8361100,20.6
2011-11-03,19.80,20.70,19.60,20.63,5771600,20.6
2011-11-02,17.80,18.89,17.74,18.82,2233200,18.8
2011-11-01,17.97,18.55,17.90,18.18,1734100,18.1
2011-10-31,17.68,18.40,17.61,18.30,2363300,18.3
2011-10-28,17.51,17.65,17.24,17.65,1385400,17.6
2011-10-27,17.29,17.55,17.03,17.13,1167800,17.1
2011-10-26,16.90,17.59,16.70,17.29,1426800,17.2
2011-10-25,16.51,17.12,16.37,17.03,1185900,17.0
2011-10-24,16.30,16.54,15.80,16.51,1045600,16.5
2011-10-21,16.96,16.96,16.01,16.30,1046200,16.3
2011-10-20,17.60,17.60,16.91,17.02,641000,17.0
2011-10-19,17.71,17.93,17.60,17.69,620600,17.6
2011-10-18,18.31,18.40,17.67,17.69,939400,17.6
2011-10-17,18.40,18.61,18.21,18.50,1348800,18.5
2011-10-14,18.15,19.23,18.01,18.61,2453100,18.6
2011-10-13,17.70,18.09,17.62,17.92,1079800,17.9
2011-10-12,17.11,17.70,16.87,17.68,799900,17.6
2011-10-11,17.60,17.79,16.98,17.12,506500,17.1
2011-10-10,17.09,17.22,16.96,17.12,497300,17.1
2011-09-30,17.23,17.46,16.85,16.96,610900,16.9
2011-09-29,18.01,18.01,17.11,17.15,863200,17.1
2011-09-28,18.52,18.58,17.88,18.03,542700,18.0
2011-09-27,18.32,18.54,18.15,18.30,453100,18.3
2011-09-26,18.34,18.66,18.15,18.19,528100,18.1
2011-09-23,17.91,18.60,17.91,18.54,871800,18.5
2011-09-22,19.21,19.37,18.50,18.50,967000,18.5
2011-09-21,18.61,19.45,18.52,19.39,927500,19.3
2011-09-20,18.61,18.84,18.41,18.60,572400,18.6
2011-09-19,19.25,19.25,18.60,18.60,735400,18.6
2011-09-16,19.50,19.58,19.25,19.31,614400,19.3
2011-09-15,19.68,19.78,19.33,19.33,597200,19.3
2011-09-14,19.42,19.58,19.00,19.55,643400,19.5
2011-09-13,19.12,19.40,19.07,19.30,512000,19.3
2011-09-09,19.67,19.87,19.50,19.52,519700,19.5
2011-09-08,20.20,20.24,19.66,19.67,922700,19.6
2011-09-07,19.74,20.07,19.60,20.05,803100,20.0
2011-09-06,19.22,19.82,19.22,19.58,768300,19.5
2011-09-05,20.10,20.16,19.58,19.63,1034300,19.6
2011-09-02,20.45,20.50,20.00,20.30,1184600,20.3
2011-09-01,20.46,20.78,20.21,20.44,1173000,20.4
2011-08-31,21.01,21.19,20.16,20.40,2643700,20.4
2011-08-30,21.50,21.90,20.96,21.02,2341600,21.0
2011-08-29,22.13,22.13,21.48,21.48,2635900,21.4
2011-08-26,21.55,22.43,21.40,22.17,2931300,22.1
2011-08-25,21.79,21.81,21.13,21.60,3158200,21.6
2011-08-24,21.31,22.22,21.10,21.86,4739800,21.8
2011-08-23,20.36,21.44,20.36,21.11,2223100,21.1
2011-08-22,19.96,20.75,19.91,20.21,1516300,20.2
2011-08-19,19.60,20.07,19.51,19.99,1473300,19.9
2011-08-18,21.30,21.35,20.25,20.29,1822000,20.2
2011-08-17,21.20,21.48,20.83,21.36,2084100,21.3
2011-08-16,20.65,21.75,20.58,21.42,3946800,21.4
2011-08-15,20.13,20.62,20.13,20.53,1622700,20.5
2011-08-12,19.91,20.48,19.82,20.04,1973100,20.0
2011-08-11,18.88,19.75,18.55,19.70,2383800,19.7
2011-08-10,19.81,19.95,19.40,19.44,1651400,19.4
2011-08-09,18.81,19.36,18.20,19.23,2109900,19.2
2011-08-08,21.00,21.18,19.35,19.45,2966100,19.4
2011-08-05,21.51,21.78,21.01,21.42,1909200,21.4
2011-08-04,22.08,22.69,22.00,22.20,2910900,22.2
2011-08-03,22.25,23.80,22.02,22.48,5867300,22.4
2011-08-02,21.85,21.85,21.00,21.68,1676900,21.6
2011-08-01,21.20,22.00,20.90,21.90,1654000,21.9
2011-07-29,21.43,21.83,21.19,21.21,1817700,21.2
2011-07-28,20.70,21.13,20.46,21.10,1144200,21.1
2011-07-27,20.50,20.79,20.20,20.75,1027800,20.7
2011-07-26,20.42,20.68,20.15,20.50,757800,20.5
2011-07-25,21.75,21.95,20.42,20.50,1791800,20.5
2011-07-22,21.90,21.97,21.65,21.71,906000,21.7
2011-07-21,22.37,22.49,21.50,21.61,1351100,21.6
2011-07-20,22.47,22.47,21.92,22.38,1591000,22.3
2011-07-19,22.75,22.97,22.02,22.18,2036900,22.1
2011-07-18,23.32,24.16,22.56,22.75,3589900,22.7
2011-07-15,22.45,23.50,22.16,23.26,4078900,23.2
2011-07-14,21.32,22.47,21.32,22.45,3871400,22.4
2011-07-13,20.75,21.34,20.67,21.33,1425000,21.3
2011-07-12,21.39,21.39,20.86,20.87,1518900,20.8
2011-07-11,21.26,21.60,21.16,21.53,1475000,21.5
2011-07-08,21.47,21.67,21.03,21.35,1809300,21.3
2011-07-07,20.97,21.95,20.96,21.47,4108700,21.4
2011-07-06,20.90,21.08,20.50,21.08,1694900,21.0
2011-07-05,21.00,21.32,20.60,20.85,2674000,20.8
2011-07-04,20.20,20.92,20.20,20.83,2579300,20.8
2011-07-01,20.20,20.49,19.93,20.26,2260400,20.2
2011-06-30,19.80,20.24,19.80,20.00,1347700,20.0
2011-06-29,20.28,20.85,19.82,19.83,1980600,19.8
2011-06-28,20.26,20.44,19.90,20.28,1951200,20.2
2011-06-27,19.73,20.60,19.70,20.21,3011000,20.2
2011-06-24,19.10,19.99,19.02,19.82,2459900,19.8
2011-06-23,18.69,19.44,18.30,19.25,2016000,19.2
2011-06-22,18.78,18.86,18.64,18.70,1069800,18.7
2011-06-21,18.52,18.84,18.25,18.74,1203100,18.7
2011-06-20,18.80,18.80,18.29,18.60,1192200,18.6
2011-06-17,18.86,19.35,18.84,18.90,1297500,18.9
2011-06-16,19.17,19.65,18.91,19.01,1505500,19.0
2011-06-15,19.78,19.90,19.15,19.27,2405500,19.2
2011-06-14,19.69,20.10,19.55,19.86,2084600,19.8
2011-06-13,19.20,20.31,19.00,19.92,2218100,19.9
2011-06-10,19.82,19.90,19.00,19.41,2140000,19.4
2011-06-09,20.95,20.95,20.00,20.00,2854400,20.0
2011-06-08,21.00,21.31,20.75,20.96,1752000,20.9
2011-06-07,21.11,21.26,20.80,21.14,1885100,21.1
2011-06-03,21.41,21.75,21.18,21.35,3084100,21.3
2011-06-02,20.79,21.50,20.48,21.50,4016900,21.5
2011-06-01,20.89,21.20,20.75,21.11,2630900,21.1
2011-05-31,21.15,21.18,19.96,21.08,3092000,21.0
2011-05-30,19.78,21.68,19.78,21.15,5437400,21.1
2011-05-27,19.20,20.99,19.00,20.05,4052200,20.0
2011-05-26,20.20,21.00,19.59,19.61,3628300,19.6
2011-05-25,21.39,21.75,20.30,20.40,6637300,20.4
2011-05-24,18.94,20.90,18.68,20.90,4946700,20.9
2011-05-23,20.15,20.15,18.70,19.00,2193700,19.0
2011-05-20,20.60,20.68,20.02,20.06,1635300,20.0
2011-05-19,20.95,21.29,20.60,20.60,1104000,20.6
2011-05-18,21.12,21.19,20.60,20.91,1232800,20.9
2011-05-17,21.13,21.48,21.05,21.10,1302500,21.1
2011-05-16,21.48,21.66,21.01,21.08,1531100,21.0
2011-05-13,20.97,21.80,20.88,21.73,2548100,21.7
2011-05-12,21.90,21.90,20.91,20.96,3259100,20.9
2011-05-11,22.70,22.70,21.90,22.20,3527500,22.2
2011-05-10,23.60,23.60,22.80,23.00,2888300,23.0
2011-05-09,23.21,24.20,23.21,23.60,2220300,23.6
2011-05-06,24.20,24.20,23.20,23.50,2651800,23.5
2011-05-05,24.26,24.93,23.80,24.40,2124900,24.4
2011-05-04,23.72,24.80,23.58,24.05,2566600,24.0
2011-05-03,23.39,24.14,22.80,24.05,2591300,24.0
2011-04-29,23.28,23.94,22.91,23.47,2746300,23.4
2011-04-28,25.45,25.49,22.89,23.00,3962400,23.0
2011-04-27,26.38,26.66,24.81,25.36,3029600,25.3
2011-04-26,27.06,27.41,25.83,26.38,3487400,26.3
2011-04-25,28.88,28.88,27.05,27.20,4577700,27.2
2011-04-22,29.90,30.78,29.61,29.61,5924900,29.6
2011-04-21,35.30,35.85,32.90,32.90,4779700,32.9
2011-04-20,91.58,95.98,90.66,92.90,2576400,91.4
2011-04-19,91.85,92.40,87.78,91.48,1122700,90.0
2011-04-18,92.00,92.95,90.51,91.88,697900,90.4
2011-04-15,91.00,92.99,90.00,92.00,977700,90.5
2011-04-14,90.00,92.99,88.60,91.56,996500,90.0
2011-04-13,86.55,92.35,86.55,91.05,1702600,89.5
2011-04-12,86.60,86.97,84.80,85.10,513700,83.7
2011-04-11,88.60,89.37,86.40,86.63,784500,85.2
2011-04-07,85.05,88.39,85.00,86.61,639000,85.2
2011-04-06,87.38,88.20,85.00,85.39,761600,84.0
2011-04-01,85.00,88.71,84.52,88.60,770400,87.1
2011-03-31,83.92,86.40,83.51,85.00,752900,83.6
2011-03-30,83.49,84.98,83.09,83.92,552100,82.5
2011-03-29,88.02,88.59,83.07,83.87,1263100,82.5
2011-03-28,91.89,92.39,88.40,88.61,1189000,87.1
2011-03-25,92.80,93.49,91.00,91.61,742900,90.1
2011-03-24,92.88,94.99,92.30,92.61,835800,91.1
2011-03-23,90.00,93.61,90.00,92.90,1006200,91.4
2011-03-22,91.03,91.80,88.80,90.61,730600,89.1
2011-03-21,92.20,92.70,90.49,90.90,649700,89.4
2011-03-18,91.50,93.50,91.50,91.85,856000,90.3
2011-03-17,93.00,93.00,90.48,90.64,1232600,89.1
2011-03-16,93.70,95.18,93.01,94.68,1176500,93.1
2011-03-15,96.29,96.29,91.68,93.35,1944000,91.8
2011-03-14,100.00,100.00,96.50,96.97,2608000,95.4
2011-03-11,96.00,104.08,95.01,101.86,4207900,100.2
2011-03-10,97.50,98.42,94.30,95.50,5368000,93.9
2011-03-09,86.00,89.70,85.06,89.48,2021500,88.0
2011-03-08,84.38,86.89,83.36,86.85,1652500,85.4
2011-03-07,84.39,84.40,82.60,84.38,835800,83.0
2011-03-04,83.00,84.00,82.32,84.00,539000,82.6
2011-03-03,83.15,84.18,81.21,83.42,833100,82.0
2011-03-02,83.11,85.25,82.00,83.15,999200,81.8
2011-03-01,85.00,85.28,83.03,83.99,794700,82.6
2011-02-28,84.48,85.75,82.20,84.95,1004500,83.5
2011-02-25,84.55,85.58,82.01,84.49,1491600,83.1
2011-02-24,90.50,90.50,83.21,85.40,3508000,84.0
2011-02-23,92.10,94.99,90.50,92.45,1396500,90.9
2011-02-22,97.30,98.35,90.00,91.02,1802700,89.5
2011-02-21,94.09,99.66,94.09,97.00,1495500,95.4
2011-02-18,93.08,97.18,91.35,93.72,1448500,92.2
2011-02-17,96.20,98.88,93.63,94.01,3038800,92.4
2011-02-16,85.50,94.88,85.50,94.88,2066400,93.3
2011-02-15,87.11,88.65,86.25,86.25,1262500,84.8
2011-02-14,85.04,91.00,85.00,87.68,1726800,86.2
2011-02-11,84.50,88.80,83.39,85.89,1927700,84.5
2011-02-10,77.78,85.28,77.00,84.99,2121400,83.6
2011-02-09,78.96,79.98,77.11,77.90,1121400,76.6
2011-02-01,78.50,81.30,78.46,79.77,829800,78.4
2011-01-31,79.09,79.50,77.77,79.22,1062900,77.9
2011-01-28,77.51,80.90,76.78,79.76,1326700,78.4
2011-01-27,72.88,80.00,72.55,78.35,1785500,77.0
2011-01-26,72.81,75.90,71.60,73.94,2267800,72.7
2011-01-25,72.27,72.27,71.48,72.27,1525900,71.1
2011-01-24,70.58,70.96,65.60,65.70,845500,64.6
2011-01-21,69.00,71.20,68.81,70.38,329500,69.2
2011-01-20,69.41,71.39,69.01,69.34,447200,68.2
2011-01-19,68.36,70.19,67.01,70.00,364200,68.8
2011-01-18,68.00,68.93,66.88,68.38,205900,67.2
2011-01-17,67.12,70.20,67.12,68.30,595400,67.2
2011-01-14,70.45,70.45,67.68,67.68,385200,66.5
2011-01-13,71.00,71.25,69.99,70.42,316400,69.2
2011-01-12,69.00,70.66,68.83,70.66,456300,69.5
2011-01-11,70.45,70.45,68.50,69.00,450300,67.8
2011-01-10,73.46,73.46,70.49,70.58,472500,69.4
2011-01-07,73.40,75.40,73.37,73.50,282600,72.3
2011-01-06,76.00,76.18,73.50,73.79,448400,72.6
2011-01-05,76.02,76.77,75.60,75.89,258700,74.6
2011-01-04,74.11,77.50,74.05,76.54,553400,75.3
