Date,Open,High,Low,Close,Volume,Adj Clos
2004-12-31,7.72,7.72,7.32,7.37,1135100,7.0
2004-12-30,7.76,7.76,7.53,7.66,541300,7.3
2004-12-29,7.65,7.76,7.62,7.68,982900,7.3
2004-12-28,7.59,7.68,7.53,7.65,457800,7.3
2004-12-27,7.54,7.72,7.46,7.59,930000,7.3
2004-12-24,7.48,7.65,7.45,7.54,680200,7.2
2004-12-23,7.66,7.73,7.48,7.51,798900,7.2
2004-12-22,7.45,7.69,7.45,7.63,1858600,7.3
2004-12-21,7.50,7.70,7.45,7.48,772900,7.2
2004-12-20,7.69,7.69,7.54,7.55,611100,7.2
2004-12-17,7.71,7.85,7.70,7.74,367700,7.4
2004-12-16,7.83,7.92,7.74,7.76,484500,7.4
2004-12-15,7.90,7.98,7.65,7.85,977100,7.5
2004-12-14,7.76,8.00,7.75,7.92,1484500,7.6
2004-12-13,7.55,7.73,7.48,7.69,731600,7.4
2004-12-10,7.89,7.99,7.64,7.66,1628500,7.3
2004-12-09,7.82,8.06,7.82,7.93,908600,7.6
2004-12-08,7.87,8.04,7.79,7.82,1284500,7.5
2004-12-07,8.22,8.22,7.88,7.90,1191900,7.6
2004-12-06,7.95,8.25,7.90,8.17,1807100,7.8
2004-12-03,8.12,8.12,7.91,7.96,1535400,7.6
2004-12-02,7.92,8.13,7.86,8.11,1683000,7.8
2004-12-01,7.97,8.26,7.91,7.98,5914500,7.6
2004-11-30,7.67,7.93,7.64,7.91,1906400,7.6
2004-11-29,7.65,7.79,7.60,7.64,1046300,7.3
2004-11-26,7.67,7.72,7.62,7.64,638100,7.3
2004-11-25,7.84,7.88,7.60,7.66,1895300,7.3
2004-11-24,7.77,7.94,7.76,7.84,2128900,7.5
2004-11-23,7.75,7.87,7.73,7.77,1188200,7.4
2004-11-22,7.80,8.03,7.77,7.78,3880700,7.4
2004-11-19,7.70,7.93,7.65,7.78,5636500,7.4
2004-11-18,7.36,7.70,7.36,7.69,2958400,7.4
2004-11-17,7.41,7.45,7.29,7.35,903400,7.0
2004-11-16,7.58,7.58,7.38,7.43,1647300,7.1
2004-11-15,7.38,7.51,7.33,7.50,1130700,7.2
2004-11-12,7.44,7.53,7.30,7.35,1806900,7.0
2004-11-11,7.38,7.54,7.29,7.41,3640600,7.1
2004-11-10,7.08,7.47,7.03,7.36,1987000,7.0
2004-11-09,6.96,7.07,6.90,7.06,559100,6.7
2004-11-08,6.94,6.98,6.81,6.95,429500,6.6
2004-11-05,7.05,7.15,6.98,6.99,794100,6.7
2004-11-04,7.20,7.25,7.03,7.05,1255900,6.7
2004-11-03,6.98,7.18,6.92,7.18,1206400,6.9
2004-11-02,6.80,6.97,6.73,6.91,648200,6.6
2004-11-01,7.00,7.10,6.80,6.81,1291900,6.5
2004-10-29,6.80,7.30,6.70,7.05,1760700,6.7
2004-10-28,7.56,7.56,7.20,7.30,1994800,7.0
2004-10-27,7.44,7.55,7.29,7.53,2680800,7.2
2004-10-26,7.15,7.47,7.10,7.45,2688000,7.1
2004-10-25,7.49,7.49,7.13,7.16,3259000,6.8
2004-10-22,6.90,7.49,6.88,7.33,5980200,7.0
2004-10-21,6.95,7.25,6.81,6.88,6384100,6.6
2004-10-20,6.78,6.86,6.61,6.81,1059900,6.5
2004-10-19,6.90,7.07,6.73,6.78,1204700,6.5
2004-10-18,6.78,6.95,6.65,6.89,1540900,6.6
2004-10-15,6.90,7.05,6.58,6.81,2351900,6.5
2004-10-14,7.68,7.69,6.90,6.94,2339900,6.6
2004-10-13,7.40,7.60,7.32,7.58,1833100,7.3
2004-10-12,7.41,7.48,7.30,7.41,1493200,7.1
2004-10-11,7.31,7.65,7.27,7.41,3191400,7.1
2004-10-08,7.03,7.28,7.00,7.27,1229800,7.0
2004-10-07,7.08,7.08,7.08,7.08,000,6.8
2004-10-06,7.08,7.08,7.08,7.08,000,6.8
2004-10-05,7.08,7.08,7.08,7.08,000,6.8
2004-10-04,7.08,7.08,7.08,7.08,000,6.8
2004-10-01,7.08,7.08,7.08,7.08,000,6.8
2004-09-30,7.31,7.41,7.05,7.08,1107200,6.8
2004-09-29,7.31,7.48,7.29,7.34,1216400,7.0
2004-09-28,7.25,7.39,7.18,7.31,694700,7.0
2004-09-27,7.38,7.59,7.17,7.25,1015800,6.9
2004-09-24,7.58,7.75,7.35,7.36,5537500,7.0
2004-09-23,7.20,7.45,7.19,7.44,1127000,7.1
2004-09-22,7.45,7.50,7.22,7.23,1702000,6.9
2004-09-21,7.39,7.75,7.26,7.48,4417600,7.2
2004-09-20,7.12,7.38,7.03,7.35,2395700,7.0
2004-09-17,6.88,7.07,6.79,7.05,1739900,6.7
2004-09-16,6.81,6.97,6.70,6.85,834900,6.5
2004-09-15,6.42,6.85,6.42,6.80,1689900,6.5
2004-09-14,6.21,6.50,6.20,6.42,707000,6.1
2004-09-13,6.68,6.70,6.10,6.20,640200,5.9
2004-09-10,6.62,6.75,6.58,6.72,194100,6.4
2004-09-09,6.67,6.78,6.66,6.66,233100,6.4
2004-09-08,6.89,6.89,6.79,6.83,119600,6.5
2004-09-07,6.88,6.89,6.79,6.88,136900,6.6
2004-09-06,6.83,6.88,6.80,6.86,112300,6.6
2004-09-03,6.83,6.88,6.79,6.83,248200,6.5
2004-09-02,6.65,6.86,6.65,6.83,185400,6.5
2004-09-01,6.82,6.85,6.70,6.71,135400,6.4
2004-08-31,6.86,6.98,6.78,6.81,612300,6.5
2004-08-30,6.61,6.76,6.61,6.67,340900,6.4
2004-08-27,6.80,6.93,6.69,6.71,497100,6.4
2004-08-26,7.02,7.02,6.79,6.82,358400,6.5
2004-08-25,7.03,7.10,6.95,6.99,540400,6.7
2004-08-24,6.79,7.01,6.72,6.99,763700,6.7
2004-08-23,7.13,7.18,6.60,6.80,1056900,6.5
2004-08-20,7.22,7.27,7.10,7.16,832600,6.8
2004-08-19,7.12,7.18,7.02,7.17,648300,6.9
2004-08-18,7.12,7.28,7.08,7.15,750600,6.8
2004-08-17,7.14,7.18,7.01,7.14,574700,6.8
2004-08-16,7.16,7.19,6.99,7.00,405500,6.7
2004-08-13,7.02,7.20,7.02,7.14,638300,6.8
2004-08-12,7.17,7.17,6.96,7.08,865800,6.8
2004-08-11,7.13,7.28,7.10,7.20,1497100,6.9
2004-08-10,7.15,7.15,7.03,7.09,471900,6.8
2004-08-09,7.08,7.08,6.95,7.07,464500,6.8
2004-08-06,7.03,7.27,7.02,7.08,2007800,6.8
2004-08-05,6.88,7.15,6.85,7.08,1872200,6.8
2004-08-04,6.68,7.04,6.68,6.96,1352300,6.7
2004-08-03,6.68,6.75,6.50,6.57,399400,6.3
2004-08-02,6.84,6.84,6.59,6.69,243700,6.4
2004-07-30,6.89,6.99,6.70,6.76,183900,6.5
2004-07-29,6.69,6.89,6.69,6.86,242100,6.6
2004-07-28,6.69,6.77,6.55,6.71,245600,6.4
2004-07-27,6.70,6.79,6.60,6.64,261600,6.3
2004-07-26,6.75,6.82,6.60,6.69,185900,6.4
2004-07-23,6.80,6.80,6.67,6.80,299200,6.5
2004-07-22,7.04,7.04,6.69,6.75,440900,6.5
2004-07-21,6.99,7.03,6.93,6.94,283900,6.6
2004-07-20,7.10,7.14,6.88,6.99,473000,6.7
2004-07-19,7.04,7.15,6.90,7.07,737000,6.8
2004-07-16,6.68,7.09,6.68,7.02,1529200,6.7
2004-07-15,6.65,6.81,6.58,6.66,414900,6.4
2004-07-14,6.88,6.88,6.50,6.60,429200,6.3
2004-07-13,6.84,6.84,6.72,6.75,167600,6.5
2004-07-12,6.91,6.98,6.75,6.76,512300,6.5
2004-07-09,6.99,7.02,6.89,6.92,342100,6.6
2004-07-08,6.84,6.98,6.81,6.93,299300,6.6
2004-07-07,7.10,7.10,6.89,6.91,447400,6.6
2004-07-06,7.05,7.14,7.00,7.08,485200,6.8
2004-07-05,6.88,7.05,6.87,7.03,308200,6.7
2004-07-02,7.00,7.02,6.86,6.93,404600,6.6
2004-07-01,6.76,7.06,6.76,7.00,527300,6.7
2004-06-30,6.98,7.04,6.70,6.76,455800,6.5
2004-06-29,6.89,7.00,6.80,6.98,466800,6.7
2004-06-28,7.06,7.18,6.88,6.89,460800,6.6
2004-06-25,7.25,7.46,7.10,7.10,510700,6.8
2004-06-24,7.41,7.48,7.30,7.30,362300,7.0
2004-06-23,7.57,7.57,7.29,7.34,257900,7.0
2004-06-22,7.40,7.57,7.39,7.47,316800,7.1
2004-06-21,7.47,7.49,7.01,7.34,408100,7.0
2004-06-18,7.46,7.62,7.38,7.43,381700,7.1
2004-06-17,7.69,7.78,7.43,7.46,348300,7.1
2004-06-16,7.89,7.89,7.60,7.73,338700,7.4
2004-06-15,7.64,7.76,7.48,7.71,422000,7.4
2004-06-14,7.90,7.90,7.50,7.54,485500,7.2
2004-06-11,7.83,8.08,7.83,7.85,573600,7.5
2004-06-10,7.66,7.88,7.61,7.86,729900,7.5
2004-06-09,8.11,8.11,7.61,7.66,1081700,7.3
2004-06-08,8.00,8.21,8.00,8.11,1059900,7.8
2004-06-07,8.20,8.20,8.00,8.01,1081500,7.7
2004-06-04,8.05,8.25,7.94,8.08,1357700,7.7
2004-06-03,8.11,8.21,7.83,8.04,1220900,7.7
2004-06-02,8.25,8.40,8.03,8.22,1977200,7.9
2004-06-01,8.09,8.20,8.05,8.17,1019900,7.8
2004-05-31,7.99,8.10,7.90,8.10,894100,7.8
2004-05-28,7.95,8.21,7.95,7.98,2609600,7.6
2004-05-27,7.50,7.81,7.50,7.80,1091900,7.5
2004-05-26,7.64,7.64,7.35,7.55,411100,7.2
2004-05-25,7.78,7.78,7.38,7.41,928800,7.1
2004-05-24,7.85,7.90,7.71,7.78,564900,7.4
2004-05-21,7.88,7.88,7.75,7.82,385600,7.5
2004-05-20,7.81,7.89,7.75,7.78,515000,7.4
2004-05-19,7.83,7.91,7.70,7.81,1055300,7.5
2004-05-18,7.65,7.85,7.58,7.83,705100,7.5
2004-05-17,7.70,7.85,7.55,7.67,470400,7.3
2004-05-14,7.89,7.89,7.65,7.68,602300,7.3
2004-05-13,7.78,7.92,7.70,7.90,873800,7.6
2004-05-12,7.55,7.75,7.40,7.75,739100,7.4
2004-05-11,7.37,7.50,7.30,7.47,579000,7.1
2004-05-10,7.80,7.81,7.31,7.36,1069500,7.0
2004-05-07,7.78,7.78,7.78,7.78,000,7.4
2004-05-06,7.78,7.78,7.78,7.78,000,7.4
2004-05-05,7.78,7.78,7.78,7.78,000,7.4
2004-05-04,7.78,7.78,7.78,7.78,000,7.4
2004-05-03,7.78,7.78,7.78,7.78,000,7.4
2004-04-30,7.90,8.07,7.68,7.78,1016500,7.4
2004-04-29,8.45,8.47,7.82,7.88,2287000,7.5
2004-04-28,8.34,8.46,8.24,8.43,883600,8.0
2004-04-27,8.38,8.52,8.20,8.34,1423100,7.9
2004-04-26,8.18,8.38,8.18,8.38,752500,8.0
2004-04-23,8.36,8.45,8.20,8.22,1034000,7.8
2004-04-22,8.24,8.43,8.24,8.41,855000,8.0
2004-04-21,8.18,8.45,8.04,8.24,1291400,7.8
2004-04-20,8.25,8.25,8.25,8.25,000,7.9
2004-04-19,8.46,8.46,8.21,8.25,1287700,7.9
2004-04-16,8.38,8.50,8.16,8.48,1592700,8.1
2004-04-15,8.61,8.74,8.35,8.39,1815700,8.0
2004-04-14,9.00,9.05,8.56,8.62,2582000,8.2
2004-04-13,8.98,9.18,8.90,9.04,1795000,8.6
2004-04-12,9.08,9.15,8.81,8.99,2158500,8.6
2004-04-09,9.59,9.64,9.05,9.15,3872800,8.7
2004-04-08,9.41,9.76,9.31,9.60,4754600,9.1
2004-04-07,9.20,9.57,9.20,9.42,7132500,9.0
2004-04-06,9.25,9.28,9.03,9.14,2547000,8.7
2004-04-05,9.18,9.42,9.14,9.23,4785500,8.8
2004-04-02,9.00,9.21,8.95,9.16,3421400,8.7
2004-04-01,9.17,9.20,8.90,8.99,2935800,8.6
2004-03-31,9.20,9.25,9.03,9.17,3569200,8.7
2004-03-30,8.86,9.20,8.82,9.16,4255800,8.7
2004-03-29,9.05,9.10,8.85,8.89,4724500,8.5
2004-03-26,8.63,9.28,8.62,9.04,13421600,8.6
2004-03-25,8.49,8.87,8.35,8.62,9329900,8.2
2004-03-24,8.38,8.51,8.32,8.46,1209800,8.1
2004-03-23,8.36,8.52,8.31,8.38,903900,8.0
2004-03-22,8.40,8.45,8.30,8.37,1281700,8.0
2004-03-19,8.39,8.47,8.28,8.45,892600,8.0
2004-03-18,8.58,8.65,8.37,8.39,1779500,8.0
2004-03-17,8.48,8.64,8.28,8.60,3645200,8.2
2004-03-16,8.69,8.75,8.33,8.44,2913000,8.0
2004-03-15,8.60,8.77,8.58,8.70,2219200,8.3
2004-03-12,8.68,8.75,8.58,8.59,1692500,8.2
2004-03-11,8.50,8.85,8.46,8.68,3278000,8.3
2004-03-10,8.27,8.58,8.22,8.50,1371200,8.1
2004-03-09,8.40,8.50,8.25,8.28,1216500,7.9
2004-03-08,8.25,8.48,8.25,8.40,1799600,8.0
2004-03-05,8.35,8.37,8.22,8.22,670700,7.8
2004-03-04,8.16,8.38,8.16,8.35,853800,7.9
2004-03-03,8.40,8.45,8.15,8.16,925400,7.8
2004-03-02,8.52,8.60,8.30,8.38,1064900,8.0
2004-03-01,8.38,8.54,8.34,8.51,1167300,8.1
2004-02-27,8.28,8.41,8.27,8.38,968500,8.0
2004-02-26,8.32,8.42,8.13,8.26,1570900,7.9
2004-02-25,8.70,8.78,8.28,8.30,1371900,7.9
2004-02-24,8.68,8.73,8.46,8.67,1605800,8.3
2004-02-23,8.95,9.03,8.70,8.72,2155300,8.3
2004-02-20,9.00,9.00,8.83,8.95,1850600,8.5
2004-02-19,9.17,9.20,8.95,9.00,2160300,8.6
2004-02-18,9.08,9.34,8.98,9.17,2829700,8.7
2004-02-17,8.95,9.20,8.85,9.07,3916300,8.6
2004-02-16,8.64,8.97,8.64,8.96,2438400,8.5
2004-02-13,8.70,8.80,8.56,8.64,1373500,8.2
2004-02-12,8.71,8.85,8.67,8.77,1663100,8.4
2004-02-11,8.75,8.77,8.56,8.71,1538500,8.3
2004-02-10,9.01,9.03,8.67,8.73,2257800,8.3
2004-02-09,8.75,8.96,8.68,8.96,1686100,8.5
2004-02-06,8.88,8.96,8.67,8.72,2307100,8.3
2004-02-05,9.04,9.05,8.83,8.88,2401300,8.5
2004-02-04,9.09,9.09,8.81,8.99,2419200,8.6
2004-02-03,8.63,9.03,8.49,8.99,4266800,8.6
2004-02-02,8.54,8.86,8.31,8.63,2201900,8.2
2004-01-30,8.70,8.82,8.38,8.43,2300600,8.0
2004-01-29,8.56,8.94,8.41,8.70,3235200,8.3
2004-01-28,8.56,8.56,8.56,8.56,000,8.2
2004-01-27,8.56,8.56,8.56,8.56,000,8.2
2004-01-26,8.56,8.56,8.56,8.56,000,8.2
2004-01-23,8.56,8.56,8.56,8.56,000,8.2
2004-01-22,8.56,8.56,8.56,8.56,000,8.2
2004-01-21,8.56,8.56,8.56,8.56,000,8.2
2004-01-20,8.56,8.56,8.56,8.56,000,8.2
2004-01-19,8.56,8.56,8.56,8.56,000,8.2
2004-01-16,7.94,8.58,7.80,8.56,10317000,8.2
2004-01-15,7.87,7.99,7.78,7.80,1279700,7.4
2004-01-14,8.01,8.08,7.88,7.88,1464600,7.5
2004-01-13,8.17,8.23,8.00,8.10,2011700,7.7
2004-01-12,8.01,8.23,7.97,8.17,1573400,7.8
2004-01-09,8.41,8.56,8.03,8.05,3172300,7.7
2004-01-08,8.18,8.52,8.02,8.44,4025700,8.0
2004-01-07,8.21,8.33,8.14,8.20,2582600,7.8
2004-01-06,7.88,8.34,7.80,8.26,4527100,7.9
2004-01-05,7.70,7.96,7.70,7.88,2056900,7.5
2004-01-02,7.62,7.99,7.62,7.77,1194100,7.4
2004-01-01,7.68,7.68,7.68,7.68,000,7.3
