Date,Open,High,Low,Close,Volume,Adj Clos
2011-12-30,6.50,6.60,6.45,6.53,1344000,6.5
2011-12-29,6.40,6.46,6.35,6.40,799600,6.4
2011-12-28,6.45,6.48,6.21,6.40,1231900,6.4
2011-12-27,6.55,6.55,6.37,6.37,1731500,6.3
2011-12-26,6.61,6.69,6.54,6.60,1728900,6.6
2011-12-23,6.50,6.71,6.50,6.60,1441400,6.6
2011-12-22,6.61,6.71,6.12,6.62,2902700,6.6
2011-12-21,6.76,6.85,6.60,6.63,1741500,6.6
2011-12-20,6.80,7.00,6.65,6.73,2656500,6.7
2011-12-19,6.63,6.89,6.46,6.84,4577500,6.8
2011-12-16,6.36,6.64,6.34,6.60,2218700,6.6
2011-12-15,6.33,6.49,6.27,6.35,2287500,6.3
2011-12-14,6.40,6.58,6.26,6.34,2068300,6.3
2011-12-13,6.70,6.80,6.33,6.48,2999300,6.4
2011-12-12,6.96,6.96,6.72,6.80,1460600,6.8
2011-12-09,6.82,6.96,6.82,6.89,1080100,6.8
2011-12-08,7.08,7.09,6.80,6.90,2289800,6.9
2011-12-07,6.94,7.05,6.89,7.05,1581300,7.0
2011-12-06,7.00,7.10,6.80,6.95,3469500,6.9
2011-12-05,7.28,7.40,6.96,7.00,4298400,7.0
2011-12-02,7.70,7.74,7.38,7.38,4757600,7.3
2011-12-01,7.80,7.89,7.70,7.74,6975400,7.7
2011-11-30,7.85,7.85,7.54,7.60,5980600,7.6
2011-11-29,7.54,7.85,7.52,7.75,6991300,7.7
2011-11-28,7.51,7.59,7.45,7.50,2496800,7.5
2011-11-25,7.54,7.54,7.40,7.51,2576400,7.5
2011-11-24,7.50,7.61,7.39,7.54,5225000,7.5
2011-11-22,7.75,7.83,7.60,7.65,5649000,7.6
2011-11-21,7.69,7.80,7.61,7.75,5231400,7.7
2011-11-18,7.68,7.74,7.51,7.60,4486900,7.6
2011-11-17,7.70,7.79,7.63,7.71,5029800,7.7
2011-11-16,7.81,8.03,7.60,7.70,10243800,7.7
2011-11-15,7.95,7.95,7.75,7.82,7794700,7.8
2011-11-14,7.94,8.11,7.76,7.95,10565900,7.9
2011-11-11,7.55,8.05,7.55,7.87,13789500,7.8
2011-11-09,7.48,7.78,7.40,7.70,18933900,7.7
2011-11-08,6.95,7.67,6.92,7.46,16673500,7.4
2011-11-07,6.89,6.99,6.78,6.97,3670300,6.9
2011-11-04,6.94,6.98,6.79,6.88,3014300,6.8
2011-11-03,6.95,7.09,6.87,6.90,7209900,6.9
2011-11-02,6.50,6.91,6.46,6.89,5074100,6.8
2011-11-01,6.63,6.77,6.55,6.60,3520800,6.6
2011-10-31,6.60,6.87,6.58,6.71,4112700,6.7
2011-10-28,6.51,6.67,6.47,6.65,3743700,6.6
2011-10-27,6.55,6.57,6.45,6.45,1912900,6.4
2011-10-26,6.41,6.56,6.37,6.49,3399500,6.4
2011-10-25,6.35,6.59,6.26,6.48,3465800,6.4
2011-10-24,6.15,6.31,6.09,6.31,1466800,6.3
2011-10-21,6.16,6.25,6.08,6.15,853800,6.1
2011-10-20,6.35,6.37,6.10,6.17,2340500,6.1
2011-10-19,6.59,6.59,6.30,6.40,2057100,6.4
2011-10-18,6.60,6.75,6.51,6.53,4503100,6.5
2011-10-17,6.33,6.65,6.33,6.65,4836500,6.6
2011-10-14,6.52,6.52,6.17,6.34,4395700,6.3
2011-10-13,6.26,6.60,6.24,6.50,4730900,6.5
2011-10-12,6.13,6.36,6.04,6.31,4471500,6.3
2011-10-11,6.27,6.28,6.07,6.14,4687900,6.1
2011-10-10,6.93,6.93,6.20,6.20,8519900,6.2
2011-09-30,6.84,6.98,6.81,6.89,834400,6.8
2011-09-29,6.87,6.99,6.70,6.86,1510900,6.8
2011-09-28,6.95,7.05,6.80,6.88,1455300,6.8
2011-09-27,7.00,7.02,6.77,6.92,3114700,6.9
2011-09-26,7.10,7.20,6.93,6.96,2334600,6.9
2011-09-23,7.16,7.19,7.00,7.08,2510000,7.0
2011-09-22,7.50,7.53,7.20,7.20,4629700,7.2
2011-09-21,7.47,7.79,7.41,7.60,4962000,7.6
2011-09-20,14.82,14.93,14.67,14.93,1678900,14.9
2011-09-19,15.00,15.03,14.72,14.82,1203200,14.8
2011-09-16,15.10,15.26,15.00,15.08,1434300,15.0
2011-09-15,14.70,15.19,14.63,15.09,3001600,15.0
2011-09-14,14.66,14.86,14.25,14.50,1703400,14.5
2011-09-13,14.55,14.71,14.53,14.64,791700,14.6
2011-09-09,15.30,15.40,14.55,14.81,2697800,14.8
2011-09-07,15.06,15.38,14.51,15.29,1930700,15.2
2011-09-06,14.53,15.10,14.51,15.10,1266000,15.1
2011-09-05,15.40,15.49,14.75,14.75,1281300,14.7
2011-09-02,15.59,15.73,15.18,15.35,1594400,15.3
2011-09-01,15.81,15.98,15.58,15.60,1329300,15.6
2011-08-31,15.77,15.89,15.61,15.81,1160500,15.8
2011-08-30,15.92,16.15,15.73,15.76,1691500,15.7
2011-08-29,16.08,16.25,15.88,15.90,2030800,15.9
2011-08-25,16.03,16.12,15.89,16.08,3003300,16.0
2011-08-24,16.05,16.17,15.92,16.17,1889500,16.1
2011-08-23,16.60,16.70,15.78,16.20,5600100,16.2
2011-08-22,15.96,16.33,15.92,16.30,4514800,16.3
2011-08-19,16.00,16.46,15.90,15.90,3418600,15.9
2011-08-18,16.20,16.68,16.14,16.24,4539800,16.2
2011-08-17,16.13,16.24,15.97,16.14,2982100,16.1
2011-08-16,16.12,16.22,15.90,16.16,3946300,16.1
2011-08-15,15.61,16.20,15.52,16.11,4144200,16.1
2011-08-12,15.17,15.65,15.07,15.61,3112500,15.6
2011-08-11,14.71,15.29,14.68,15.07,2150200,15.0
2011-08-10,15.00,15.09,14.84,14.99,2202100,14.9
2011-08-09,14.50,14.87,14.36,14.84,2544100,14.8
2011-08-08,15.55,15.55,14.50,15.00,2599400,15.0
2011-08-05,15.34,15.59,15.10,15.55,2828300,15.5
2011-08-04,15.61,15.80,15.51,15.66,2236600,15.6
2011-08-03,15.20,15.64,15.07,15.61,1723700,15.6
2011-08-02,15.19,15.28,15.01,15.23,967300,15.2
2011-08-01,14.85,15.20,14.85,15.17,1231400,15.1
2011-07-29,15.13,15.14,14.80,14.89,1345000,14.8
2011-07-28,15.00,15.05,14.70,14.90,1515300,14.9
2011-07-27,14.80,15.10,14.65,15.09,1476700,15.0
2011-07-26,14.99,15.15,14.70,14.95,1589300,14.9
2011-07-25,15.55,15.55,14.85,14.93,1563100,14.9
2011-07-22,15.48,15.65,15.43,15.54,1150400,15.5
2011-07-21,15.49,15.70,15.31,15.48,1374500,15.4
2011-07-20,15.60,15.68,15.30,15.50,1259400,15.5
2011-07-19,15.87,16.00,15.40,15.50,2503600,15.5
2011-07-18,15.90,15.98,15.78,15.87,1966600,15.8
2011-07-15,15.49,15.96,15.36,15.87,2578000,15.8
2011-07-14,15.40,15.59,15.29,15.43,1767100,15.4
2011-07-13,15.30,15.40,15.13,15.30,2683800,15.3
2011-07-12,15.30,15.50,15.16,15.29,2019300,15.2
2011-07-11,15.27,15.52,15.07,15.30,2520400,15.3
2011-07-08,15.31,15.57,15.05,15.29,1258000,15.2
2011-07-07,15.40,15.79,15.25,15.31,2832500,15.3
2011-07-06,15.00,15.60,14.81,15.40,2791000,15.4
2011-07-05,15.48,15.48,14.94,15.27,3248600,15.2
2011-07-04,15.12,15.63,15.00,15.48,4867600,15.4
2011-07-01,14.70,15.20,14.60,15.12,4097800,15.1
2011-06-30,14.85,14.85,14.45,14.59,3057400,14.5
2011-06-29,14.58,15.00,14.48,14.70,2792600,14.7
2011-06-28,14.50,14.70,14.42,14.58,2534700,14.5
2011-06-27,14.20,14.70,14.20,14.57,3553800,14.5
2011-06-24,13.50,14.74,13.50,14.20,5002600,14.2
2011-06-23,13.09,13.81,12.95,13.75,1889800,13.7
2011-06-22,13.24,13.24,12.99,13.09,538700,13.0
2011-06-21,13.20,13.33,12.96,13.08,889600,13.0
2011-06-17,13.23,13.47,13.19,13.26,853200,13.2
2011-06-16,13.38,13.38,13.22,13.28,650700,13.2
2011-06-15,13.49,13.68,13.37,13.38,748700,13.3
2011-06-14,13.21,13.76,13.15,13.48,1025200,13.4
2011-06-13,13.39,13.39,13.12,13.30,849900,13.3
2011-06-10,13.25,13.43,13.06,13.40,786000,13.4
2011-06-09,13.10,13.82,12.90,13.27,2642300,13.2
2011-06-08,12.30,13.09,12.19,13.00,2118500,13.0
2011-06-07,12.55,12.58,12.27,12.38,1845100,12.3
2011-06-03,12.43,12.65,12.25,12.55,828000,12.5
2011-06-02,12.44,12.44,12.22,12.30,658300,12.3
2011-06-01,12.64,12.64,12.42,12.57,819200,12.5
2011-05-31,12.23,12.59,12.23,12.49,405200,12.4
2011-05-30,12.50,12.65,12.12,12.22,657700,12.2
2011-05-27,12.98,13.10,12.31,12.36,1706100,12.3
2011-05-26,13.13,13.38,12.99,13.08,1326400,13.0
2011-05-25,13.42,13.60,13.01,13.08,1725000,13.0
2011-05-24,13.26,13.58,13.26,13.53,994600,13.5
2011-05-23,13.94,13.94,13.26,13.50,2391700,13.5
2011-05-20,13.85,13.98,13.73,13.84,1484900,13.8
2011-05-19,13.78,14.06,13.75,13.90,1861500,13.9
2011-05-18,13.79,13.93,13.68,13.76,1159000,13.7
2011-05-17,13.83,13.86,13.61,13.79,1751100,13.7
2011-05-16,13.52,14.00,13.50,13.77,2326700,13.7
2011-05-13,13.39,13.53,13.36,13.53,1235900,13.5
2011-05-12,13.35,13.49,13.33,13.39,1863500,13.3
2011-05-11,13.70,13.70,13.35,13.50,2501500,13.5
2011-05-10,13.79,13.87,13.57,13.66,1333900,13.6
2011-05-09,13.65,13.93,13.57,13.78,2930000,13.7
2011-05-06,13.45,13.63,13.40,13.63,2081100,13.6
2011-05-05,13.36,13.64,13.36,13.55,1928700,13.5
2011-05-04,13.25,13.63,13.25,13.39,2035400,13.3
2011-05-03,13.46,13.69,13.21,13.37,4278500,13.3
2011-04-29,13.46,13.89,13.46,13.60,12732800,13.6
2011-04-27,15.07,15.34,14.80,14.96,2261300,14.9
2011-04-26,14.78,15.08,14.70,14.95,2160900,14.9
2011-04-25,15.14,15.27,14.71,14.80,2431500,14.8
2011-04-22,15.70,15.74,15.00,15.13,3918800,15.1
2011-04-21,15.58,15.77,15.30,15.69,3735500,15.6
2011-04-20,15.58,15.68,15.25,15.55,4082800,15.5
2011-04-19,15.20,15.70,14.99,15.52,7643400,15.5
2011-04-18,14.55,15.33,14.40,15.33,7202400,15.3
2011-04-15,14.33,14.79,14.00,14.66,3119600,14.6
2011-04-14,14.57,14.98,14.38,14.45,2157900,14.4
2011-04-13,14.50,14.66,14.37,14.57,1639100,14.5
2011-04-12,14.75,14.84,14.38,14.53,2593900,14.5
2011-04-11,14.49,14.90,14.33,14.75,4139700,14.7
2011-04-08,14.68,14.76,14.39,14.49,2681000,14.4
2011-04-07,14.70,15.00,14.45,14.68,4081600,14.6
2011-04-06,13.99,14.97,13.83,14.82,5468100,14.8
2011-04-01,13.21,13.82,13.21,13.80,1548500,13.8
2011-03-31,13.70,13.73,13.20,13.22,1544100,13.2
2011-03-30,14.05,14.28,13.60,13.75,2420700,13.7
2011-03-28,14.15,14.36,14.15,14.31,1940400,14.3
2011-03-25,14.07,14.33,14.07,14.11,1544200,14.1
2011-03-24,14.18,14.27,14.05,14.05,1280200,14.0
2011-03-23,14.10,14.20,13.91,14.15,1653200,14.1
2011-03-22,14.45,14.45,13.95,14.10,1317600,14.1
2011-03-21,14.31,14.50,14.18,14.38,1343700,14.3
2011-03-18,14.46,14.51,14.26,14.35,1288900,14.3
2011-03-17,14.74,14.74,14.18,14.30,3458200,14.3
2011-03-16,15.03,15.29,14.70,14.85,3425200,14.8
2011-03-15,14.88,15.08,14.48,15.04,3973500,15.0
2011-03-14,14.73,14.90,14.33,14.87,3307700,14.8
2011-03-11,14.46,14.99,14.46,14.73,3696400,14.7
2011-03-10,14.50,14.92,14.38,14.57,3414600,14.5
2011-03-09,14.55,14.60,14.35,14.42,1463200,14.4
2011-03-08,14.60,14.65,14.35,14.53,1776200,14.5
2011-03-07,13.99,14.60,13.88,14.58,4209500,14.5
2011-03-04,13.70,13.90,13.66,13.88,1051100,13.8
2011-03-03,13.91,14.10,13.75,13.77,1845000,13.7
2011-03-02,14.17,14.20,13.67,14.10,2071600,14.1
2011-03-01,14.17,14.28,14.10,14.18,1767200,14.1
2011-02-28,14.11,14.33,14.11,14.24,1601500,14.2
2011-02-25,14.43,14.43,14.03,14.11,1483100,14.1
2011-02-24,14.35,14.95,14.35,14.44,3386100,14.4
2011-02-23,13.80,14.30,13.75,14.30,2305700,14.3
2011-02-22,14.34,14.44,13.71,13.75,2784500,13.7
2011-02-21,14.27,14.45,14.07,14.34,1949800,14.3
2011-02-18,14.40,14.44,14.11,14.28,1913700,14.2
2011-02-17,14.30,14.53,14.21,14.41,2067500,14.4
2011-02-16,13.71,14.39,13.70,14.38,2237000,14.3
2011-02-15,13.83,14.17,13.82,13.84,2357900,13.8
2011-02-14,13.60,13.90,13.51,13.80,2763600,13.8
2011-02-11,13.48,13.78,13.41,13.67,1851000,13.6
2011-02-10,13.30,13.66,13.16,13.48,1005900,13.4
2011-02-09,13.02,13.48,13.02,13.23,1322700,13.2
2011-02-01,13.12,13.30,13.11,13.18,1178200,13.1
2011-01-31,13.26,13.36,13.06,13.23,2266500,13.2
2011-01-28,12.90,14.00,12.90,13.26,3850000,13.2
2011-01-27,12.86,13.06,12.70,13.01,1138800,13.0
2011-01-26,12.95,13.10,12.76,12.87,859400,12.8
2011-01-25,12.62,13.03,12.51,12.79,751000,12.7
2011-01-24,12.96,13.26,12.60,12.62,963200,12.6
2011-01-21,12.89,13.35,12.71,12.95,1365100,12.9
2011-01-20,13.60,13.60,12.80,12.82,1062900,12.8
2011-01-19,13.22,13.48,13.16,13.48,1181300,13.4
2011-01-18,13.35,13.46,13.20,13.21,768600,13.2
2011-01-17,13.95,13.99,13.00,13.32,1553200,13.3
2011-01-14,13.92,14.00,13.66,13.95,923500,13.9
2011-01-13,14.18,14.18,13.87,13.92,700700,13.9
2011-01-12,14.08,14.17,13.82,14.10,975600,14.1
2011-01-11,14.07,14.27,13.95,14.00,912500,14.0
2011-01-10,14.54,14.90,14.08,14.28,1314200,14.2
2011-01-07,14.92,14.92,14.56,14.66,1267700,14.6
2011-01-06,14.86,15.15,14.86,14.87,2115300,14.8
2011-01-05,14.71,15.10,14.00,14.92,2777100,14.9
2011-01-04,14.86,15.14,14.76,14.91,1498400,14.9
