Date,Open,High,Low,Close,Volume,Adj Clos
2010-12-31,5.31,5.45,5.31,5.44,2060000,5.4
2010-12-30,5.42,5.42,5.29,5.34,1614700,5.3
2010-12-29,5.38,5.45,5.35,5.41,1795100,5.4
2010-12-28,5.50,5.50,5.24,5.35,4125300,5.3
2010-12-27,5.62,5.66,5.48,5.50,3308200,5.5
2010-12-24,5.64,5.68,5.56,5.62,3408700,5.6
2010-12-23,5.72,5.72,5.60,5.61,3436700,5.6
2010-12-22,5.75,5.77,5.68,5.70,3100600,5.7
2010-12-21,5.75,5.78,5.68,5.76,4814600,5.7
2010-12-20,5.86,5.90,5.61,5.75,5223900,5.7
2010-12-17,5.85,5.93,5.83,5.89,3114300,5.8
2010-12-16,5.88,5.88,5.83,5.85,2830600,5.8
2010-12-15,5.91,5.93,5.83,5.89,4138900,5.8
2010-12-14,5.86,5.93,5.82,5.91,4348800,5.9
2010-12-13,5.80,5.88,5.75,5.88,3555600,5.8
2010-12-10,5.74,5.81,5.66,5.78,2698800,5.7
2010-12-09,5.88,5.90,5.74,5.75,2368700,5.7
2010-12-08,5.94,5.96,5.83,5.93,2550000,5.9
2010-12-07,5.88,5.96,5.83,5.95,2958900,5.9
2010-12-06,5.95,5.97,5.78,5.92,3062700,5.9
2010-12-03,5.93,5.98,5.87,5.96,3792200,5.9
2010-12-02,5.93,5.97,5.88,5.95,3593400,5.9
2010-12-01,5.83,5.92,5.81,5.90,2683000,5.9
2010-11-30,6.05,6.07,5.73,5.85,4780700,5.8
2010-11-29,6.03,6.12,5.98,6.06,3752000,6.0
2010-11-26,6.13,6.23,6.02,6.04,4923300,6.0
2010-11-25,6.04,6.17,5.97,6.17,6641700,6.1
2010-11-24,5.86,6.10,5.83,6.03,6960600,6.0
2010-11-23,5.97,5.99,5.75,5.91,5749300,5.9
2010-11-22,5.88,6.06,5.83,5.96,6330800,5.9
2010-11-19,5.89,6.02,5.82,5.92,6985800,5.9
2010-11-17,5.90,5.96,5.73,5.75,6272200,5.7
2010-11-16,6.47,6.49,5.91,5.96,8075600,5.9
2010-11-15,6.35,6.51,6.33,6.46,5881700,6.4
2010-11-12,6.89,6.94,6.32,6.39,13951900,6.3
2010-11-11,6.75,6.94,6.75,6.88,15284600,6.8
2010-11-10,6.78,6.85,6.66,6.81,10456500,6.8
2010-11-09,6.75,6.84,6.68,6.78,10199500,6.7
2010-11-08,6.70,6.74,6.62,6.74,12238400,6.7
2010-11-05,6.60,6.75,6.57,6.68,12631300,6.6
2010-11-04,6.59,6.63,6.49,6.60,7527900,6.6
2010-11-03,6.47,6.65,6.37,6.60,11187400,6.6
2010-11-02,6.55,6.63,6.46,6.47,7866600,6.4
2010-11-01,6.54,6.59,6.50,6.55,6337700,6.5
2010-10-29,6.49,6.62,6.46,6.54,5159600,6.5
2010-10-28,6.53,6.54,6.40,6.46,5160900,6.4
2010-10-27,6.46,6.66,6.44,6.56,8981600,6.5
2010-10-26,6.48,6.49,6.40,6.46,5388400,6.4
2010-10-25,6.37,6.48,6.37,6.46,5705000,6.4
2010-10-22,6.48,6.49,6.37,6.39,4505300,6.3
2010-10-21,6.47,6.53,6.40,6.50,3335400,6.5
2010-10-20,6.33,6.56,6.28,6.43,5547300,6.4
2010-10-19,6.24,6.40,6.22,6.40,3845400,6.4
2010-10-18,6.37,6.37,6.18,6.24,5709300,6.2
2010-10-15,6.43,6.49,6.31,6.38,7222900,6.3
2010-10-14,6.70,6.76,6.40,6.43,7590400,6.4
2010-10-13,6.80,6.81,6.62,6.70,6873500,6.7
2010-10-12,6.83,6.87,6.76,6.76,6614900,6.7
2010-10-11,6.84,6.90,6.78,6.89,7481100,6.8
2010-10-08,6.70,6.87,6.69,6.79,5621000,6.7
2010-09-30,6.60,6.74,6.53,6.69,3831600,6.6
2010-09-29,6.74,6.78,6.66,6.66,4823200,6.6
2010-09-28,6.79,6.89,6.74,6.75,4990000,6.7
2010-09-27,6.75,6.87,6.70,6.81,3940800,6.8
2010-09-21,6.77,6.80,6.69,6.71,2796400,6.7
2010-09-20,6.74,6.85,6.74,6.76,4099300,6.7
2010-09-17,6.92,6.95,6.78,6.81,4015300,6.8
2010-09-16,6.86,6.98,6.69,6.92,8042700,6.9
2010-09-15,7.01,7.06,6.83,6.85,6286900,6.8
2010-09-14,7.11,7.15,6.96,7.01,8063900,7.0
2010-09-13,6.95,7.15,6.90,7.11,9089200,7.1
2010-09-10,6.92,6.98,6.78,6.95,8092400,6.9
2010-09-09,7.13,7.18,6.94,6.95,10046700,6.9
2010-09-08,7.07,7.17,6.98,7.10,9924500,7.1
2010-09-07,7.19,7.28,7.03,7.13,13570300,7.1
2010-09-06,7.10,7.48,7.05,7.19,28155500,7.1
2010-09-03,6.98,7.07,6.89,7.05,14423200,7.0
2010-09-02,6.95,6.99,6.86,6.95,8861000,6.9
2010-09-01,7.05,7.15,6.85,6.91,14011500,6.9
2010-08-31,6.88,7.07,6.79,7.03,14376400,7.0
2010-08-30,6.93,6.97,6.79,6.92,8929600,6.9
2010-08-27,6.90,6.95,6.81,6.86,4664000,6.8
2010-08-26,6.81,6.99,6.81,6.91,8598300,6.9
2010-08-25,6.96,7.01,6.76,6.84,10017400,6.8
2010-08-24,6.91,7.09,6.91,7.01,13083200,7.0
2010-08-23,6.83,7.06,6.83,6.95,15857700,6.9
2010-08-20,6.80,6.89,6.71,6.80,9586300,6.8
2010-08-19,6.70,6.84,6.61,6.84,8660700,6.8
2010-08-18,6.78,6.80,6.66,6.70,5581400,6.7
2010-08-17,6.77,6.86,6.70,6.78,7046000,6.7
2010-08-16,6.64,6.76,6.61,6.75,6162800,6.7
2010-08-13,6.52,6.68,6.48,6.64,5246400,6.6
2010-08-12,6.62,6.77,6.49,6.51,5076800,6.5
2010-08-11,6.58,6.77,6.58,6.68,4979500,6.6
2010-08-10,6.96,6.99,6.65,6.65,9287100,6.6
2010-08-09,6.96,7.11,6.90,6.96,9935000,6.9
2010-08-06,6.80,7.00,6.77,6.96,7542300,6.9
2010-08-05,6.88,6.95,6.74,6.80,6883000,6.8
2010-08-04,6.70,6.93,6.70,6.93,9891400,6.9
2010-08-03,6.99,7.05,6.70,6.70,14399400,6.7
2010-08-02,6.90,7.06,6.87,7.00,17586800,7.0
2010-07-30,6.65,6.88,6.61,6.87,15978600,6.8
2010-07-29,6.53,6.86,6.51,6.71,16237000,6.7
2010-07-28,6.47,6.70,6.30,6.60,15403900,6.6
2010-07-27,6.54,6.59,6.42,6.54,11372700,6.5
2010-07-26,6.50,6.59,6.40,6.50,7981300,6.5
2010-07-23,6.44,6.50,6.35,6.46,7969700,6.4
2010-07-22,6.31,6.50,6.27,6.43,15158900,6.4
2010-07-21,6.24,6.63,6.20,6.40,20751200,6.4
2010-07-20,6.13,6.34,6.10,6.25,7501900,6.2
2010-07-19,5.93,6.15,5.92,6.14,5090700,6.1
2010-07-16,6.00,6.05,5.88,6.04,3375500,6.0
2010-07-15,6.19,6.23,6.03,6.03,5202200,6.0
2010-07-14,6.15,6.37,6.14,6.18,6054200,6.1
2010-07-13,6.19,6.22,6.08,6.15,6328800,6.1
2010-07-12,6.18,6.39,6.08,6.30,14346000,6.3
2010-07-09,6.17,6.30,6.09,6.20,9357300,6.2
2010-07-08,6.19,6.27,6.07,6.17,5879100,6.1
2010-07-07,6.14,6.26,6.06,6.19,5893600,6.1
2010-07-06,6.00,6.16,5.93,6.14,6836800,6.1
2010-07-05,5.75,6.33,5.65,6.04,14708900,6.0
2010-07-02,5.82,5.92,5.53,5.81,4488300,5.8
2010-07-01,5.86,5.94,5.70,5.80,3497900,5.8
2010-06-30,5.98,6.06,5.82,5.84,3485200,5.8
2010-06-29,6.40,6.45,6.03,6.03,5284600,6.0
2010-06-28,6.43,6.55,6.31,6.34,3177500,6.3
2010-06-25,6.50,6.54,6.36,6.48,4876500,6.4
2010-06-24,6.50,6.73,6.42,6.61,8340000,6.6
2010-06-23,6.50,6.60,6.36,6.51,16418300,6.5
2010-06-22,6.16,6.77,6.14,6.66,26176700,6.6
2010-06-21,6.05,6.19,5.96,6.15,3845100,6.1
2010-06-18,6.18,6.24,5.98,6.05,3955000,6.0
2010-06-17,6.28,6.31,6.18,6.19,2767100,6.1
2010-06-11,6.35,6.40,6.24,6.26,3729500,6.2
2010-06-10,6.31,6.38,6.24,6.34,5261700,6.3
2010-06-09,6.19,6.40,6.14,6.35,5491000,6.3
2010-06-08,6.19,6.24,6.08,6.18,3651400,6.1
2010-06-07,6.00,6.20,5.92,6.19,4682900,6.1
2010-06-04,6.00,6.11,5.91,6.08,2139600,6.0
2010-06-03,6.03,6.17,6.01,6.01,3148700,6.0
2010-06-02,5.83,6.13,5.83,6.04,3516500,6.0
2010-06-01,5.90,6.01,5.72,5.85,3473300,5.8
2010-05-31,6.19,6.24,5.98,5.98,4032100,5.9
2010-05-28,6.26,6.33,6.20,6.23,2939400,6.2
2010-05-27,6.11,6.35,6.00,6.25,4537000,6.2
2010-05-26,6.09,6.30,6.06,6.18,5318500,6.1
2010-05-25,6.05,6.16,5.99,6.07,4014500,6.0
2010-05-24,5.88,6.20,5.87,6.11,5933900,6.1
2010-05-20,5.74,6.00,5.66,5.78,5348400,5.7
2010-05-19,5.77,5.89,5.64,5.74,2948700,5.7
2010-05-18,5.85,5.93,5.60,5.86,3708600,5.8
2010-05-17,6.25,6.44,5.87,5.87,4468800,5.8
2010-05-14,6.27,6.50,6.15,6.41,8370500,6.4
2010-05-13,6.55,6.60,5.90,6.38,10393100,6.3
2010-05-12,6.58,6.63,6.50,6.55,3130500,6.5
2010-05-11,6.68,6.78,6.51,6.57,4987100,6.5
2010-05-10,6.75,6.86,6.39,6.58,4992300,6.5
2010-05-07,6.70,6.97,6.61,6.76,3687300,6.7
2010-05-06,7.15,7.25,6.90,6.90,5024000,6.9
2010-05-05,6.93,7.22,6.90,7.19,4084000,7.1
2010-05-04,6.94,7.18,6.80,6.99,2878900,6.9
2010-04-30,7.25,7.34,6.74,7.05,6742100,7.0
2010-04-29,7.39,7.69,7.22,7.25,17261000,7.2
2010-04-28,6.90,7.40,6.75,7.39,7763300,7.3
2010-04-27,7.13,7.23,6.70,6.94,7568300,6.9
2010-04-26,7.25,7.26,7.14,7.15,6079200,7.1
2010-04-23,7.44,7.48,7.20,7.26,6531800,7.2
2010-04-22,7.28,7.54,7.24,7.43,7700800,7.4
2010-04-21,7.20,7.35,7.16,7.35,7313300,7.3
2010-04-20,7.25,7.34,7.08,7.18,9626700,7.1
2010-04-19,7.70,7.70,7.22,7.22,12379000,7.2
2010-04-16,7.85,7.95,7.73,7.77,11884600,7.7
2010-04-15,7.66,7.92,7.55,7.90,17524700,7.9
2010-04-14,7.64,7.72,7.46,7.67,9654100,7.6
2010-04-13,7.90,7.97,7.42,7.64,14909000,7.6
2010-04-12,7.75,7.95,7.73,7.91,26734500,7.9
2010-04-09,7.67,7.84,7.67,7.73,8085800,7.7
2010-04-08,7.82,7.83,7.62,7.67,9363200,7.6
2010-04-07,7.69,7.93,7.60,7.85,16467900,7.8
2010-04-06,7.67,7.78,7.60,7.70,10806500,7.7
2010-04-02,7.58,7.68,7.57,7.63,8421000,7.6
2010-04-01,7.48,7.62,7.42,7.61,9352800,7.6
2010-03-31,7.42,7.51,7.35,7.47,6165200,7.4
2010-03-30,7.48,7.48,7.36,7.43,6311800,7.4
2010-03-29,7.58,7.59,7.40,7.49,6264900,7.4
2010-03-26,7.40,7.56,7.35,7.48,4454100,7.4
2010-03-25,7.76,7.77,7.40,7.41,7053400,7.4
2010-03-24,7.75,7.84,7.68,7.70,7411800,7.7
2010-03-23,7.72,7.91,7.59,7.79,10762800,7.7
2010-03-22,7.50,7.78,7.49,7.73,9565500,7.7
2010-03-19,7.50,7.55,7.41,7.53,5014000,7.5
2010-03-18,7.53,7.59,7.47,7.50,4055600,7.5
2010-03-17,7.38,7.51,7.32,7.50,4424400,7.5
2010-03-16,7.28,7.35,7.21,7.35,3132100,7.3
2010-03-15,7.32,7.43,7.16,7.23,3866000,7.2
2010-03-12,7.43,7.50,7.28,7.29,5131900,7.2
2010-03-11,7.50,7.60,7.41,7.45,4862100,7.4
2010-03-10,7.70,7.74,7.46,7.53,5485700,7.5
2010-03-09,7.76,7.79,7.59,7.72,5635600,7.7
2010-03-08,7.78,7.88,7.71,7.78,4950600,7.7
2010-03-05,7.63,7.86,7.54,7.73,7410500,7.7
2010-03-04,7.91,8.17,7.60,7.66,12243100,7.6
2010-03-03,7.92,8.00,7.85,7.91,7753100,7.9
2010-03-02,7.95,8.09,7.73,8.04,12952400,8.0
2010-03-01,7.90,8.20,7.85,7.95,17044500,7.9
2010-02-26,7.75,7.98,7.68,7.85,11480400,7.8
2010-02-25,7.73,7.83,7.68,7.80,10130500,7.8
2010-02-24,7.41,7.80,7.41,7.73,8919800,7.7
2010-02-23,7.40,7.70,7.19,7.55,7579500,7.5
2010-02-22,7.38,7.49,7.30,7.40,4328400,7.4
2010-02-12,7.18,7.42,7.18,7.38,5160100,7.3
2010-02-11,7.29,7.35,7.17,7.18,3598200,7.1
2010-02-10,7.28,7.42,7.26,7.29,2851200,7.2
2010-02-09,7.22,7.45,7.13,7.27,4165500,7.2
2010-02-08,7.20,7.33,7.00,7.26,3183400,7.2
2010-02-05,7.40,7.42,7.13,7.22,8353700,7.2
2010-02-04,7.28,7.76,7.16,7.59,12899600,7.5
2010-02-03,7.17,7.26,6.85,7.25,6134800,7.2
2010-02-02,7.35,7.39,7.16,7.16,3970000,7.1
2010-02-01,7.17,7.39,7.12,7.30,6873300,7.3
2010-01-29,7.08,7.30,7.00,7.18,5889500,7.1
2010-01-28,6.98,7.14,6.98,7.08,4148200,7.0
2010-01-27,7.13,7.23,6.91,7.00,5711900,7.0
2010-01-26,7.55,7.69,6.98,7.12,8311100,7.1
2010-01-25,7.60,7.80,7.53,7.53,5902600,7.5
2010-01-22,7.88,7.97,7.56,7.67,12516200,7.6
2010-01-21,7.75,8.31,7.71,8.08,12261000,8.0
2010-01-20,8.16,8.46,7.80,7.86,19109800,7.8
2010-01-19,8.26,8.30,8.08,8.12,10883600,8.1
2010-01-18,8.06,8.33,7.92,8.28,15104400,8.2
2010-01-15,8.06,8.18,8.00,8.12,10294800,8.1
2010-01-14,8.00,8.14,7.95,8.04,11087400,8.0
2010-01-13,8.14,8.18,7.83,7.98,17051600,7.9
2010-01-12,8.19,8.51,8.10,8.26,21798500,8.2
2010-01-11,7.91,8.68,7.91,8.39,30855000,8.3
2010-01-08,7.93,8.26,7.70,7.99,24349800,7.9
2010-01-07,7.53,8.25,7.43,8.02,48831100,8.0
2010-01-06,7.21,7.56,7.20,7.53,13854900,7.5
2010-01-05,7.23,7.33,7.14,7.21,7878900,7.2
2010-01-04,7.37,7.49,7.17,7.24,7826100,7.2
