Date,Open,High,Low,Close,Volume,Adj Clos
2002-12-31,11.35,11.45,11.17,11.20,571000,10.2
2002-12-30,11.33,11.45,11.08,11.39,247300,10.4
2002-12-27,11.20,11.45,11.14,11.33,247100,10.3
2002-12-26,11.18,11.40,11.09,11.21,420400,10.2
2002-12-25,11.09,11.21,11.08,11.20,160200,10.2
2002-12-24,11.20,11.20,10.99,11.09,1407800,10.1
2002-12-23,11.40,11.69,11.13,11.19,3908300,10.2
2002-12-20,11.26,11.50,11.26,11.41,487800,10.4
2002-12-19,11.43,11.60,11.13,11.26,296900,10.3
2002-12-18,11.51,11.80,11.35,11.43,229700,10.4
2002-12-17,11.60,12.02,11.48,11.52,4558000,10.5
2002-12-16,11.24,11.78,11.05,11.70,768900,10.7
2002-12-13,10.59,11.49,10.56,11.24,1588800,10.2
2002-12-12,10.49,10.69,10.41,10.60,754100,9.6
2002-12-11,10.43,10.62,10.41,10.51,135500,9.6
2002-12-10,10.45,10.57,10.31,10.46,2325100,9.5
2002-12-09,10.25,10.50,10.25,10.49,387100,9.5
2002-12-06,10.25,10.45,10.21,10.27,567300,9.3
2002-12-05,10.31,10.45,10.23,10.28,226900,9.4
2002-12-04,10.31,10.42,10.22,10.31,296600,9.4
2002-12-03,10.03,10.50,10.03,10.31,300700,9.4
2002-12-02,10.24,10.24,10.24,10.24,000,9.3
2002-11-29,9.92,10.40,9.89,10.24,203200,9.3
2002-11-28,9.70,9.94,9.68,9.92,70300,9.0
2002-11-27,9.75,9.77,9.43,9.76,138800,8.9
2002-11-26,9.86,10.11,9.73,9.74,363600,8.9
2002-11-25,9.82,9.95,9.80,9.87,77700,9.0
2002-11-22,9.75,9.88,9.66,9.81,118000,8.9
2002-11-21,10.00,10.02,9.72,9.73,251800,8.9
2002-11-20,10.51,10.57,9.98,10.01,321600,9.1
2002-11-19,10.46,10.56,10.42,10.51,321800,9.6
2002-11-18,10.50,10.50,10.43,10.46,67400,9.5
2002-11-15,10.55,10.65,10.49,10.52,67500,9.6
2002-11-14,10.90,10.90,10.55,10.55,78900,9.6
2002-11-13,10.65,10.70,10.50,10.67,243500,9.7
2002-11-12,10.88,10.90,10.65,10.67,216300,9.7
2002-11-11,10.98,11.00,10.90,10.90,76800,9.9
2002-11-08,11.30,11.35,10.98,11.01,211800,10.0
2002-11-07,11.28,11.28,11.20,11.23,57500,10.2
2002-11-06,11.33,11.36,11.25,11.28,28100,10.3
2002-11-05,11.02,11.44,11.02,11.33,204000,10.3
2002-11-04,10.80,11.05,10.66,11.00,127400,10.0
2002-11-01,11.16,11.22,10.80,10.80,252600,9.8
2002-10-31,11.05,11.29,11.05,11.14,39100,10.1
2002-10-30,10.98,11.09,10.96,11.06,70400,10.1
2002-10-29,11.06,11.06,10.90,10.98,150500,10.0
2002-10-28,11.10,11.15,11.05,11.08,113100,10.1
2002-10-25,11.62,11.70,11.10,11.16,448400,10.2
2002-10-24,11.65,11.71,11.55,11.62,145200,10.6
2002-10-23,12.14,12.14,11.60,11.64,1175400,10.6
2002-10-22,12.12,12.25,12.12,12.18,118500,11.1
2002-10-21,12.15,12.28,12.15,12.15,53300,11.1
2002-10-18,12.16,12.25,12.15,12.17,113800,11.1
2002-10-17,12.21,12.32,12.18,12.20,151800,11.1
2002-10-16,12.20,12.35,12.20,12.28,59600,11.2
2002-10-15,12.17,12.79,12.15,12.24,200200,11.1
2002-10-14,12.24,12.28,12.19,12.21,79500,11.1
2002-10-11,12.20,12.35,12.20,12.29,559600,11.2
2002-10-10,11.01,12.33,11.01,12.25,420900,11.2
2002-10-09,12.34,12.34,12.20,12.20,420000,11.1
2002-10-08,12.32,12.36,12.32,12.36,124000,11.3
2002-10-07,12.35,12.35,12.35,12.35,000,11.2
2002-10-04,12.35,12.35,12.35,12.35,000,11.2
2002-10-03,12.35,12.35,12.35,12.35,000,11.2
2002-10-02,12.35,12.35,12.35,12.35,000,11.2
2002-10-01,12.35,12.35,12.35,12.35,000,11.2
2002-09-30,12.35,12.35,12.35,12.35,000,11.2
2002-09-27,12.40,12.47,12.34,12.35,193200,11.2
2002-09-26,12.98,12.98,12.35,12.46,546800,11.3
2002-09-25,12.40,12.50,12.29,12.41,182100,11.3
2002-09-24,12.40,12.60,12.36,12.46,263000,11.3
2002-09-23,12.32,12.44,12.32,12.38,249300,11.3
2002-09-20,12.30,12.41,12.30,12.36,406000,11.3
2002-09-19,12.29,12.54,12.28,12.30,376900,11.2
2002-09-18,12.29,12.38,12.27,12.29,241300,11.2
2002-09-17,12.29,12.39,12.25,12.28,97700,11.2
2002-09-16,12.33,12.33,12.27,12.33,61800,11.2
2002-09-13,12.37,12.52,12.33,12.34,261500,11.2
2002-09-12,12.45,12.47,12.31,12.44,248100,11.3
2002-09-11,12.48,12.48,12.25,12.35,221000,11.2
2002-09-10,12.58,12.58,12.30,12.37,164400,11.3
2002-09-09,12.46,12.50,12.39,12.48,73500,11.4
2002-09-06,12.50,12.58,12.45,12.49,165500,11.4
2002-09-05,12.80,12.80,12.52,12.58,124100,11.5
2002-09-04,12.40,12.74,12.40,12.71,69500,11.6
2002-09-03,12.55,12.68,12.55,12.61,137200,11.5
2002-09-02,12.66,12.66,12.43,12.57,91000,11.5
2002-08-30,12.78,12.78,12.55,12.58,139900,11.5
2002-08-29,12.70,12.71,12.54,12.55,93500,11.4
2002-08-28,12.80,13.02,12.66,12.70,293800,11.6
2002-08-27,12.65,12.80,12.62,12.75,146800,11.6
2002-08-26,12.72,12.78,12.60,12.65,300300,11.5
2002-08-23,12.55,12.55,12.55,12.55,000,11.4
2002-08-22,12.35,12.65,12.35,12.55,1031200,11.4
2002-08-21,12.31,12.50,12.24,12.38,287000,11.3
2002-08-20,12.20,12.37,12.20,12.29,140800,11.2
2002-08-19,12.18,12.35,12.18,12.28,197700,11.2
2002-08-16,12.12,12.36,12.12,12.30,146200,11.2
2002-08-15,12.16,12.32,12.14,12.23,65600,11.1
2002-08-14,12.12,12.28,12.12,12.25,141100,11.2
2002-08-13,12.12,12.28,12.12,12.20,73100,11.1
2002-08-12,12.28,12.28,12.10,12.19,49300,11.1
2002-08-09,12.15,12.31,12.15,12.28,38500,11.2
2002-08-08,12.36,12.39,12.16,12.26,40900,11.2
2002-08-07,12.25,12.45,12.25,12.36,29700,11.3
2002-08-06,12.10,12.38,12.10,12.23,55300,11.1
2002-08-05,12.25,12.27,12.04,12.20,68400,11.1
2002-08-02,12.15,12.25,12.01,12.11,229100,11.0
2002-08-01,12.13,12.13,12.13,12.13,000,11.0
2002-07-31,12.28,12.30,12.00,12.13,311600,11.0
2002-07-30,12.11,12.44,12.10,12.28,94800,11.2
2002-07-29,12.20,12.23,12.08,12.10,150900,11.0
2002-07-26,12.30,12.48,12.19,12.21,294400,11.1
2002-07-25,12.49,12.52,12.37,12.40,166300,11.3
2002-07-24,12.37,12.63,12.03,12.49,168300,11.4
2002-07-23,12.59,12.60,12.40,12.50,167100,11.4
2002-07-22,12.62,12.65,12.54,12.60,151300,11.5
2002-07-19,12.56,12.78,12.56,12.70,39900,11.6
2002-07-18,12.70,12.70,12.61,12.70,56900,11.6
2002-07-17,12.50,12.94,12.50,12.65,146000,11.5
2002-07-16,12.66,12.75,12.53,12.65,180400,11.5
2002-07-15,12.81,13.00,12.48,12.65,161900,11.5
2002-07-12,12.55,12.78,12.50,12.67,145000,11.5
2002-07-11,12.50,12.72,12.42,12.70,229300,11.6
2002-07-10,12.78,12.85,12.50,12.60,252500,11.5
2002-07-09,12.89,13.00,12.81,12.86,72400,11.7
2002-07-08,12.79,13.09,12.79,12.89,116700,11.7
2002-07-05,13.00,13.00,12.80,12.89,28500,11.7
2002-07-04,12.91,13.15,12.85,12.97,143100,11.8
2002-07-03,13.00,13.26,12.52,13.04,338300,11.9
2002-07-02,13.03,13.13,12.84,12.95,159500,11.8
2002-07-01,13.17,13.17,13.00,13.02,160700,11.9
2002-06-28,13.29,13.29,13.00,13.17,320800,12.0
2002-06-27,13.20,13.65,13.00,13.30,210700,12.1
2002-06-26,13.08,13.48,12.71,13.29,431300,12.1
2002-06-25,13.98,13.98,13.15,13.34,854200,12.2
2002-06-24,14.28,14.29,13.50,14.20,1225800,12.8
2002-06-21,12.64,13.00,12.64,12.99,162900,11.7
2002-06-20,12.65,12.80,12.60,12.66,31800,11.4
2002-06-19,12.60,12.77,12.60,12.69,36500,11.5
2002-06-18,12.50,12.75,12.50,12.70,42600,11.5
2002-06-17,12.65,12.65,12.32,12.50,31700,11.3
2002-06-14,12.46,12.69,12.41,12.46,24800,11.2
2002-06-13,12.65,12.65,12.55,12.55,29000,11.3
2002-06-12,12.63,12.65,12.41,12.61,56800,11.4
2002-06-11,12.52,12.80,12.50,12.75,19300,11.5
2002-06-10,12.52,12.70,12.52,12.65,17600,11.4
2002-06-07,12.76,12.85,12.56,12.78,72100,11.5
2002-06-06,12.32,12.82,12.30,12.76,100900,11.5
2002-06-05,12.61,12.61,12.30,12.30,109500,11.1
2002-06-04,12.70,12.71,12.58,12.70,66700,11.5
2002-06-03,12.80,12.90,12.65,12.67,59400,11.4
2002-05-31,12.80,12.95,12.74,12.92,39200,11.7
2002-05-30,12.50,13.10,12.50,12.85,544100,11.6
2002-05-29,12.67,12.88,12.66,12.77,85800,11.5
2002-05-28,12.70,12.92,12.70,12.89,30800,11.6
2002-05-27,12.95,12.96,12.75,12.81,84200,11.6
2002-05-24,13.06,13.30,12.91,12.95,58500,11.7
2002-05-23,12.40,13.40,12.40,13.16,46600,11.9
2002-05-22,13.20,13.46,13.01,13.20,87400,11.9
2002-05-21,13.00,13.29,12.90,13.20,161800,11.9
2002-05-20,12.71,12.81,12.68,12.77,92900,11.5
2002-05-17,12.74,13.00,12.68,12.89,244600,11.6
2002-05-16,13.00,13.45,12.60,12.74,382400,11.5
2002-05-15,13.61,13.71,13.50,13.50,249000,12.2
2002-05-14,13.50,13.75,13.39,13.61,120300,12.3
2002-05-13,13.30,13.53,13.30,13.52,406500,12.2
2002-05-10,13.73,13.73,13.35,13.38,241800,12.1
2002-05-09,13.85,14.00,13.60,13.62,219700,12.3
2002-05-08,13.50,13.85,13.50,13.82,278000,12.5
2002-05-07,13.70,13.70,13.70,13.70,000,12.4
2002-05-06,13.70,13.70,13.70,13.70,000,12.4
2002-05-03,13.70,13.70,13.70,13.70,000,12.4
2002-05-02,13.70,13.70,13.70,13.70,000,12.4
2002-05-01,13.70,13.70,13.70,13.70,000,12.4
2002-04-30,13.68,13.75,13.50,13.70,697400,12.4
2002-04-29,13.55,13.70,13.30,13.68,366900,12.4
2002-04-26,13.48,13.48,13.48,13.48,000,12.2
2002-04-25,13.05,13.60,13.05,13.48,798800,12.2
2002-04-24,13.21,13.28,13.10,13.25,378100,12.0
2002-04-23,12.91,13.23,12.91,13.21,780100,11.9
2002-04-22,12.98,13.05,12.76,12.92,248600,11.7
2002-04-19,12.68,12.93,12.67,12.76,238200,11.5
2002-04-18,12.91,12.99,12.75,12.75,50800,11.5
2002-04-17,12.98,13.00,12.73,12.91,200800,11.7
2002-04-16,12.72,13.00,12.72,12.85,295500,11.6
2002-04-15,12.94,13.00,12.68,12.77,190600,11.5
2002-04-12,12.95,13.01,12.89,12.94,161300,11.7
2002-04-11,12.88,13.00,12.88,12.95,152800,11.7
2002-04-10,13.18,13.18,12.92,12.97,494000,11.7
2002-04-09,12.70,13.15,12.57,13.15,488100,11.9
2002-04-08,12.80,12.80,11.91,12.64,120200,11.4
2002-04-05,12.47,12.50,12.33,12.40,189300,11.2
2002-04-04,12.00,12.50,11.90,12.47,296100,11.3
2002-04-03,12.03,12.20,11.90,12.00,118600,10.8
2002-04-02,12.40,12.40,11.81,12.03,207400,10.9
2002-04-01,12.60,12.60,12.30,12.39,93300,11.2
2002-03-29,12.30,12.85,12.30,12.43,177400,11.2
2002-03-28,12.58,12.86,12.51,12.74,69100,11.5
2002-03-27,12.36,12.69,12.31,12.63,216700,11.4
2002-03-26,12.50,12.77,12.30,12.42,254400,11.2
2002-03-25,12.84,12.90,12.70,12.80,200100,11.6
2002-03-22,12.70,13.00,12.70,12.84,271900,11.6
2002-03-21,13.20,13.22,12.95,13.04,282600,11.8
2002-03-20,13.30,13.35,12.99,13.15,329100,11.9
2002-03-19,13.05,13.35,12.95,13.28,866100,12.0
2002-03-18,12.90,13.10,12.73,13.08,666000,11.8
2002-03-15,13.00,13.13,12.70,12.74,283600,11.5
2002-03-14,12.67,13.00,12.66,12.98,546700,11.7
2002-03-13,12.98,12.98,12.70,12.71,234400,11.5
2002-03-12,12.88,13.15,12.60,13.11,1005200,11.8
2002-03-11,12.25,12.99,12.25,12.98,822000,11.7
2002-03-08,12.25,12.30,12.15,12.25,385700,11.1
2002-03-07,12.12,12.20,12.00,12.20,458800,11.0
2002-03-06,12.18,12.37,12.10,12.12,265400,10.9
2002-03-05,11.98,12.27,11.90,12.12,404400,10.9
2002-03-04,11.90,12.09,11.73,11.90,323800,10.7
2002-03-01,12.00,12.05,11.84,11.86,511100,10.7
2002-02-28,11.67,12.07,11.60,12.02,639400,10.9
2002-02-27,11.59,12.00,11.36,11.82,598500,10.7
2002-02-26,11.50,11.73,11.30,11.61,654200,10.5
2002-02-25,11.50,11.78,11.20,11.48,335000,10.4
2002-02-22,11.36,11.36,11.36,11.36,000,10.3
2002-02-21,11.36,11.36,11.36,11.36,000,10.3
2002-02-20,11.36,11.36,11.36,11.36,000,10.3
2002-02-19,11.36,11.36,11.36,11.36,000,10.3
2002-02-18,11.36,11.36,11.36,11.36,000,10.3
2002-02-15,11.36,11.36,11.36,11.36,000,10.3
2002-02-14,11.36,11.36,11.36,11.36,000,10.3
2002-02-13,11.36,11.36,11.36,11.36,000,10.3
2002-02-12,11.36,11.36,11.36,11.36,000,10.3
2002-02-11,11.36,11.36,11.36,11.36,000,10.3
2002-02-08,11.35,11.62,11.32,11.36,613700,10.3
2002-02-07,11.35,11.46,11.11,11.30,373400,10.2
2002-02-06,11.20,11.38,11.01,11.21,301400,10.1
2002-02-05,11.19,11.20,11.00,11.06,144700,10.0
2002-02-04,11.00,11.18,10.75,11.05,248700,10.0
2002-02-01,11.10,11.15,10.86,10.87,233500,9.8
2002-01-31,10.27,10.27,10.27,10.27,000,9.3
2002-01-30,10.70,10.71,10.21,10.27,338100,9.3
2002-01-29,10.18,10.67,10.06,10.54,217600,9.5
2002-01-28,11.00,11.15,10.01,10.01,569200,9.0
2002-01-25,11.00,11.21,10.52,10.91,500200,9.8
2002-01-24,10.70,11.12,10.56,10.90,628800,9.8
2002-01-23,10.10,10.79,9.80,10.50,532000,9.5
2002-01-22,10.00,10.48,10.00,10.22,412400,9.2
2002-01-21,10.49,10.50,9.86,10.19,400900,9.2
2002-01-18,10.50,10.79,10.10,10.49,167200,9.5
2002-01-17,10.74,10.85,10.10,10.39,411000,9.4
2002-01-16,10.50,10.80,10.49,10.75,176100,9.7
2002-01-15,10.70,10.85,10.56,10.57,136700,9.5
2002-01-14,10.98,11.00,10.70,10.80,150200,9.7
2002-01-11,11.34,11.34,11.00,11.08,109900,10.0
2002-01-10,11.21,11.38,10.81,11.27,156500,10.2
2002-01-09,11.70,11.70,11.00,11.21,102700,10.1
2002-01-08,11.80,11.89,11.70,11.71,16600,10.6
2002-01-07,11.62,11.88,11.61,11.80,26000,10.7
2002-01-04,12.00,12.00,11.61,11.75,32700,10.6
2002-01-03,12.12,12.12,12.12,12.12,000,10.9
2002-01-02,12.12,12.12,12.12,12.12,000,10.9
2002-01-01,12.12,12.12,12.12,12.12,000,10.9
