Date,Open,High,Low,Close,Volume,Adj Clos
2009-12-31,18.77,19.70,18.63,19.30,11765400,19.3
2009-12-30,18.92,19.06,18.49,18.63,6041300,18.6
2009-12-29,18.60,19.07,18.55,18.92,11443900,18.9
2009-12-28,18.19,18.75,18.17,18.68,5693400,18.6
2009-12-25,18.27,18.75,18.11,18.18,7034100,18.1
2009-12-23,17.58,18.08,17.41,17.59,7822400,17.5
2009-12-22,17.48,18.10,17.18,17.58,10774300,17.5
2009-12-21,17.73,17.99,17.15,17.27,5738700,17.2
2009-12-18,17.67,18.10,17.10,17.73,6801500,17.7
2009-12-17,18.32,18.77,17.49,17.59,10041300,17.5
2009-12-16,18.95,19.38,18.31,18.59,9370100,18.5
2009-12-15,18.74,19.31,18.50,19.09,14210200,19.0
2009-12-14,18.26,18.80,18.20,18.74,6167000,18.7
2009-12-11,18.48,19.02,18.35,18.43,8325200,18.4
2009-12-10,17.95,18.58,17.95,18.48,7916000,18.4
2009-12-09,18.22,18.22,17.86,17.91,4685000,17.9
2009-12-08,18.34,18.46,17.95,18.28,4874800,18.2
2009-12-07,18.40,18.60,18.18,18.46,4589100,18.4
2009-12-04,18.99,19.19,17.82,18.28,9485300,18.2
2009-12-03,19.05,19.11,18.62,18.99,9646900,18.9
2009-12-02,19.20,19.42,18.70,19.16,12696600,19.1
2009-12-01,18.10,19.28,18.00,19.16,17524100,19.1
2009-11-30,17.10,18.59,17.10,18.05,11674000,18.0
2009-11-27,17.70,18.16,16.78,16.91,13516100,16.9
2009-11-26,17.68,18.30,17.68,17.88,21656900,17.8
2009-11-25,17.20,18.09,16.96,17.90,14881500,17.9
2009-11-24,18.10,18.36,17.00,17.07,25925100,17.0
2009-11-23,18.00,18.66,18.00,18.08,15382200,18.0
2009-11-20,17.40,18.80,17.30,18.00,18091000,18.0
2009-11-19,16.82,17.95,16.78,17.49,25881300,17.4
2009-11-18,16.53,17.10,16.41,16.80,12373600,16.8
2009-11-17,16.69,16.69,16.24,16.65,17859100,16.6
2009-11-16,15.76,16.72,15.60,16.40,27430300,16.4
2009-11-13,15.60,15.80,15.24,15.73,17960100,15.7
2009-11-12,15.95,16.24,15.70,15.75,20553900,15.7
2009-11-11,15.80,16.35,15.66,15.95,34444500,15.9
2009-11-10,15.94,16.06,15.66,15.85,18399600,15.8
2009-11-09,16.05,16.09,15.40,15.92,40450800,15.9
2009-11-06,14.69,15.95,14.63,15.95,74797600,15.9
2009-11-05,14.36,14.75,14.32,14.50,27463500,14.5
2009-11-04,14.54,14.55,14.11,14.20,22492500,14.2
2009-11-03,14.23,14.55,14.12,14.53,20456300,14.5
2009-11-02,13.75,14.28,13.60,14.24,10293300,14.2
2009-10-30,14.10,14.19,13.90,13.98,9722200,13.9
2009-10-29,14.01,14.07,13.80,13.94,5114700,13.9
2009-10-28,14.13,14.32,14.10,14.20,9238400,14.2
2009-10-27,14.71,14.71,14.05,14.14,10776900,14.1
2009-10-26,14.86,15.12,14.55,14.75,12260800,14.7
2009-10-23,14.58,15.02,14.58,14.80,11611300,14.8
2009-10-22,14.77,14.85,14.43,14.58,7425100,14.5
2009-10-21,15.05,15.06,14.70,14.74,9438300,14.7
2009-10-20,14.85,15.19,14.73,15.09,12479600,15.0
2009-10-19,14.44,14.88,14.35,14.80,14231400,14.8
2009-10-16,14.53,14.62,14.18,14.48,6060500,14.4
2009-10-15,14.61,14.66,14.40,14.49,10351700,14.4
2009-10-14,14.80,14.83,14.43,14.49,15126200,14.4
2009-10-13,14.85,14.85,14.29,14.66,13594800,14.6
2009-10-12,14.45,15.15,12.93,15.10,16259500,15.1
2009-10-09,13.95,14.38,13.87,14.33,4367000,14.3
2009-09-30,13.66,13.97,13.40,13.78,7436400,13.7
2009-09-29,12.94,13.62,12.94,13.33,7326900,13.3
2009-09-28,13.45,13.45,12.92,12.93,3847800,12.9
2009-09-25,13.40,13.52,13.21,13.30,2645500,13.3
2009-09-24,13.36,13.72,12.96,13.53,5050800,13.5
2009-09-23,14.00,14.19,13.10,13.38,8700300,13.3
2009-09-22,14.21,14.38,14.00,14.01,5626200,14.0
2009-09-21,14.51,14.74,13.79,14.19,7936400,14.1
2009-09-18,15.25,15.27,14.45,14.51,5527200,14.5
2009-09-17,15.05,15.25,14.84,15.16,7944700,15.1
2009-09-16,14.86,15.23,14.85,15.00,6920400,15.0
2009-09-15,15.05,15.07,14.67,14.86,5233100,14.8
2009-09-14,15.00,15.25,14.88,15.00,8120900,15.0
2009-09-11,15.11,15.25,14.78,15.10,9378900,15.1
2009-09-10,14.95,15.45,14.61,15.11,10290000,15.1
2009-09-09,14.21,14.97,14.21,14.81,14907600,14.8
2009-09-08,13.90,14.45,13.79,14.24,11062800,14.2
2009-09-07,13.62,13.99,13.51,13.78,8118100,13.7
2009-09-04,13.60,13.90,13.45,13.62,6716600,13.6
2009-09-03,13.10,13.61,13.03,13.44,10116000,13.4
2009-09-02,12.59,13.09,12.50,13.03,8910400,13.0
2009-09-01,12.60,12.78,12.42,12.54,5813400,12.5
2009-08-31,13.80,13.90,12.56,12.61,17238800,12.6
2009-08-28,14.80,14.97,13.92,13.95,8603500,13.9
2009-08-27,14.78,15.30,14.58,14.85,8902100,14.8
2009-08-26,14.31,15.10,14.31,14.77,6024300,14.7
2009-08-25,15.08,15.09,14.08,14.31,14617500,14.3
2009-08-21,14.00,14.80,13.90,14.60,10447600,14.6
2009-08-20,13.41,14.19,13.23,13.98,4239200,13.9
2009-08-19,13.90,14.10,13.06,13.41,4687600,13.4
2009-08-18,13.68,14.18,13.49,14.06,8539600,14.0
2009-08-17,14.50,14.64,13.62,13.68,4167500,13.6
2009-08-14,15.35,15.55,14.40,14.89,8164700,14.8
2009-08-13,15.27,15.65,14.79,15.50,6862400,15.5
2009-08-12,15.65,16.22,15.15,15.22,10864600,15.2
2009-08-11,15.30,15.90,14.93,15.69,6569000,15.6
2009-08-10,15.65,15.75,14.98,15.20,8786100,15.2
2009-08-07,16.12,16.48,15.37,15.42,5604900,15.4
2009-08-06,16.60,16.69,15.96,16.10,15060400,16.1
2009-08-05,16.40,17.23,16.20,16.72,20491700,16.7
2009-08-04,16.40,16.61,15.80,16.40,15615600,16.4
2009-08-03,15.60,16.52,15.60,16.21,19433700,16.2
2009-07-31,14.90,15.95,14.81,15.60,15380000,15.6
2009-07-30,15.19,15.33,14.30,14.79,10158800,14.7
2009-07-29,15.71,15.88,14.21,15.00,16930500,15.0
2009-07-28,16.16,16.16,15.50,15.70,15934400,15.7
2009-07-27,16.13,16.44,15.98,16.16,10805900,16.1
2009-07-24,16.65,16.65,15.65,16.21,14912900,16.2
2009-07-23,16.37,16.70,15.99,16.27,13156500,16.2
2009-07-22,16.59,16.85,16.00,16.41,17708400,16.4
2009-07-21,16.35,16.85,15.77,16.60,21413100,16.6
2009-07-20,15.66,16.41,15.52,16.36,22298100,16.3
2009-07-17,15.82,16.06,15.30,15.60,16736800,15.6
2009-07-16,16.30,16.75,15.75,15.78,21305700,15.7
2009-07-15,15.95,16.90,15.95,16.25,29166300,16.2
2009-07-14,15.26,16.05,15.20,15.88,37173900,15.8
2009-07-13,15.20,15.52,15.10,15.20,26921800,15.2
2009-07-09,14.75,15.33,14.59,15.17,46526200,15.1
2009-07-08,14.40,15.06,14.15,14.71,23803800,14.7
2009-07-07,14.15,14.57,13.92,14.46,21500000,14.4
2009-07-06,13.82,14.25,13.82,14.14,15270400,14.1
2009-07-03,14.00,14.20,13.67,13.98,15371800,13.9
2009-07-02,14.35,14.58,13.99,14.09,16815300,13.9
2009-07-01,13.83,14.38,13.83,14.30,22489500,14.2
2009-06-30,13.79,14.15,13.70,13.80,14292800,13.7
2009-06-29,13.60,13.97,13.50,13.77,9862000,13.6
2009-06-26,13.99,13.99,13.61,13.67,6278100,13.5
2009-06-25,13.84,14.15,13.76,13.89,25225700,13.7
2009-06-23,13.45,13.45,13.20,13.42,8912700,13.3
2009-06-22,13.89,13.95,13.40,13.49,8030400,13.3
2009-06-19,13.77,13.96,13.55,13.78,10271800,13.6
2009-06-18,13.42,13.85,13.39,13.72,17425600,13.6
2009-06-17,13.19,13.35,13.13,13.34,6374200,13.2
2009-06-16,13.20,13.42,13.15,13.21,5638100,13.1
2009-06-15,13.35,13.48,13.08,13.28,7017500,13.1
2009-06-12,13.41,13.66,13.30,13.35,6882700,13.2
2009-06-11,13.83,13.83,13.45,13.55,11177700,13.4
2009-06-10,13.48,14.05,13.48,13.88,15954700,13.7
2009-06-09,13.36,13.60,13.30,13.48,6355700,13.3
2009-06-08,13.81,13.85,13.30,13.36,16158800,13.2
2009-06-05,14.32,14.32,13.70,13.81,13469000,13.7
2009-06-04,13.88,14.50,13.45,14.32,22686000,14.2
2009-06-03,13.95,14.24,13.78,13.87,8016200,13.7
2009-06-02,14.26,14.26,13.86,13.88,10345100,13.7
2009-06-01,13.72,14.25,13.62,14.15,11764300,14.0
2009-05-27,13.61,13.89,13.48,13.60,9428500,13.5
2009-05-26,14.12,14.12,13.50,13.58,16458400,13.4
2009-05-25,14.58,14.58,13.73,14.22,14098100,14.1
2009-05-22,14.72,14.89,14.66,14.78,3244500,14.6
2009-05-21,14.67,14.81,14.58,14.80,5439900,14.6
2009-05-20,14.92,15.20,14.49,14.70,15550100,14.6
2009-05-19,15.14,15.34,14.80,14.90,13834900,14.7
2009-05-18,15.38,15.40,15.00,15.14,6388500,15.0
2009-05-15,15.25,15.88,15.08,15.38,8044600,15.2
2009-05-14,15.11,15.39,15.00,15.25,3243800,15.1
2009-05-13,15.38,15.44,14.95,15.22,4158700,15.1
2009-05-12,15.00,15.39,14.70,15.36,12791100,15.2
2009-05-11,15.89,15.89,15.00,15.08,10978500,14.9
2009-05-07,16.67,16.89,15.96,15.97,6626700,15.8
2009-05-06,16.84,16.84,16.35,16.67,5908000,16.5
2009-05-05,16.71,16.92,16.45,16.90,6383500,16.7
2009-05-04,16.40,16.85,16.20,16.71,8206700,16.5
2009-04-30,15.63,16.60,15.62,16.41,15876200,16.2
2009-04-29,14.80,15.35,14.76,15.30,3270000,15.1
2009-04-28,14.84,15.19,14.62,14.90,2006400,14.7
2009-04-27,15.39,15.59,14.82,14.90,6320900,14.7
2009-04-24,14.93,15.65,14.80,15.50,11610400,15.3
2009-04-23,14.23,15.03,14.16,14.92,8423800,14.8
2009-04-22,14.90,15.21,14.55,14.60,8335300,14.5
2009-04-21,15.29,15.30,14.70,14.95,8098200,14.8
2009-04-20,15.18,15.57,15.00,15.31,4866000,15.2
2009-04-17,15.50,15.50,14.80,15.18,8058600,15.0
2009-04-16,16.00,16.10,15.39,15.52,9205800,15.4
2009-04-15,15.98,16.10,15.60,16.00,13985400,15.8
2009-04-14,15.72,16.38,15.70,15.98,13173600,15.8
2009-04-13,15.29,16.20,15.28,15.72,22496500,15.6
2009-04-10,14.60,15.25,14.60,15.17,32759200,15.0
2009-04-09,13.80,14.40,13.72,14.35,13330700,14.2
2009-04-08,13.90,14.15,13.66,13.80,9711400,13.7
2009-04-07,14.18,14.30,13.82,13.90,8936200,13.8
2009-04-03,14.70,14.73,14.10,14.16,11102200,14.0
2009-04-02,14.18,14.70,14.00,14.59,18246100,14.4
2009-04-01,14.05,14.29,13.88,14.10,12286600,14.0
2009-03-31,13.74,13.85,13.50,13.85,9534200,13.7
2009-03-30,14.00,14.19,13.77,13.85,10301000,13.7
2009-03-27,14.20,14.21,13.80,13.97,12923500,13.8
2009-03-26,14.09,14.30,13.62,14.20,15559500,14.1
2009-03-25,14.70,14.75,14.13,14.15,16251300,14.0
2009-03-24,14.47,15.35,14.47,14.92,21603000,14.8
2009-03-23,14.31,14.65,13.85,14.48,22280600,14.3
2009-03-20,15.10,15.13,14.17,14.35,14785000,14.2
2009-03-19,15.08,15.28,14.90,15.10,7978700,14.9
2009-03-18,15.01,15.36,14.68,15.08,9786400,14.9
2009-03-17,14.38,14.99,14.35,14.95,6731500,14.8
2009-03-16,14.15,14.35,13.86,14.19,2629800,14.0
2009-03-13,14.50,14.70,14.13,14.15,3041500,14.0
2009-03-12,14.36,14.75,13.88,14.50,3979100,14.4
2009-03-11,14.86,15.00,14.35,14.38,4121900,14.2
2009-03-10,13.98,14.72,13.80,14.66,4337600,14.5
2009-03-09,15.00,15.17,14.00,14.30,8404000,14.2
2009-03-06,15.20,15.77,14.70,15.01,8841400,14.9
2009-03-05,16.02,16.10,15.17,15.50,18762000,15.3
2009-03-03,14.95,15.83,14.70,15.01,20300600,14.9
2009-03-02,13.40,14.94,13.26,14.94,10598100,14.8
2009-02-27,13.11,13.60,12.89,13.58,11022600,13.4
2009-02-26,14.28,14.59,13.18,13.58,12032400,13.4
2009-02-25,14.65,14.96,13.81,14.27,8464100,14.1
2009-02-24,14.88,15.17,14.30,14.54,12043900,14.4
2009-02-23,14.23,15.23,14.00,14.91,15011400,14.8
2009-02-20,14.18,14.83,14.00,14.26,23715300,14.1
2009-02-19,12.50,13.97,12.12,13.97,35318400,13.8
2009-02-13,12.24,12.80,11.94,12.70,21053300,12.6
2009-02-12,12.45,12.58,11.63,12.22,17330900,12.1
2009-02-11,11.78,13.00,11.60,12.50,38461400,12.4
2009-02-10,12.14,12.14,11.75,11.92,18012400,11.8
2009-02-09,11.99,12.20,11.76,12.18,14146800,12.0
2009-02-06,11.80,11.97,11.65,11.93,14745000,11.8
2009-02-05,12.15,12.30,11.70,11.77,9284200,11.6
2009-02-04,12.10,12.50,12.05,12.20,7122900,12.1
2009-02-03,11.88,12.25,11.80,12.16,5787300,12.0
2009-02-02,11.85,12.28,11.53,11.96,5549400,11.8
2009-01-23,11.93,11.93,11.36,11.77,7764100,11.6
2009-01-22,11.36,11.85,11.36,11.79,10044800,11.7
2009-01-21,11.10,11.43,10.88,11.37,7954500,11.2
2009-01-20,11.18,11.20,10.88,11.08,4756900,11.0
2009-01-19,11.38,11.80,10.90,11.18,8658700,11.1
2009-01-16,11.22,11.72,11.22,11.34,10929200,11.2
2009-01-15,10.97,11.80,10.82,11.30,11046500,11.2
2009-01-14,10.38,11.20,10.38,11.08,9622300,11.0
2009-01-13,10.60,10.80,10.32,10.38,5248300,10.3
2009-01-12,10.88,11.18,10.60,10.82,7922500,10.7
2009-01-09,10.90,11.30,10.90,10.99,6361500,10.9
2009-01-08,11.01,11.14,10.80,10.98,6208200,10.9
2009-01-07,11.30,11.60,11.05,11.14,8374000,11.0
2009-01-06,11.00,11.61,10.90,11.35,19885400,11.2
2009-01-05,10.03,10.89,10.03,10.89,26608700,10.8
