Date,Open,High,Low,Close,Volume,Adj Clos
2007-12-28,59.48,59.88,57.96,59.00,881100,55.5
2007-12-27,57.11,59.24,57.11,58.92,923000,55.4
2007-12-26,56.43,57.80,56.36,56.70,1009000,53.3
2007-12-25,57.88,57.88,56.16,56.40,634300,53.0
2007-12-24,56.76,58.30,56.50,57.18,626300,53.8
2007-12-21,56.02,57.98,55.80,56.21,650300,52.9
2007-12-20,55.50,56.28,54.51,55.30,452300,52.0
2007-12-19,53.50,55.60,53.02,55.38,1176000,52.1
2007-12-18,52.79,53.58,52.30,52.77,237300,49.6
2007-12-17,53.00,53.97,52.52,52.79,577200,49.6
2007-12-14,51.00,53.00,50.51,52.75,512300,49.6
2007-12-13,52.18,53.65,51.42,51.51,671500,48.4
2007-12-12,51.55,53.00,51.05,51.60,597100,48.5
2007-12-11,51.75,53.11,51.75,52.20,1719000,49.1
2007-12-10,48.81,51.60,48.81,51.48,1012300,48.4
2007-12-07,48.26,49.93,47.85,49.28,454600,46.3
2007-12-06,47.30,47.93,47.00,47.87,170000,45.0
2007-12-05,45.98,47.18,45.98,47.10,332600,44.3
2007-12-04,46.30,47.00,46.00,46.04,136600,43.3
2007-12-03,46.88,46.88,45.52,46.25,385300,43.5
2007-11-30,47.48,47.60,46.30,46.88,133500,44.1
2007-11-29,46.87,47.10,46.35,47.10,288900,44.3
2007-11-28,46.01,47.27,45.82,46.11,259900,43.4
2007-11-27,47.50,47.50,45.64,46.01,270600,43.3
2007-11-26,48.98,49.00,48.00,48.00,250500,45.1
2007-11-23,47.15,48.20,46.50,47.78,289300,44.9
2007-11-22,49.48,49.48,47.08,47.16,609000,44.3
2007-11-21,50.10,50.46,48.71,49.89,509400,46.9
2007-11-20,48.93,50.85,48.68,49.90,884500,46.9
2007-11-19,47.20,49.80,47.20,49.13,709700,46.2
2007-11-16,46.10,47.50,45.70,46.99,384600,44.2
2007-11-15,47.05,48.50,45.54,45.90,620400,43.2
2007-11-14,43.87,47.96,43.87,47.00,986100,44.2
2007-11-13,42.47,44.15,42.47,43.60,410700,41.0
2007-11-12,41.58,42.45,41.00,42.20,474300,39.7
2007-11-09,42.40,42.47,41.40,41.65,262100,39.2
2007-11-08,42.50,42.77,42.01,42.48,489100,39.9
2007-11-07,42.50,42.60,41.95,42.44,253000,39.9
2007-11-06,41.99,42.80,41.80,42.10,286700,39.6
2007-11-05,41.90,42.54,41.10,42.00,343200,39.5
2007-11-02,40.78,42.80,40.61,41.35,417700,38.9
2007-11-01,42.70,42.70,40.55,40.96,598100,38.5
2007-10-31,41.90,43.16,41.41,42.43,553700,39.9
2007-10-30,40.85,41.80,40.25,41.70,463800,39.2
2007-10-29,42.00,42.68,39.28,40.10,653700,37.7
2007-10-26,42.00,43.50,40.00,41.60,911900,39.1
2007-10-25,47.50,47.50,42.80,42.88,891700,40.3
2007-10-24,46.09,48.54,46.09,47.49,775300,44.7
2007-10-23,45.48,46.99,45.32,46.50,438600,43.7
2007-10-22,45.88,46.49,45.01,45.46,468300,42.7
2007-10-19,46.60,47.05,45.70,46.00,535700,43.2
2007-10-18,45.97,47.48,45.97,46.30,647700,43.5
2007-10-17,44.81,47.00,44.80,46.65,1045400,43.9
2007-10-16,45.98,46.20,44.00,44.80,1328700,42.1
2007-10-15,46.97,48.40,45.00,45.00,2393900,42.3
2007-10-12,48.59,48.70,45.61,46.97,1567500,44.2
2007-10-11,45.16,48.60,45.15,47.92,1062600,45.1
2007-10-10,46.50,46.65,44.72,45.15,1027200,42.4
2007-10-09,44.01,47.16,44.01,45.80,1145200,43.1
2007-10-08,46.93,46.93,45.16,46.10,1056300,43.3
2007-09-28,47.01,47.21,46.06,46.32,602200,43.5
2007-09-27,45.50,46.78,44.70,46.60,646300,43.8
2007-09-26,45.14,45.60,44.40,45.45,382300,42.7
2007-09-25,43.23,45.68,43.23,45.05,720500,42.4
2007-09-24,43.38,44.12,42.50,43.23,602900,40.6
2007-09-21,45.21,45.21,42.97,43.46,1183400,40.9
2007-09-20,46.98,46.98,44.73,44.95,985500,42.3
2007-09-19,45.60,46.98,44.58,44.99,987700,42.3
2007-09-18,45.06,48.00,45.02,45.02,989600,42.3
2007-09-17,72.50,73.55,70.50,72.00,830400,67.4
2007-09-14,74.01,74.15,71.81,72.30,847200,67.7
2007-09-13,72.98,74.60,72.10,73.80,478900,69.1
2007-09-12,74.30,76.00,72.00,72.46,597300,67.9
2007-09-11,77.10,79.43,74.50,74.50,747600,69.8
2007-09-10,75.80,77.19,74.11,76.48,440100,71.6
2007-09-07,79.02,79.71,76.98,76.98,695800,72.1
2007-09-06,77.90,79.50,77.76,78.93,820300,73.9
2007-09-05,76.50,78.21,76.11,77.90,475200,73.0
2007-09-04,79.68,79.68,76.00,76.89,534000,72.0
2007-09-03,76.60,76.60,75.00,75.79,449100,71.0
2007-08-30,74.60,76.08,73.80,75.20,378200,70.4
2007-08-29,75.99,75.99,73.10,73.80,638900,69.1
2007-08-28,76.58,76.58,74.75,75.67,569800,70.9
2007-08-27,78.55,79.55,76.40,76.58,482500,71.7
2007-08-24,77.79,79.97,77.79,78.55,471900,73.6
2007-08-23,80.00,80.00,76.50,77.75,914500,72.8
2007-08-22,76.10,80.60,76.06,79.48,917000,74.4
2007-08-21,77.95,77.95,75.92,77.16,1014800,72.3
2007-08-20,73.02,78.68,73.02,77.00,777100,72.1
2007-08-17,76.71,77.80,76.00,77.00,578200,72.1
2007-08-16,77.50,78.94,75.00,76.71,644200,71.8
2007-08-15,80.50,81.97,76.38,77.50,843900,72.6
2007-08-14,80.50,82.80,76.00,79.50,1059500,74.5
2007-08-10,84.50,90.00,84.50,87.30,662600,81.8
2007-08-09,79.01,85.17,79.01,84.90,667500,79.5
2007-08-08,80.00,80.94,78.19,79.15,387400,74.1
2007-08-07,75.80,82.48,75.80,80.40,598500,75.3
2007-08-06,76.95,78.20,74.61,75.80,620000,71.0
2007-08-03,78.50,80.25,76.70,76.99,827300,72.1
2007-08-02,75.57,79.70,75.57,78.50,1160300,73.5
2007-08-01,70.67,76.19,69.25,74.98,1307300,70.2
2007-07-31,69.00,69.84,68.01,69.26,330500,64.9
2007-07-26,67.47,67.69,66.25,67.00,726900,62.7
2007-07-25,69.10,69.10,66.00,67.48,520000,63.2
2007-07-24,70.00,70.30,67.88,68.80,281600,64.4
2007-07-23,67.00,69.40,67.00,69.10,325900,64.7
2007-07-20,65.90,67.99,65.86,67.00,460800,62.7
2007-07-19,63.00,67.10,62.61,66.00,497600,61.8
2007-07-18,63.00,63.46,62.45,63.01,198600,59.0
2007-07-17,61.11,63.10,61.10,63.07,282300,59.1
2007-07-13,61.00,63.50,59.20,62.49,766800,58.5
2007-07-12,62.00,62.46,60.80,61.00,308900,57.1
2007-07-11,63.88,64.80,61.08,62.39,288000,58.4
2007-07-10,64.11,65.14,62.60,63.19,171800,59.2
2007-07-09,61.10,65.49,61.10,63.88,750200,59.8
2007-07-06,58.90,61.30,58.60,60.85,409800,57.0
2007-07-05,62.50,62.80,58.83,58.90,223400,55.2
2007-07-04,62.30,63.60,62.08,62.50,85200,58.5
2007-07-03,62.00,63.00,62.00,62.86,125900,58.9
2007-07-02,62.88,63.88,60.20,62.00,206200,58.1
2007-06-29,63.80,64.80,61.51,62.88,460800,58.9
2007-06-28,64.61,67.48,64.61,65.00,343600,60.9
2007-06-27,64.00,66.50,63.18,64.51,398900,60.4
2007-06-26,62.20,64.59,62.00,64.10,184700,60.0
2007-06-25,64.48,64.50,61.80,63.03,255700,59.0
2007-06-22,66.60,67.89,63.20,63.50,294700,59.5
2007-06-21,68.55,69.00,66.06,66.36,347000,62.1
2007-06-20,68.18,69.80,66.72,68.50,324900,64.2
2007-06-19,71.90,71.90,67.88,68.51,532200,64.2
2007-06-18,72.00,72.00,70.10,71.70,1033800,67.2
2007-06-15,71.00,73.68,69.00,70.80,638300,66.3
2007-06-14,72.00,72.00,69.30,71.88,1153100,67.3
2007-06-13,63.50,69.00,63.50,68.75,776700,64.4
2007-06-12,63.17,63.97,61.50,63.50,562100,59.5
2007-06-11,60.50,63.50,60.50,62.50,546900,58.5
2007-06-08,61.78,61.78,60.00,60.48,341500,56.6
2007-06-07,56.95,61.00,56.00,61.00,492600,57.1
2007-06-06,57.00,58.50,56.01,57.00,696500,53.4
2007-06-05,56.98,57.20,55.00,56.00,1371800,52.4
2007-06-04,59.30,60.89,56.00,57.20,655200,53.6
2007-05-31,55.26,59.50,54.00,58.55,731800,54.8
2007-05-30,54.13,57.50,54.13,55.13,838200,51.6
2007-05-29,57.21,58.70,56.50,58.10,405700,54.4
2007-05-28,56.10,57.85,55.66,56.25,756400,52.7
2007-05-25,57.00,57.50,55.80,55.90,324300,52.3
2007-05-24,56.94,57.90,56.07,57.20,369700,53.6
2007-05-23,54.00,57.20,53.01,56.94,693500,53.3
2007-05-22,53.41,54.20,51.30,52.65,544000,49.3
2007-05-21,49.90,55.50,49.87,53.30,539300,49.9
2007-05-18,50.98,50.98,50.06,50.52,255200,47.3
2007-05-17,52.00,52.00,50.00,51.00,531600,47.8
2007-05-16,49.80,52.30,49.31,51.98,988100,48.7
2007-05-15,51.00,52.00,49.59,49.99,648400,46.8
2007-05-14,51.59,52.00,49.50,50.95,1078100,47.7
2007-05-10,52.60,52.60,51.65,51.78,366200,48.5
2007-05-09,53.65,53.65,51.55,52.50,519800,49.2
2007-05-08,54.50,54.78,53.10,53.60,790700,50.2
2007-04-30,52.00,54.00,52.00,52.99,780300,49.6
2007-04-27,53.10,54.00,51.51,51.95,258400,48.6
2007-04-26,51.85,54.00,51.23,53.55,347700,50.1
2007-04-24,53.00,53.98,50.20,53.21,776600,49.8
2007-04-23,54.10,54.44,52.10,52.70,1052000,49.3
2007-04-20,51.70,54.08,51.70,53.14,232800,49.8
2007-04-19,54.80,55.00,50.80,51.68,437400,48.4
2007-04-18,55.50,55.99,54.50,55.00,187400,51.5
2007-04-17,55.60,55.60,54.00,54.88,343200,51.4
2007-04-16,55.00,56.00,53.00,55.57,479900,52.0
2007-04-13,50.05,53.60,50.05,53.00,908700,49.6
2007-04-12,50.01,50.80,48.80,49.45,515900,46.3
2007-04-11,51.78,51.78,49.20,50.17,579700,47.0
2007-04-10,48.00,51.98,47.50,51.10,1315100,47.8
2007-04-09,46.39,48.10,46.39,47.84,541600,44.8
2007-04-06,45.00,46.48,44.56,46.39,616700,43.4
2007-04-05,45.29,45.30,44.45,44.96,571000,42.1
2007-04-04,45.33,45.51,44.00,45.31,328500,42.4
2007-04-03,45.97,45.97,45.16,45.33,135600,42.4
2007-04-02,45.99,46.28,45.00,45.78,161500,42.9
2007-03-30,45.01,45.75,43.50,45.67,165800,42.8
2007-03-29,46.80,46.80,45.00,45.34,260400,42.4
2007-03-28,48.35,48.35,45.20,46.80,104900,43.8
2007-03-27,48.45,48.49,47.20,47.79,131900,44.7
2007-03-26,48.93,48.93,47.70,48.25,84900,45.2
2007-03-23,46.90,48.40,46.90,48.10,347600,45.0
2007-03-22,45.66,47.50,45.25,47.01,264800,44.0
2007-03-21,45.98,46.00,45.51,45.60,272600,42.7
2007-03-20,45.88,46.27,45.62,45.97,257800,43.0
2007-03-19,44.55,46.30,43.68,45.92,289100,43.0
2007-03-16,46.15,46.45,45.01,45.30,188100,42.4
2007-03-15,46.10,46.48,45.60,46.11,139600,43.2
2007-03-14,45.20,46.20,45.00,46.10,263200,43.2
2007-03-13,45.90,46.00,45.11,45.50,388300,42.6
2007-03-12,46.88,47.20,45.00,45.50,351600,42.6
2007-03-09,46.45,46.80,45.82,46.60,373900,43.6
2007-03-08,46.20,46.20,45.50,45.82,263900,42.9
2007-03-07,44.80,46.25,44.40,46.20,232200,43.3
2007-03-06,43.90,44.80,43.90,44.40,150800,41.6
2007-03-05,45.90,46.30,43.50,43.90,1263500,41.1
2007-03-02,46.00,46.47,45.00,46.00,219200,43.1
2007-03-01,47.99,47.99,45.60,46.10,202200,43.2
2007-02-28,46.00,47.80,46.00,47.27,781800,44.3
2007-02-27,49.99,50.30,45.70,45.79,560500,42.9
2007-02-26,47.85,49.64,47.85,49.29,298200,46.2
2007-02-16,49.40,49.97,47.58,47.70,269600,44.7
2007-02-15,46.98,49.50,45.62,49.01,834300,45.9
2007-02-14,45.20,46.30,44.70,46.10,431100,43.2
2007-02-13,43.80,45.40,43.80,45.01,328300,42.1
2007-02-12,43.00,44.74,43.00,44.20,274800,41.4
2007-02-09,42.56,44.88,42.51,43.00,818000,40.3
2007-02-08,41.79,43.80,41.55,42.55,865500,39.8
2007-02-07,44.38,45.77,43.00,43.09,972000,40.3
2007-02-06,44.80,45.45,43.00,44.40,1729200,41.6
2007-02-05,46.90,47.00,44.01,45.23,1446100,42.3
2007-02-02,44.30,47.00,44.20,46.50,831900,43.5
2007-02-01,43.95,44.50,43.50,44.10,1947300,41.3
2007-01-31,43.65,45.70,43.40,43.94,1043500,41.1
2007-01-30,42.99,44.08,42.15,43.40,1022000,40.6
2007-01-26,39.00,40.70,38.06,40.58,1117600,38.0
2007-01-25,41.00,41.10,38.52,40.00,2177500,37.4
2007-01-24,40.43,41.77,40.30,41.35,1039100,38.7
2007-01-23,41.80,42.30,39.38,40.10,1119600,37.5
2007-01-22,39.32,42.78,39.32,41.88,931800,39.2
2007-01-19,39.20,41.10,39.00,39.47,774500,36.9
2007-01-18,39.98,40.10,38.50,39.15,645300,36.6
2007-01-17,37.73,41.50,37.73,40.00,1274300,37.4
2007-01-16,36.50,37.97,35.90,37.90,527500,35.5
2007-01-15,34.30,36.18,34.30,36.18,814100,33.9
2007-01-12,34.21,35.48,34.15,34.30,593200,32.1
2007-01-11,34.97,35.80,34.10,34.80,1371400,32.6
2007-01-10,33.40,35.00,33.00,34.98,1225000,32.7
2007-01-09,31.80,33.60,31.61,33.28,1724700,31.1
2007-01-08,32.30,32.60,31.01,31.60,738400,29.6
2007-01-05,30.00,32.49,29.75,31.85,598200,29.8
2007-01-04,31.00,31.50,30.00,30.18,864900,28.2
