Date,Open,High,Low,Close,Volume,Adj Clos
2011-12-30,5.87,5.99,5.82,5.88,3401600,5.8
2011-12-29,5.97,6.02,5.83,5.87,3315500,5.8
2011-12-28,5.85,6.05,5.73,6.02,6157800,6.0
2011-12-27,5.88,5.96,5.81,5.87,3553200,5.8
2011-12-26,6.04,6.08,5.88,5.91,4634700,5.9
2011-12-23,5.95,6.28,5.91,6.09,18983600,6.0
2011-12-22,5.72,6.10,5.45,6.02,11718400,6.0
2011-12-21,5.65,5.97,5.63,5.71,10945300,5.7
2011-12-20,5.63,5.75,5.57,5.64,2732100,5.6
2011-12-19,5.41,5.72,5.39,5.70,3083000,5.7
2011-12-16,5.16,5.48,5.16,5.46,2411800,5.4
2011-12-15,5.26,5.26,5.07,5.16,1317500,5.1
2011-12-14,5.31,5.37,5.16,5.25,1282600,5.2
2011-12-13,5.54,5.54,5.27,5.32,2002500,5.3
2011-12-12,5.58,5.62,5.49,5.51,1690600,5.5
2011-12-09,5.39,5.58,5.39,5.56,2316000,5.5
2011-12-08,5.40,5.49,5.35,5.44,1240700,5.4
2011-12-07,5.32,5.50,5.32,5.44,1862200,5.4
2011-12-06,5.30,5.39,5.24,5.32,955500,5.3
2011-12-05,5.34,5.40,5.26,5.30,1142800,5.3
2011-12-02,5.41,5.45,5.30,5.34,1062700,5.3
2011-12-01,5.45,5.53,5.39,5.42,1642600,5.4
2011-11-30,5.51,5.57,5.23,5.29,1906600,5.2
2011-11-29,5.49,5.58,5.48,5.57,1333700,5.5
2011-11-28,5.40,5.49,5.40,5.45,803000,5.4
2011-11-25,5.45,5.52,5.39,5.40,912800,5.4
2011-11-24,5.52,5.52,5.41,5.47,1182900,5.4
2011-11-23,5.62,5.68,5.52,5.54,1219700,5.5
2011-11-22,5.50,5.64,5.49,5.64,1363300,5.6
2011-11-21,5.53,5.61,5.50,5.57,1072600,5.5
2011-11-18,5.70,5.74,5.51,5.53,2501700,5.5
2011-11-17,5.78,5.81,5.72,5.74,1629300,5.7
2011-11-16,5.91,5.95,5.68,5.73,3379400,5.7
2011-11-15,5.83,5.95,5.80,5.91,3921400,5.9
2011-11-14,5.72,5.83,5.72,5.82,2576500,5.8
2011-11-11,5.67,5.74,5.63,5.68,2099500,5.6
2011-11-10,5.61,5.78,5.60,5.65,2681000,5.6
2011-11-09,5.61,5.70,5.52,5.70,2469900,5.7
2011-11-08,5.69,5.75,5.59,5.60,2346400,5.6
2011-11-07,5.79,5.82,5.69,5.71,2894400,5.7
2011-11-03,5.77,5.85,5.72,5.78,4639400,5.7
2011-11-02,5.60,5.75,5.53,5.75,3127800,5.7
2011-11-01,5.69,5.88,5.67,5.73,3515100,5.7
2011-10-31,5.68,5.83,5.67,5.75,4500400,5.7
2011-10-28,5.53,5.66,5.52,5.66,3059500,5.6
2011-10-27,5.52,5.58,5.43,5.48,1751100,5.4
2011-10-26,5.45,5.57,5.42,5.52,2232700,5.5
2011-10-25,5.37,5.49,5.28,5.48,1936400,5.4
2011-10-24,5.29,5.38,5.20,5.37,1596600,5.3
2011-10-21,5.22,5.36,5.13,5.32,2303000,5.3
2011-10-20,5.45,5.46,5.19,5.22,1410500,5.2
2011-10-19,5.49,5.55,5.42,5.45,683900,5.4
2011-10-18,5.62,5.62,5.44,5.45,1299100,5.4
2011-10-17,5.61,5.72,5.60,5.64,2045800,5.6
2011-10-14,5.64,5.64,5.53,5.58,1082500,5.5
2011-10-13,5.56,5.65,5.56,5.64,1772000,5.6
2011-10-12,5.38,5.59,5.31,5.56,1767400,5.5
2011-10-11,5.50,5.54,5.37,5.40,1082800,5.4
2011-10-10,5.44,5.49,5.36,5.37,792600,5.3
2011-09-30,5.42,5.50,5.32,5.44,776500,5.4
2011-09-29,5.59,5.62,5.36,5.42,1954800,5.4
2011-09-28,5.86,5.86,5.56,5.59,1719600,5.5
2011-09-27,5.70,5.82,5.70,5.77,1457000,5.7
2011-09-26,5.72,5.80,5.67,5.68,988300,5.6
2011-09-23,5.70,5.79,5.67,5.76,1118700,5.7
2011-09-22,5.92,5.94,5.77,5.79,1138000,5.7
2011-09-21,5.79,5.96,5.75,5.95,1620800,5.9
2011-09-20,5.71,5.83,5.69,5.78,1161600,5.7
2011-09-19,5.93,5.93,5.70,5.71,1455900,5.7
2011-09-15,5.91,5.99,5.91,5.92,1093100,5.9
2011-09-14,5.86,5.95,5.76,5.94,1010600,5.9
2011-09-13,5.89,5.89,5.79,5.84,1107100,5.8
2011-09-09,5.99,6.03,5.93,5.96,891200,5.9
2011-09-08,6.02,6.04,5.95,5.95,1115200,5.9
2011-09-07,5.89,5.99,5.89,5.98,1492800,5.9
2011-09-06,5.85,5.92,5.84,5.87,932800,5.8
2011-09-05,5.98,5.98,5.86,5.86,1086300,5.8
2011-09-02,6.06,6.11,5.97,5.98,1347800,5.9
2011-09-01,6.12,6.17,6.06,6.08,938500,6.0
2011-08-31,6.16,6.18,6.02,6.09,1718700,6.0
2011-08-30,6.22,6.29,6.15,6.16,1525200,6.1
2011-08-29,6.29,6.29,6.18,6.19,1371300,6.1
2011-08-26,6.23,6.31,6.22,6.27,1841500,6.2
2011-08-25,6.16,6.29,6.16,6.27,2678900,6.2
2011-08-24,6.20,6.20,6.11,6.11,1070300,6.1
2011-08-23,6.06,6.17,6.03,6.14,1470600,6.1
2011-08-22,6.02,6.12,6.01,6.04,1029300,6.0
2011-08-19,5.87,6.04,5.87,6.01,1141200,6.0
2011-08-18,6.17,6.32,6.08,6.10,1716900,6.1
2011-08-17,6.19,6.26,6.17,6.19,1494900,6.1
2011-08-16,6.30,6.43,6.23,6.24,3084200,6.2
2011-08-12,6.15,6.33,6.15,6.27,3545500,6.2
2011-08-11,5.88,6.28,5.75,6.20,3270700,6.2
2011-08-10,5.96,6.09,5.95,5.98,1655400,5.9
2011-08-09,5.84,5.94,5.65,5.88,1968500,5.8
2011-08-08,6.40,6.40,5.86,5.94,3546900,5.9
2011-08-05,6.52,6.53,6.40,6.46,1757300,6.4
2011-08-04,6.58,6.67,6.56,6.64,1288700,6.6
2011-08-03,6.54,6.66,6.50,6.59,1259100,6.5
2011-08-02,6.68,6.68,6.48,6.59,2115300,6.5
2011-08-01,6.66,6.72,6.64,6.69,1514500,6.6
2011-07-29,6.72,6.75,6.65,6.66,1292900,6.6
2011-07-28,6.63,6.72,6.63,6.72,1761000,6.7
2011-07-27,6.69,6.78,6.61,6.74,2082300,6.7
2011-07-26,6.69,6.73,6.62,6.70,2446600,6.7
2011-07-25,6.99,6.99,6.60,6.68,3662300,6.6
2011-07-22,7.01,7.09,6.96,6.99,1981400,6.9
2011-07-21,7.19,7.19,6.96,6.98,3072000,6.9
2011-07-20,7.25,7.25,7.08,7.13,3508100,7.1
2011-07-19,7.26,7.36,7.14,7.16,6328500,7.1
2011-07-18,7.23,7.32,7.19,7.26,4511700,7.2
2011-07-15,7.23,7.26,7.13,7.23,5088900,7.2
2011-07-14,7.05,7.25,7.04,7.24,6637200,7.2
2011-07-13,6.99,7.15,6.95,7.09,6153800,7.0
2011-07-12,7.17,7.19,7.05,7.06,3252000,7.0
2011-07-11,7.13,7.24,7.12,7.21,3089600,7.2
2011-07-08,7.18,7.18,7.10,7.13,2447700,7.1
2011-07-07,7.13,7.21,7.13,7.15,2487200,7.1
2011-07-06,7.18,7.18,7.07,7.14,2177000,7.1
2011-07-05,7.18,7.23,7.12,7.19,3137500,7.1
2011-07-04,7.04,7.18,7.04,7.18,3274600,7.1
2011-07-01,7.05,7.10,7.01,7.04,2054900,7.0
2011-06-30,6.94,7.07,6.93,7.03,1988700,7.0
2011-06-29,7.09,7.09,6.94,6.96,2236900,6.9
2011-06-28,7.04,7.11,6.93,7.07,2495000,7.0
2011-06-27,6.95,7.16,6.95,7.04,3218600,7.0
2011-06-24,6.78,7.02,6.78,6.97,3081700,6.9
2011-06-23,6.70,6.86,6.61,6.82,1930700,6.8
2011-06-22,6.79,6.79,6.68,6.71,1022800,6.7
2011-06-21,6.68,6.81,6.68,6.78,1743800,6.7
2011-06-20,6.61,6.71,6.58,6.70,1644500,6.7
2011-06-17,6.78,6.84,6.67,6.67,1227000,6.6
2011-06-16,6.95,6.95,6.78,6.79,2053700,6.7
2011-06-15,7.07,7.13,6.99,7.00,1688600,7.0
2011-06-14,6.98,7.12,6.95,7.07,1914800,7.0
2011-06-13,6.98,6.99,6.82,6.98,1410900,6.9
2011-06-10,6.93,7.00,6.84,6.99,1520500,6.9
2011-06-09,7.17,7.25,6.98,6.98,2148400,6.9
2011-06-08,7.12,7.18,7.03,7.18,1972500,7.1
2011-06-07,7.03,7.11,6.98,7.09,1496100,7.0
2011-06-03,6.98,7.07,6.92,7.05,1494700,7.0
2011-06-02,7.00,7.01,6.80,6.92,2302200,6.9
2011-06-01,7.03,7.20,6.96,7.07,2550200,7.0
2011-05-31,6.85,7.04,6.84,7.01,1773500,7.0
2011-05-30,6.90,6.97,6.82,6.83,1604000,6.8
2011-05-27,7.18,7.23,6.85,6.90,3087100,6.9
2011-05-26,7.21,7.27,7.15,7.16,2050400,7.1
2011-05-25,7.32,7.37,7.17,7.17,2253400,7.1
2011-05-24,7.30,7.38,7.12,7.35,3029600,7.3
2011-05-23,7.66,7.66,7.30,7.32,4208000,7.3
2011-05-20,7.72,7.78,7.60,7.70,2944100,7.7
2011-05-19,7.85,7.89,7.71,7.77,4079400,7.7
2011-05-18,7.63,7.92,7.63,7.85,4241300,7.8
2011-05-17,7.75,7.82,7.50,7.68,3412800,7.6
2011-05-16,7.70,7.85,7.68,7.80,4612000,7.8
2011-05-13,7.62,7.72,7.56,7.71,3144700,7.7
2011-05-12,7.58,7.73,7.52,7.59,3187800,7.5
2011-05-11,7.61,7.70,7.57,7.65,2942100,7.6
2011-05-10,7.56,7.66,7.49,7.61,2010800,7.6
2011-05-09,7.48,7.61,7.44,7.58,2937700,7.5
2011-05-05,7.35,7.51,7.35,7.43,2827000,7.4
2011-05-04,7.62,7.65,7.33,7.38,3523200,7.3
2011-05-03,7.51,7.70,7.51,7.66,3065200,7.6
2011-04-29,7.35,7.55,7.32,7.51,2776400,7.5
2011-04-28,7.62,7.69,7.34,7.36,4270100,7.3
2011-04-27,7.82,7.89,7.56,7.62,5078500,7.6
2011-04-26,7.96,8.07,7.79,7.80,5666200,7.8
2011-04-25,8.15,8.19,7.88,7.99,7110800,7.9
2011-04-22,8.38,8.38,8.16,8.18,6857600,8.1
2011-04-21,8.16,8.44,8.12,8.39,11322800,8.3
2011-04-20,8.12,8.23,8.12,8.16,4812500,8.1
2011-04-19,8.18,8.18,8.06,8.11,7291000,8.1
2011-04-18,8.44,8.48,8.14,8.21,12299100,8.2
2011-04-15,8.33,8.50,8.30,8.43,6483200,8.4
2011-04-14,8.60,8.70,8.35,8.37,10826800,8.3
2011-04-13,8.59,8.73,8.54,8.64,7871600,8.6
2011-04-12,8.53,8.76,8.47,8.59,12023700,8.5
2011-04-11,8.63,8.90,8.43,8.61,16836300,8.6
2011-04-08,8.24,8.89,8.23,8.63,16415900,8.6
2011-04-07,8.23,8.34,8.08,8.31,9394500,8.3
2011-04-06,8.21,8.30,8.13,8.25,6008700,8.2
2011-04-01,8.16,8.26,8.09,8.23,5140100,8.2
2011-03-31,8.46,8.51,8.06,8.14,10273700,8.1
2011-03-30,8.42,8.65,8.36,8.46,10208100,8.4
2011-03-29,8.73,8.91,8.44,8.45,20076900,8.4
2011-03-28,8.34,9.12,8.34,8.80,34157700,8.8
2011-03-25,8.27,8.47,8.25,8.29,11344000,8.2
2011-03-24,8.27,8.33,8.18,8.26,8128300,8.2
2011-03-23,8.15,8.33,8.05,8.32,9550200,8.3
2011-03-22,8.13,8.19,8.02,8.12,5529200,8.1
2011-03-21,8.25,8.33,8.05,8.09,8322900,8.0
2011-03-18,8.26,8.50,8.18,8.30,10271400,8.3
2011-03-17,8.40,8.41,8.12,8.22,12330600,8.2
2011-03-16,8.37,8.60,8.30,8.50,19764900,8.5
2011-03-15,8.06,8.65,8.05,8.54,34436100,8.5
2011-03-14,8.00,8.09,7.85,8.05,12273800,8.0
2011-03-11,8.29,8.50,8.10,8.13,16515200,8.1
2011-03-10,8.38,8.69,8.23,8.24,25935500,8.2
2011-03-09,8.10,8.36,8.05,8.32,23781200,8.3
2011-03-08,8.02,8.18,7.96,8.15,30591400,8.1
2011-03-07,7.55,8.26,7.55,8.26,42243600,8.2
2011-03-04,7.46,7.53,7.35,7.51,3947100,7.5
2011-03-03,7.54,7.60,7.42,7.42,3742900,7.4
2011-03-02,7.56,7.58,7.45,7.57,4112200,7.5
2011-03-01,7.60,7.66,7.52,7.62,7418600,7.6
2011-02-28,7.50,7.61,7.43,7.58,6296800,7.5
2011-02-25,7.53,7.57,7.41,7.53,4767900,7.5
2011-02-24,7.45,7.67,7.42,7.56,9614000,7.5
2011-02-23,7.12,7.43,7.12,7.43,6569000,7.4
2011-02-22,7.40,7.44,7.15,7.15,4032800,7.1
2011-02-21,7.25,7.40,7.23,7.39,4113500,7.3
2011-02-18,7.42,7.42,7.20,7.27,3653100,7.2
2011-02-17,7.50,7.53,7.33,7.43,4263100,7.4
2011-02-16,7.40,7.50,7.38,7.49,3843900,7.4
2011-02-15,7.37,7.55,7.37,7.45,6677800,7.4
2011-02-14,7.31,7.44,7.28,7.39,5373400,7.3
2011-02-11,7.27,7.32,7.23,7.30,4183000,7.3
2011-02-10,7.20,7.34,7.16,7.31,3716100,7.3
2011-02-09,7.11,7.31,7.10,7.28,4239700,7.2
2011-02-01,7.19,7.29,7.13,7.21,4026000,7.2
2011-01-31,6.92,7.40,6.85,7.27,8140500,7.2
2011-01-28,6.82,6.88,6.78,6.87,1899500,6.8
2011-01-27,6.71,6.85,6.68,6.82,1905600,6.8
2011-01-26,6.62,6.77,6.62,6.75,1654700,6.7
2011-01-25,6.65,6.65,6.56,6.62,967400,6.6
2011-01-24,6.67,6.72,6.59,6.60,1342800,6.6
2011-01-21,6.55,6.72,6.55,6.67,1805600,6.6
2011-01-20,6.88,6.88,6.60,6.62,2569400,6.6
2011-01-19,6.78,6.90,6.77,6.89,1820200,6.8
2011-01-18,6.80,6.85,6.73,6.82,1949400,6.8
2011-01-17,7.17,7.19,6.78,6.81,3093800,6.8
2011-01-14,7.18,7.23,7.13,7.17,1873600,7.1
2011-01-13,7.23,7.24,7.15,7.16,1871200,7.1
2011-01-12,7.17,7.22,7.12,7.21,1780200,7.2
2011-01-11,7.14,7.16,7.06,7.16,1875100,7.1
2011-01-10,7.35,7.35,7.12,7.17,2528700,7.1
2011-01-07,7.34,7.40,7.27,7.33,2707400,7.3
2011-01-06,7.35,7.42,7.33,7.36,1954200,7.3
2011-01-05,7.30,7.40,7.25,7.40,3046300,7.4
2011-01-04,7.25,7.35,7.21,7.31,3031400,7.3
