Date,Open,High,Low,Close,Volume,Adj Clos
2010-12-31,11.46,11.69,11.25,11.68,6540600,11.6
2010-12-30,11.32,11.59,11.21,11.45,3772500,11.4
2010-12-29,11.13,11.44,11.12,11.31,3749000,11.2
2010-12-28,11.70,11.87,11.05,11.13,7063600,11.1
2010-12-27,12.30,12.54,11.60,11.70,5179700,11.6
2010-12-24,12.80,12.90,12.20,12.36,5846700,12.3
2010-12-23,13.71,13.76,12.73,12.94,16934900,12.9
2010-12-22,13.15,13.90,13.00,13.83,12723100,13.8
2010-12-21,13.07,13.16,12.80,13.15,3708200,13.1
2010-12-20,13.48,13.48,12.54,13.10,7581600,13.0
2010-12-17,13.50,13.59,13.29,13.40,4287600,13.3
2010-12-16,13.36,13.75,13.14,13.62,8938400,13.6
2010-12-15,13.56,13.65,13.20,13.31,7546100,13.2
2010-12-14,13.10,13.75,13.03,13.59,12639200,13.5
2010-12-13,12.63,13.19,12.48,13.09,8365800,13.0
2010-12-10,12.15,12.55,12.07,12.40,3003900,12.3
2010-12-09,12.90,12.90,12.18,12.22,4992300,12.2
2010-12-08,13.01,13.25,12.79,12.86,6020200,12.8
2010-12-07,12.60,13.21,12.30,13.13,8108400,13.1
2010-12-06,12.67,12.74,12.33,12.62,4146800,12.6
2010-12-03,12.49,12.76,12.40,12.68,5538900,12.6
2010-12-02,12.78,12.84,12.46,12.46,5721800,12.4
2010-12-01,12.28,12.76,12.21,12.62,5552500,12.6
2010-11-30,13.08,13.25,12.14,12.42,10365300,12.4
2010-11-29,13.70,13.70,12.82,13.28,13078400,13.2
2010-11-26,14.10,14.27,13.76,13.82,6822900,13.8
2010-11-25,14.45,14.45,13.90,14.18,10840100,14.1
2010-11-24,13.51,14.05,13.45,14.04,9243300,14.0
2010-11-23,13.68,14.28,13.45,13.85,15794200,13.8
2010-11-22,13.15,13.90,13.00,13.64,11001600,13.6
2010-11-19,13.49,13.58,12.75,13.37,8848500,13.3
2010-11-17,12.75,13.51,12.68,13.11,9145400,13.0
2010-11-16,14.20,14.22,13.05,13.08,16292600,13.0
2010-11-15,14.08,14.69,13.36,14.50,17566200,14.4
2010-11-12,15.71,15.71,14.36,14.36,14727600,14.3
2010-11-11,16.12,16.66,15.80,15.96,10060800,15.9
2010-11-10,16.20,16.74,15.82,16.24,14212100,16.2
2010-11-09,16.05,17.26,16.00,16.79,20655200,16.7
2010-11-08,15.10,15.83,15.10,15.83,6556300,15.8
2010-11-05,14.11,14.94,14.10,14.39,13908000,14.3
2010-11-04,14.10,14.33,13.73,14.11,11052500,14.0
2010-11-03,13.75,14.63,13.58,14.15,19993700,14.1
2010-11-02,13.50,14.28,13.35,13.35,15364100,13.3
2010-11-01,13.35,13.90,12.83,13.60,12884700,13.5
2010-10-29,13.15,13.86,13.01,13.38,11637600,13.3
2010-10-28,13.15,13.66,12.90,13.23,10388200,13.2
2010-10-27,12.63,13.81,12.55,13.31,21485200,13.2
2010-10-26,12.64,13.12,12.44,12.68,15076400,12.6
2010-10-25,12.39,12.80,12.31,12.58,16084300,12.5
2010-10-22,12.50,12.83,12.25,12.44,19819900,12.4
2010-10-21,11.73,12.94,11.49,12.84,30453000,12.8
2010-10-20,11.60,12.39,11.43,11.77,32369500,11.7
2010-10-19,12.44,12.44,11.60,12.09,28735700,12.0
2010-10-18,11.81,11.81,11.80,11.81,26191200,11.7
2010-10-15,9.60,10.74,9.43,10.74,23449500,10.7
2010-10-14,10.01,10.07,9.70,9.76,6265000,9.7
2010-10-13,9.78,10.13,9.69,10.10,11877400,10.0
2010-10-12,9.61,9.75,9.53,9.70,5503800,9.6
2010-10-11,9.48,9.74,9.43,9.65,5686600,9.6
2010-10-08,9.35,9.53,9.29,9.46,4094900,9.4
2010-09-30,9.13,9.45,9.07,9.26,2976200,9.2
2010-09-29,9.31,9.44,9.24,9.25,2936600,9.2
2010-09-28,9.35,9.42,9.21,9.38,3439100,9.3
2010-09-27,9.23,9.45,9.11,9.38,4701500,9.3
2010-09-21,9.32,9.44,9.05,9.20,7063700,9.1
2010-09-20,10.21,10.29,9.32,9.44,12809900,9.4
2010-09-17,10.22,10.35,10.01,10.19,13605700,10.1
2010-09-16,9.95,10.49,9.79,10.39,28329000,10.3
2010-09-15,9.83,9.97,9.70,9.84,10054000,9.8
2010-09-14,9.79,9.98,9.58,9.83,9342000,9.8
2010-09-13,9.52,9.85,9.44,9.79,6975000,9.7
2010-09-10,9.43,9.64,9.00,9.56,5461100,9.5
2010-09-09,9.69,9.82,9.35,9.38,5992100,9.3
2010-09-08,9.77,9.77,9.57,9.68,4358400,9.6
2010-09-07,9.70,9.85,9.63,9.75,4226000,9.7
2010-09-06,9.95,9.95,9.59,9.67,5774100,9.6
2010-09-03,10.00,10.06,9.77,9.83,8458200,9.8
2010-09-02,9.78,10.18,9.58,9.94,14476600,9.9
2010-09-01,9.56,9.79,9.43,9.71,12512600,9.6
2010-08-31,9.34,9.67,9.20,9.56,6711000,9.5
2010-08-30,9.25,9.38,9.18,9.34,3338600,9.3
2010-08-27,9.20,9.20,9.06,9.17,2188700,9.1
2010-08-26,9.16,9.30,9.06,9.15,2422100,9.1
2010-08-25,9.50,9.51,9.10,9.14,3992600,9.1
2010-08-24,9.32,9.61,9.25,9.50,4517600,9.4
2010-08-23,9.18,9.41,9.18,9.31,2412300,9.2
2010-08-20,9.45,9.49,9.12,9.21,4092800,9.1
2010-08-19,9.46,9.63,9.46,9.49,3670800,9.4
2010-08-18,9.76,9.76,9.43,9.51,4277800,9.4
2010-08-17,9.47,9.79,9.44,9.69,7738400,9.6
2010-08-16,9.31,9.48,9.18,9.43,4848800,9.4
2010-08-13,9.12,9.32,9.06,9.31,3563300,9.2
2010-08-12,9.27,9.37,9.00,9.11,5457800,9.0
2010-08-11,9.44,9.53,9.14,9.42,7187400,9.4
2010-08-10,10.22,10.22,9.50,9.51,7951400,9.4
2010-08-09,10.13,10.33,10.01,10.22,7691500,10.2
2010-08-06,10.00,10.20,9.81,10.13,5576800,10.1
2010-08-05,9.95,10.27,9.84,10.02,8950000,10.0
2010-08-04,9.85,9.98,9.60,9.88,4691700,9.8
2010-08-03,9.66,10.18,9.62,9.89,10525500,9.8
2010-08-02,9.50,9.66,9.45,9.66,5026800,9.6
2010-07-30,9.66,9.66,9.45,9.53,4507400,9.5
2010-07-29,9.68,9.95,9.57,9.74,8870000,9.7
2010-07-28,9.58,9.70,9.44,9.67,8483000,9.6
2010-07-27,9.66,9.79,9.50,9.60,3529700,9.5
2010-07-26,9.48,9.75,9.40,9.71,4887800,9.6
2010-07-23,9.65,9.70,9.38,9.50,5404000,9.4
2010-07-22,9.58,9.79,9.58,9.67,4002300,9.6
2010-07-21,9.86,9.86,9.57,9.64,5451500,9.6
2010-07-20,9.83,9.90,9.64,9.83,5423800,9.8
2010-07-19,9.45,9.88,9.35,9.84,7248000,9.8
2010-07-16,9.20,9.61,9.11,9.58,6790900,9.5
2010-07-15,9.59,9.76,9.20,9.24,6640600,9.2
2010-07-14,9.16,9.75,9.16,9.64,12326600,9.6
2010-07-13,9.25,9.27,8.97,9.17,6196400,9.1
2010-07-12,8.83,9.39,8.83,9.32,12690800,9.3
2010-07-09,8.61,9.03,8.50,8.94,9397100,8.9
2010-07-08,8.67,8.74,8.45,8.64,5807700,8.6
2010-07-07,8.84,8.85,8.62,8.70,6965700,8.6
2010-07-06,8.47,8.85,8.30,8.82,9697200,8.8
2010-07-05,8.53,8.61,8.26,8.48,8864300,8.4
2010-07-02,8.37,8.77,8.25,8.70,13861900,8.6
2010-07-01,7.94,8.58,7.94,8.40,11828800,8.3
2010-06-30,7.81,8.18,7.75,8.01,3877000,8.0
2010-06-29,7.95,8.30,7.70,8.12,6928100,8.1
2010-06-28,8.20,8.20,7.90,7.95,2333100,7.9
2010-06-25,8.20,8.27,8.10,8.20,3192000,8.1
2010-06-24,8.24,8.28,8.13,8.26,2144300,8.2
2010-06-23,8.15,8.30,8.09,8.22,3688900,8.2
2010-06-22,8.02,8.46,8.02,8.25,4763100,8.2
2010-06-21,7.68,8.06,7.68,8.04,2825300,8.0
2010-06-18,7.90,8.00,7.69,7.73,2986400,7.7
2010-06-17,8.05,8.10,7.90,7.90,2036100,7.8
2010-06-11,8.17,8.23,7.98,7.99,2406400,7.9
2010-06-10,8.30,8.30,8.14,8.14,3768800,8.1
2010-06-09,8.18,8.31,8.05,8.31,4364500,8.3
2010-06-08,8.15,8.18,7.95,8.17,2906700,8.1
2010-06-07,7.90,8.27,7.85,8.10,3700100,8.0
2010-06-04,8.10,8.20,7.99,8.11,4549600,8.1
2010-06-03,8.19,8.37,8.04,8.27,7181000,8.2
2010-06-02,7.78,8.15,7.78,8.15,3924900,8.1
2010-06-01,7.73,8.06,7.55,7.96,5529400,7.9
2010-05-31,8.06,8.23,7.82,7.82,2691600,7.8
2010-05-28,8.10,8.15,7.95,8.08,3467200,8.0
2010-05-27,7.75,8.13,7.75,8.06,4758100,8.0
2010-05-26,7.78,7.89,7.70,7.77,2620200,7.7
2010-05-25,7.63,7.97,7.63,7.85,4883500,7.8
2010-05-24,7.42,7.75,7.35,7.73,4188500,7.7
2010-05-21,7.09,7.44,6.90,7.35,3017600,7.3
2010-05-20,7.48,7.62,7.33,7.34,2249200,7.3
2010-05-19,7.49,7.68,7.37,7.52,2392100,7.5
2010-05-18,7.55,7.77,7.20,7.60,4410800,7.5
2010-05-17,8.24,8.25,7.66,7.69,3040500,7.6
2010-05-14,8.02,8.46,8.02,8.35,3575800,8.3
2010-05-13,8.05,8.15,7.78,8.15,2803700,8.1
2010-05-12,8.40,8.48,7.75,8.00,2781100,7.9
2010-05-11,8.88,8.89,8.40,8.40,2211400,8.3
2010-05-10,8.58,8.80,8.42,8.66,2092800,8.6
2010-05-07,8.48,8.87,8.38,8.59,2150900,8.5
2010-05-06,9.07,9.30,8.70,8.70,3951200,8.6
2010-05-05,8.65,9.13,8.65,9.07,2694300,9.0
2010-05-04,8.71,8.86,8.42,8.79,2329900,8.7
2010-04-30,9.51,9.55,8.80,8.94,3952100,8.9
2010-04-29,9.85,10.05,9.50,9.50,3271000,9.4
2010-04-28,9.75,9.88,9.55,9.69,2629300,9.6
2010-04-27,10.43,10.43,9.66,9.85,5819300,9.8
2010-04-26,10.58,10.58,10.26,10.40,7089200,10.3
2010-04-23,10.06,10.57,10.00,10.53,10948500,10.5
2010-04-22,10.10,10.27,9.97,10.13,5237300,10.1
2010-04-21,9.97,10.21,9.90,10.15,4771800,10.1
2010-04-20,10.24,10.25,9.72,9.88,6364900,9.8
2010-04-19,10.45,10.55,9.89,10.08,6117200,10.0
2010-04-16,10.51,10.69,10.40,10.56,4329200,10.5
2010-04-14,10.54,10.80,10.42,10.75,6367300,10.7
2010-04-13,11.04,11.04,10.38,10.52,11038800,10.5
2010-04-12,10.71,11.06,10.71,11.01,13699500,10.9
2010-04-09,10.60,10.81,10.59,10.68,6542800,10.6
2010-04-08,10.50,10.72,10.40,10.62,7541100,10.6
2010-04-07,10.45,10.59,10.35,10.51,4200900,10.4
2010-04-06,10.60,10.60,10.41,10.48,5040700,10.4
2010-04-02,10.52,10.66,10.44,10.60,8013500,10.5
2010-04-01,10.60,10.90,10.46,10.59,9823400,10.5
2010-03-31,10.36,10.58,10.36,10.40,6670400,10.3
2010-03-30,10.14,10.40,10.14,10.35,5567400,10.3
2010-03-26,9.98,10.15,9.91,10.06,1965300,10.0
2010-03-25,10.26,10.26,9.88,9.94,3120100,9.9
2010-03-24,10.24,10.35,10.23,10.25,2584500,10.2
2010-03-23,10.36,10.44,10.18,10.24,3030700,10.2
2010-03-22,10.26,10.39,10.23,10.34,3072100,10.3
2010-03-18,10.25,10.46,10.18,10.22,3452700,10.2
2010-03-17,10.00,10.30,10.00,10.29,4266300,10.2
2010-03-16,9.98,10.05,9.79,10.02,1957300,10.0
2010-03-15,10.00,10.05,9.75,9.98,2534700,9.9
2010-03-12,10.25,10.28,9.95,9.98,3703100,9.9
2010-03-11,10.21,10.34,10.04,10.19,2818600,10.1
2010-03-10,10.29,10.31,10.03,10.26,2716700,10.2
2010-03-09,10.20,10.37,10.02,10.29,3298200,10.2
2010-03-08,10.20,10.39,10.16,10.30,2518500,10.2
2010-03-05,10.18,10.35,10.10,10.19,4122000,10.1
2010-03-04,10.80,10.98,10.11,10.15,7293900,10.1
2010-03-03,10.70,10.96,10.62,10.86,8804300,10.8
2010-03-02,10.61,10.78,10.55,10.61,6118100,10.5
2010-03-01,10.37,10.98,10.35,10.72,8961100,10.7
2010-02-26,10.37,10.65,10.20,10.45,7977100,10.4
2010-02-25,10.00,10.77,9.94,10.37,9336400,10.3
2010-02-24,9.70,10.09,9.68,10.08,7538600,10.0
2010-02-23,9.62,9.89,9.32,9.73,4536000,9.7
2010-02-22,9.64,9.76,9.59,9.62,3026700,9.6
2010-02-12,9.56,9.66,9.48,9.61,2080800,9.5
2010-02-11,9.76,9.76,9.47,9.50,2833700,9.4
2010-02-10,9.76,9.76,9.52,9.67,4580800,9.6
2010-02-09,9.36,10.09,9.29,9.77,8726500,9.7
2010-02-08,9.44,9.48,9.23,9.36,1571700,9.3
2010-02-05,9.29,9.70,9.21,9.37,3554200,9.3
2010-02-04,9.50,9.58,9.37,9.48,3734700,9.4
2010-02-03,9.38,9.54,9.06,9.43,3110700,9.4
2010-02-02,9.59,9.76,9.32,9.32,1995600,9.3
2010-02-01,9.86,9.91,9.45,9.56,3449700,9.5
2010-01-29,10.11,10.11,9.70,9.85,4949000,9.8
2010-01-28,9.26,10.19,9.26,10.15,3474600,10.1
2010-01-27,9.97,10.09,9.80,9.90,2314400,9.8
2010-01-26,10.52,10.58,9.85,9.95,4631100,9.9
2010-01-25,10.46,10.70,10.45,10.46,2150500,10.4
2010-01-22,11.10,11.19,10.38,10.68,7488500,10.6
2010-01-21,11.29,11.36,11.11,11.19,3379800,11.1
2010-01-20,11.85,11.88,11.20,11.20,5943000,11.1
2010-01-19,11.95,12.05,11.65,11.78,6689100,11.7
2010-01-18,11.62,12.05,11.59,11.95,9175100,11.9
2010-01-15,11.50,11.62,11.39,11.62,7103500,11.6
2010-01-14,11.17,11.75,11.09,11.57,12234300,11.5
2010-01-13,11.22,11.55,11.12,11.22,5093200,11.2
2010-01-12,11.39,11.54,11.18,11.48,4475400,11.4
2010-01-11,11.42,11.49,11.05,11.47,5728600,11.4
2010-01-08,11.50,11.64,11.03,11.40,4091600,11.3
2010-01-07,11.36,11.66,11.26,11.53,8977800,11.5
2010-01-06,11.28,11.55,11.15,11.36,5125800,11.3
2010-01-05,11.25,11.37,11.00,11.32,5511400,11.3
2010-01-04,11.23,11.37,11.15,11.20,4302300,11.1
