Date,Open,High,Low,Close,Volume,Adj Clos
2006-12-29,6.50,6.75,6.45,6.61,2976700,6.3
2006-12-28,6.87,6.92,6.55,6.55,3948100,6.3
2006-12-27,6.85,6.95,6.77,6.89,1741400,6.6
2006-12-26,6.90,6.99,6.76,6.85,1421900,6.6
2006-12-25,6.68,6.97,6.62,6.91,2849700,6.6
2006-12-22,6.45,6.64,6.41,6.64,2690700,6.4
2006-12-21,6.58,6.70,6.45,6.50,2328200,6.2
2006-12-20,6.69,6.76,6.52,6.60,2526800,6.3
2006-12-19,6.65,6.75,6.42,6.70,3687700,6.4
2006-12-18,6.33,6.65,6.33,6.62,4753600,6.3
2006-12-15,6.05,6.33,5.99,6.33,6302600,6.1
2006-12-14,5.83,6.12,5.78,6.03,3332000,5.8
2006-12-13,5.85,5.92,5.73,5.84,1403800,5.6
2006-12-12,5.93,6.00,5.80,5.92,1681400,5.7
2006-12-11,5.88,5.96,5.79,5.92,1137900,5.7
2006-12-08,5.73,6.00,5.73,5.85,2313300,5.6
2006-12-07,6.03,6.22,5.98,6.00,2161900,5.7
2006-12-06,6.16,6.25,5.88,6.10,4035600,5.8
2006-12-05,5.90,6.17,5.80,6.16,4530300,5.9
2006-12-04,5.73,5.98,5.73,5.88,2676900,5.6
2006-12-01,5.84,5.86,5.69,5.72,2085500,5.5
2006-11-30,5.90,5.94,5.69,5.86,4423500,5.6
2006-11-29,5.90,5.97,5.81,5.93,1790400,5.7
2006-11-28,6.00,6.05,5.89,5.98,1934900,5.7
2006-11-27,5.92,6.08,5.85,6.00,2150900,5.7
2006-11-24,5.96,6.00,5.90,5.95,1676000,5.7
2006-11-23,5.74,5.99,5.71,5.96,4146100,5.7
2006-11-22,5.72,5.78,5.66,5.73,2859700,5.5
2006-11-21,5.49,5.73,5.44,5.72,2956700,5.5
2006-11-20,5.54,5.65,5.48,5.55,2655200,5.3
2006-11-17,5.41,5.56,5.39,5.55,2649100,5.3
2006-11-16,5.22,5.52,5.21,5.44,2925700,5.2
2006-11-15,5.24,5.33,5.16,5.26,974100,5.0
2006-11-14,5.20,5.28,5.12,5.24,854900,5.0
2006-11-13,5.19,5.28,5.00,5.24,2146500,5.0
2006-11-10,5.46,5.49,5.19,5.19,2796800,5.0
2006-11-09,5.40,5.49,5.38,5.46,1351100,5.2
2006-11-08,5.38,5.52,5.34,5.45,2803900,5.2
2006-11-07,5.66,5.68,5.38,5.46,7803000,5.2
2006-11-06,5.77,5.80,5.61,5.66,2663100,5.4
2006-11-03,6.00,6.02,5.73,5.79,1792100,5.5
2006-11-02,5.72,6.03,5.65,5.95,3057400,5.7
2006-11-01,5.71,5.84,5.65,5.80,1374600,5.6
2006-10-31,5.75,5.86,5.67,5.76,1283900,5.5
2006-10-30,5.50,5.78,5.46,5.76,2139400,5.5
2006-10-27,5.58,5.77,5.54,5.55,2106200,5.3
2006-10-26,5.80,5.80,5.53,5.61,2460600,5.4
2006-10-25,5.88,6.05,5.77,5.80,2751200,5.6
2006-10-24,5.75,5.92,5.60,5.88,5734600,5.6
2006-10-23,5.90,5.90,5.65,5.65,4630700,5.4
2006-10-20,5.96,6.18,5.88,5.95,4115700,5.7
2006-10-19,5.74,6.00,5.74,5.95,3324300,5.7
2006-10-18,5.78,5.87,5.73,5.74,4645300,5.5
2006-10-17,5.85,6.00,5.72,5.83,5155400,5.6
2006-10-16,5.60,5.86,5.47,5.84,7858200,5.6
2006-10-13,5.62,5.70,5.53,5.58,5071400,5.3
2006-10-12,5.34,5.67,5.30,5.60,7995300,5.4
2006-10-11,5.40,5.46,5.26,5.40,7236100,5.2
2006-10-10,5.37,5.37,5.37,5.37,000,5.1
2006-10-09,5.23,5.40,5.10,5.37,5016700,5.1
2006-10-06,5.15,5.15,5.15,5.15,000,4.9
2006-10-05,5.15,5.15,5.15,5.15,000,4.9
2006-10-04,5.15,5.15,5.15,5.15,000,4.9
2006-10-03,5.15,5.15,5.15,5.15,000,4.9
2006-10-02,5.15,5.15,5.15,5.15,000,4.9
2006-09-29,4.90,5.15,4.90,5.15,6965100,4.9
2006-09-28,4.84,4.94,4.84,4.90,2595500,4.7
2006-09-27,4.92,5.00,4.82,4.85,3662800,4.6
2006-09-26,4.95,5.08,4.85,4.90,5504100,4.7
2006-09-25,4.88,5.11,4.81,4.94,8190000,4.7
2006-09-22,4.68,4.92,4.65,4.92,7438900,4.7
2006-09-21,4.91,4.91,4.67,4.69,6134300,4.5
2006-09-20,4.50,4.73,4.43,4.73,7636600,4.5
2006-09-19,4.44,4.50,4.37,4.50,2174300,4.3
2006-09-18,4.46,4.46,4.35,4.44,1675100,4.2
2006-09-15,4.37,4.47,4.35,4.44,1518900,4.2
2006-09-14,4.56,4.57,4.33,4.37,4233400,4.2
2006-09-13,4.66,4.67,4.56,4.56,2439300,4.4
2006-09-12,4.70,4.71,4.61,4.66,3791600,4.5
2006-09-11,4.53,4.71,4.50,4.68,4638500,4.5
2006-09-08,4.50,4.54,4.42,4.52,2932800,4.3
2006-09-07,4.53,4.58,4.48,4.50,1982400,4.3
2006-09-06,4.53,4.60,4.47,4.53,2909000,4.3
2006-09-05,4.49,4.61,4.47,4.56,2674300,4.4
2006-09-04,4.47,4.55,4.40,4.47,3038500,4.3
2006-09-01,4.58,4.63,4.45,4.48,2235200,4.3
2006-08-31,4.65,4.70,4.55,4.57,3173200,4.4
2006-08-30,4.77,4.79,4.65,4.65,2571100,4.4
2006-08-29,4.76,4.82,4.70,4.76,3891000,4.5
2006-08-28,4.70,4.83,4.61,4.76,4452200,4.5
2006-08-25,4.67,4.67,4.55,4.66,3515100,4.5
2006-08-24,4.55,4.63,4.46,4.62,2735000,4.4
2006-08-23,4.60,4.65,4.51,4.56,2882600,4.4
2006-08-22,4.68,4.78,4.52,4.63,3888000,4.4
2006-08-21,4.45,4.75,4.37,4.66,4112900,4.5
2006-08-18,4.57,4.69,4.49,4.57,2126600,4.4
2006-08-17,4.49,4.69,4.38,4.61,2902600,4.4
2006-08-16,4.41,4.54,4.37,4.53,2752500,4.3
2006-08-15,4.28,4.45,4.23,4.42,3063900,4.2
2006-08-14,4.60,4.60,4.37,4.37,3828700,4.2
2006-08-11,4.51,4.60,4.51,4.60,6258900,4.4
2006-08-10,4.23,4.48,4.23,4.38,3106900,4.2
2006-08-09,4.49,4.49,4.28,4.28,3720100,4.1
2006-08-08,4.40,4.58,4.35,4.50,4868500,4.3
2006-08-07,4.86,4.86,4.58,4.58,3513500,4.4
2006-08-04,4.80,5.11,4.75,4.82,5808600,4.6
2006-08-03,4.87,5.04,4.87,4.87,9761900,4.7
2006-08-02,5.36,5.38,5.13,5.13,4357000,4.9
2006-08-01,5.14,5.42,5.05,5.40,7454300,5.2
2006-07-31,5.31,5.37,5.08,5.16,11818300,4.9
2006-07-28,5.04,5.28,5.04,5.28,16419700,5.1
2006-07-27,4.79,5.03,4.76,5.03,14469500,4.8
2006-07-26,4.65,4.86,4.65,4.79,3679600,4.6
2006-07-25,4.55,4.66,4.53,4.65,1922100,4.4
2006-07-24,4.44,4.64,4.43,4.60,3470100,4.4
2006-07-21,4.60,4.72,4.56,4.60,1185800,4.4
2006-07-20,4.59,4.66,4.40,4.60,2412100,4.4
2006-07-19,4.95,4.95,4.61,4.61,2933000,4.4
2006-07-18,4.77,4.92,4.75,4.85,3125100,4.6
2006-07-17,4.55,4.76,4.52,4.76,4987400,4.5
2006-07-14,4.52,4.61,4.46,4.53,6831600,4.3
2006-07-13,4.90,4.98,4.69,4.69,6328400,4.5
2006-07-12,4.96,5.09,4.82,4.94,7371900,4.7
2006-07-11,4.76,4.85,4.66,4.85,6947200,4.6
2006-07-10,4.54,4.73,4.48,4.62,5928800,4.4
2006-07-07,4.40,4.59,4.33,4.50,6766600,4.3
2006-07-06,4.16,4.37,4.16,4.37,8182600,4.2
2006-07-05,4.02,4.18,4.02,4.16,3281400,4.0
2006-07-04,4.21,4.26,4.00,4.08,4953400,3.9
2006-07-03,4.01,4.21,3.96,4.21,7322900,4.0
2006-06-30,4.01,4.04,3.94,4.01,3095800,3.8
2006-06-29,3.98,4.04,3.95,4.00,4031400,3.8
2006-06-28,4.04,4.04,3.91,3.98,3056500,3.8
2006-06-27,4.02,4.10,3.95,4.01,4935700,3.8
2006-06-26,3.82,4.00,3.82,3.99,3211000,3.8
2006-06-23,3.80,3.95,3.76,3.88,3318200,3.7
2006-06-22,3.79,3.88,3.74,3.82,2815100,3.6
2006-06-21,4.03,4.03,3.82,3.82,8437700,3.6
2006-06-20,3.97,4.06,3.93,4.02,2734300,3.8
2006-06-19,4.01,4.16,3.90,3.99,5649300,3.8
2006-06-16,4.08,4.20,4.02,4.08,8296900,3.9
2006-06-15,3.78,4.00,3.70,4.00,9426500,3.8
2006-06-14,3.70,3.89,3.66,3.81,7629900,3.6
2006-06-13,3.75,3.85,3.66,3.70,3773800,3.5
2006-06-12,3.85,3.91,3.66,3.80,6772500,3.6
2006-06-09,3.90,3.98,3.83,3.85,5844300,3.7
2006-06-08,4.01,4.05,3.78,3.91,9069200,3.7
2006-06-07,3.71,3.98,3.69,3.98,22028000,3.8
2006-06-06,3.94,3.95,3.79,3.79,11576700,3.6
2006-06-05,3.80,4.12,3.66,3.99,34799800,3.8
2006-06-02,3.04,3.04,3.04,3.04,000,2.9
2006-06-01,3.04,3.04,3.04,3.04,000,2.9
2006-05-31,3.04,3.04,3.04,3.04,000,2.9
2006-05-30,3.04,3.04,3.04,3.04,000,2.9
2006-05-29,3.04,3.04,3.04,3.04,000,2.9
2006-05-26,3.04,3.04,3.04,3.04,000,2.9
2006-05-25,3.04,3.04,3.04,3.04,000,2.9
2006-05-24,3.04,3.04,3.04,3.04,000,2.9
2006-05-23,3.04,3.04,3.04,3.04,000,2.9
2006-05-22,3.04,3.04,3.04,3.04,000,2.9
2006-05-19,3.04,3.04,3.04,3.04,000,2.9
2006-05-18,3.04,3.04,3.04,3.04,000,2.9
2006-05-17,3.04,3.04,3.04,3.04,000,2.9
2006-05-16,3.04,3.04,3.04,3.04,000,2.9
2006-05-15,3.04,3.04,3.04,3.04,000,2.9
2006-05-12,3.03,3.09,3.00,3.04,6287000,2.9
2006-05-11,2.97,3.06,2.95,3.04,6164300,2.9
2006-05-10,3.16,3.16,2.88,2.98,7394200,2.8
2006-05-09,3.02,3.02,3.02,3.02,1097500,2.9
2006-05-08,2.88,2.88,2.88,2.88,000,2.7
2006-05-05,2.88,2.88,2.88,2.88,000,2.7
2006-05-04,2.88,2.88,2.88,2.88,000,2.7
2006-05-03,2.88,2.88,2.88,2.88,000,2.7
2006-05-02,2.88,2.88,2.88,2.88,000,2.7
2006-05-01,2.88,2.88,2.88,2.88,000,2.7
2006-04-28,2.88,2.88,2.81,2.88,2327200,2.7
2006-04-27,2.74,2.74,2.74,2.74,000,2.6
2006-04-26,2.74,2.74,2.74,2.74,000,2.6
2006-04-25,2.74,2.74,2.74,2.74,000,2.6
2006-04-24,2.74,2.74,2.74,2.74,000,2.6
2006-04-21,2.74,2.74,2.74,2.74,000,2.6
2006-04-20,2.74,2.74,2.74,2.74,000,2.6
2006-04-19,2.74,2.74,2.74,2.74,000,2.6
2006-04-18,2.74,2.74,2.74,2.74,000,2.6
2006-04-17,2.74,2.74,2.74,2.74,000,2.6
2006-04-14,2.74,2.74,2.74,2.74,000,2.6
2006-04-13,2.74,2.74,2.74,2.74,000,2.6
2006-04-12,2.74,2.74,2.74,2.74,000,2.6
2006-04-11,2.74,2.74,2.74,2.74,000,2.6
2006-04-10,2.74,2.74,2.74,2.74,000,2.6
2006-04-07,2.74,2.74,2.74,2.74,000,2.6
2006-04-06,2.74,2.74,2.74,2.74,000,2.6
2006-04-05,2.74,2.74,2.74,2.74,000,2.6
2006-04-04,2.74,2.74,2.74,2.74,000,2.6
2006-04-03,2.74,2.74,2.74,2.74,000,2.6
2006-03-31,2.74,2.78,2.74,2.74,2284800,2.6
2006-03-30,2.85,2.85,2.85,2.85,000,2.7
2006-03-29,2.84,2.93,2.81,2.88,3001900,2.7
2006-03-28,2.85,2.85,2.81,2.85,1017100,2.7
2006-03-27,2.78,2.85,2.78,2.85,1093600,2.7
2006-03-24,2.86,2.87,2.79,2.79,965200,2.6
2006-03-23,2.85,2.88,2.83,2.87,1235000,2.7
2006-03-22,2.82,2.86,2.80,2.85,967700,2.7
2006-03-21,2.85,2.87,2.81,2.84,1792300,2.7
2006-03-20,2.79,2.84,2.73,2.84,1336400,2.7
2006-03-17,2.80,2.83,2.77,2.79,923400,2.6
2006-03-16,2.84,2.84,2.79,2.81,964900,2.7
2006-03-15,2.81,2.86,2.81,2.86,949600,2.7
2006-03-14,2.80,2.83,2.79,2.83,600000,2.7
2006-03-13,2.82,2.84,2.77,2.80,759100,2.7
2006-03-10,2.80,2.85,2.79,2.80,603500,2.7
2006-03-09,2.83,2.87,2.78,2.80,785900,2.7
2006-03-08,2.90,2.91,2.75,2.85,1882100,2.7
2006-03-07,2.91,2.98,2.86,2.88,1591000,2.7
2006-03-06,3.02,3.02,2.95,2.96,1063800,2.8
2006-03-03,3.01,3.06,2.92,3.02,2102400,2.9
2006-03-02,3.10,3.17,2.98,3.02,2289900,2.9
2006-03-01,3.16,3.17,3.09,3.11,1892800,3.0
2006-02-28,3.08,3.19,2.99,3.16,3233300,3.0
2006-02-27,3.17,3.17,3.07,3.08,1956600,2.9
2006-02-24,3.12,3.17,3.07,3.16,2671200,3.0
2006-02-23,3.15,3.19,3.08,3.17,4578600,3.0
2006-02-22,3.50,3.50,3.21,3.22,11021500,3.1
2006-02-21,2.91,3.21,2.88,3.21,3785700,3.1
2006-02-20,3.00,3.00,2.90,2.92,1486500,2.8
2006-02-17,3.08,3.08,2.96,3.02,2679600,2.9
2006-02-16,3.05,3.09,2.98,3.00,2575900,2.9
2006-02-15,2.99,3.08,2.96,3.04,3471700,2.9
2006-02-14,2.98,3.00,2.91,2.96,1620800,2.8
2006-02-13,3.02,3.02,2.95,3.00,1573200,2.9
2006-02-10,2.91,2.98,2.88,2.96,1717700,2.8
2006-02-09,2.95,3.01,2.90,2.90,3602100,2.8
2006-02-08,2.83,2.94,2.79,2.92,2538800,2.8
2006-02-07,2.80,2.86,2.79,2.84,1765800,2.7
2006-02-06,2.74,2.82,2.74,2.80,1199300,2.7
2006-02-03,2.76,2.76,2.76,2.76,000,2.6
2006-02-02,2.76,2.76,2.76,2.76,000,2.6
2006-02-01,2.76,2.76,2.76,2.76,000,2.6
2006-01-31,2.76,2.76,2.76,2.76,000,2.6
2006-01-30,2.76,2.76,2.76,2.76,000,2.6
2006-01-27,2.76,2.76,2.76,2.76,000,2.6
2006-01-26,2.76,2.76,2.76,2.76,000,2.6
2006-01-25,2.86,2.87,2.74,2.76,1961100,2.6
2006-01-24,2.88,2.93,2.83,2.86,1269900,2.7
2006-01-23,2.88,2.91,2.82,2.88,1329500,2.7
2006-01-20,2.95,2.95,2.87,2.89,1790900,2.7
2006-01-19,2.93,2.97,2.90,2.94,1593400,2.8
2006-01-18,2.84,3.02,2.83,2.96,2490900,2.8
2006-01-17,2.86,2.88,2.82,2.84,1189900,2.7
2006-01-16,2.99,2.99,2.86,2.89,1116900,2.7
2006-01-13,2.99,3.02,2.92,2.97,2060800,2.8
2006-01-12,2.91,3.03,2.91,2.99,6142600,2.8
2006-01-11,2.89,2.89,2.81,2.88,2569600,2.7
2006-01-10,2.82,2.89,2.79,2.88,1673300,2.7
2006-01-09,2.79,2.86,2.78,2.83,1601200,2.7
2006-01-06,2.78,2.82,2.75,2.79,1783700,2.6
2006-01-05,2.74,2.77,2.72,2.77,1307200,2.6
2006-01-04,2.70,2.75,2.69,2.74,825200,2.6
2006-01-03,2.70,2.70,2.70,2.70,000,2.6
2006-01-02,2.70,2.70,2.70,2.70,000,2.6
