Date,Open,High,Low,Close,Volume,Adj Clos
2003-12-31,10.22,10.34,10.01,10.02,2452800,8.5
2003-12-30,10.26,10.32,10.15,10.20,2833200,8.6
2003-12-29,10.23,10.48,10.15,10.25,3969700,8.7
2003-12-26,10.41,10.50,10.24,10.35,3244600,8.8
2003-12-25,10.25,10.30,10.05,10.21,2638000,8.6
2003-12-24,10.03,10.25,10.03,10.23,3620300,8.7
2003-12-23,9.70,10.12,9.61,10.02,8269200,8.5
2003-12-22,9.53,9.68,9.28,9.68,3190500,8.2
2003-12-19,9.65,9.71,9.51,9.55,2445900,8.1
2003-12-18,9.46,9.63,9.42,9.61,1632200,8.1
2003-12-17,9.59,9.71,9.38,9.50,1733100,8.0
2003-12-16,9.68,9.70,9.42,9.63,1506400,8.2
2003-12-15,9.75,9.75,9.60,9.62,1652100,8.1
2003-12-12,9.60,9.73,9.57,9.69,1699500,8.2
2003-12-11,9.46,9.62,9.45,9.55,2182800,8.1
2003-12-10,9.37,9.49,9.35,9.48,1053900,8.0
2003-12-09,9.33,9.39,9.30,9.37,1080000,7.9
2003-12-08,9.45,9.55,9.34,9.36,1651300,7.9
2003-12-05,9.42,9.65,9.41,9.48,2677300,8.0
2003-12-04,9.30,9.58,9.24,9.44,3410300,8.0
2003-12-03,9.25,9.39,9.18,9.30,2609800,7.9
2003-12-02,9.35,9.37,9.26,9.28,3440800,7.9
2003-12-01,9.08,9.38,9.02,9.29,3881900,7.9
2003-11-28,9.05,9.15,9.01,9.14,2185100,7.7
2003-11-27,9.28,9.28,9.04,9.05,3960600,7.7
2003-11-26,9.15,9.37,9.05,9.29,6482900,7.9
2003-11-25,8.79,9.27,8.75,9.19,11274000,7.8
2003-11-24,8.48,8.80,8.46,8.74,8331000,7.4
2003-11-21,8.43,8.73,8.41,8.48,14987500,7.2
2003-11-20,8.40,8.80,8.38,8.75,1959200,7.4
2003-11-19,8.60,8.65,8.37,8.50,933800,7.2
2003-11-18,9.00,9.05,8.60,8.64,1183200,7.3
2003-11-17,9.38,9.38,9.01,9.02,963100,7.6
2003-11-14,9.20,9.64,9.20,9.27,834200,7.8
2003-11-13,9.26,9.30,9.02,9.18,702000,7.8
2003-11-12,9.40,9.45,9.22,9.28,702500,7.9
2003-11-11,9.60,9.78,9.38,9.48,511000,8.0
2003-11-10,9.62,9.67,9.41,9.58,311700,8.1
2003-11-07,9.28,9.80,9.28,9.62,1853800,8.1
2003-11-06,9.43,9.50,9.30,9.36,513700,7.9
2003-11-05,9.60,9.64,9.38,9.46,770600,8.0
2003-11-04,9.42,9.78,9.33,9.65,2701000,8.2
2003-11-03,9.41,9.56,9.31,9.39,983200,8.0
2003-10-31,9.13,9.52,9.11,9.40,337900,8.0
2003-10-30,9.20,9.21,9.11,9.21,162600,7.8
2003-10-29,9.11,9.30,9.11,9.25,283600,7.8
2003-10-28,9.31,9.33,9.12,9.18,350200,7.8
2003-10-27,9.46,9.46,9.26,9.33,98000,7.9
2003-10-24,9.29,9.54,9.18,9.45,483000,8.0
2003-10-23,9.37,9.40,9.26,9.32,273100,7.9
2003-10-22,9.14,9.39,9.13,9.35,307600,7.9
2003-10-21,9.25,9.25,9.09,9.15,200100,7.7
2003-10-20,9.20,9.30,9.09,9.21,181700,7.8
2003-10-17,9.00,9.30,8.98,9.28,309800,7.9
2003-10-16,9.14,9.18,8.90,9.08,447400,7.7
2003-10-15,9.19,9.27,9.13,9.20,170000,7.8
2003-10-14,9.27,9.34,9.15,9.19,182500,7.8
2003-10-13,9.40,9.48,9.23,9.28,403700,7.9
2003-10-10,9.17,9.43,9.16,9.35,952200,7.9
2003-10-09,9.10,9.23,9.08,9.17,519500,7.8
2003-10-08,9.07,9.14,9.04,9.09,126400,7.7
2003-10-07,9.07,9.07,9.07,9.07,000,7.7
2003-10-06,9.07,9.07,9.07,9.07,000,7.7
2003-10-03,9.07,9.07,9.07,9.07,000,7.7
2003-10-02,9.07,9.07,9.07,9.07,000,7.7
2003-10-01,9.07,9.07,9.07,9.07,000,7.7
2003-09-30,9.05,9.12,9.02,9.07,304000,7.7
2003-09-29,9.04,9.08,8.98,9.05,163500,7.7
2003-09-26,8.98,9.28,8.97,9.05,435300,7.7
2003-09-25,9.00,9.12,8.80,8.99,271400,7.6
2003-09-24,9.00,9.06,8.92,9.05,256500,7.7
2003-09-23,8.89,8.99,8.80,8.99,393100,7.6
2003-09-22,9.11,9.18,8.85,8.90,367800,7.5
2003-09-19,9.17,9.25,8.86,9.10,728200,7.7
2003-09-18,9.41,9.43,9.08,9.17,713200,7.8
2003-09-17,9.55,9.57,9.34,9.41,451300,8.0
2003-09-16,9.90,9.90,9.45,9.55,541200,8.1
2003-09-15,9.78,9.80,9.53,9.58,236900,8.1
2003-09-12,9.80,9.98,9.74,9.77,306500,8.3
2003-09-11,9.75,9.89,9.72,9.76,250400,8.3
2003-09-10,9.72,9.82,9.69,9.75,217600,8.3
2003-09-09,9.77,9.80,9.66,9.72,168400,8.2
2003-09-08,9.90,9.90,9.68,9.75,160800,8.3
2003-09-05,9.73,9.90,9.67,9.89,594600,8.4
2003-09-04,9.79,9.86,9.65,9.72,261500,8.2
2003-09-03,9.89,9.94,9.78,9.79,355900,8.3
2003-09-02,9.99,10.04,9.83,9.88,494500,8.4
2003-09-01,9.90,9.98,9.80,9.97,726200,8.4
2003-08-29,9.59,9.97,9.51,9.93,877300,8.4
2003-08-28,9.60,9.73,9.55,9.60,409800,8.1
2003-08-27,9.60,9.68,9.55,9.60,167000,8.1
2003-08-26,9.64,9.68,9.54,9.60,197400,8.1
2003-08-25,9.81,9.86,9.50,9.64,234100,8.2
2003-08-22,9.80,9.94,9.80,9.83,205000,8.3
2003-08-21,9.86,9.90,9.78,9.80,212500,8.3
2003-08-20,9.87,9.96,9.83,9.89,261400,8.4
2003-08-19,9.93,9.99,9.82,9.85,214700,8.3
2003-08-18,9.99,10.05,9.93,9.94,153400,8.4
2003-08-15,9.94,10.08,9.80,9.99,1442800,8.5
2003-08-14,10.20,10.25,9.91,9.94,1285000,8.4
2003-08-13,10.28,10.28,10.13,10.20,506600,8.6
2003-08-12,10.30,10.31,10.17,10.24,429800,8.7
2003-08-11,10.28,10.33,10.18,10.28,274900,8.7
2003-08-08,10.50,10.57,10.26,10.33,699000,8.8
2003-08-07,10.30,10.55,10.29,10.48,1983100,8.9
2003-08-06,10.34,10.37,10.20,10.22,508400,8.7
2003-08-05,10.37,10.45,10.26,10.34,795000,8.8
2003-08-04,10.43,10.50,10.18,10.43,1515900,8.8
2003-08-01,10.48,10.57,10.31,10.40,945800,8.8
2003-07-31,10.32,10.52,10.30,10.45,1373100,8.9
2003-07-30,10.40,10.55,10.08,10.26,1138600,8.7
2003-07-29,10.40,10.40,10.40,10.40,000,8.8
2003-07-28,10.40,10.46,10.30,10.40,1299400,8.8
2003-07-25,10.60,10.66,10.31,10.38,1108400,8.8
2003-07-24,10.55,10.63,10.41,10.55,1036700,8.9
2003-07-23,10.50,10.58,10.37,10.50,1181100,8.9
2003-07-22,10.55,10.67,10.39,10.51,1212400,8.9
2003-07-21,10.16,10.50,10.00,10.48,1155900,8.9
2003-07-18,10.34,10.41,10.18,10.21,1062700,8.6
2003-07-17,9.98,10.46,9.92,10.34,1987100,8.8
2003-07-16,9.81,10.01,9.81,9.99,1033200,8.5
2003-07-15,9.90,9.99,9.75,9.81,801500,8.3
2003-07-14,9.96,10.01,9.75,9.88,972800,8.4
2003-07-11,10.10,10.10,9.90,9.95,885500,8.4
2003-07-10,9.90,10.20,9.90,10.12,1451300,8.6
2003-07-09,10.05,10.05,9.86,9.91,473800,8.4
2003-07-08,9.96,10.09,9.93,10.03,1136000,8.5
2003-07-07,9.65,9.90,9.60,9.89,1589900,8.4
2003-07-04,9.72,9.72,9.50,9.65,591600,8.2
2003-07-03,9.69,9.75,9.49,9.58,1209100,8.1
2003-07-02,9.97,9.97,9.60,9.72,922300,8.2
2003-07-01,10.01,10.09,9.90,9.97,646000,8.4
2003-06-30,10.00,10.12,9.85,10.00,1643100,8.5
2003-06-27,10.04,10.10,9.90,9.95,1076300,8.4
2003-06-26,10.00,10.21,9.90,10.04,949200,8.5
2003-06-25,9.84,10.00,9.71,10.00,698000,8.5
2003-06-24,9.91,10.05,9.89,9.98,520400,8.5
2003-06-23,10.22,10.22,9.75,9.98,1673000,8.5
2003-06-20,10.52,10.59,10.18,10.24,1352300,8.7
2003-06-19,10.70,10.77,10.48,10.58,822100,9.0
2003-06-18,10.77,10.99,10.68,10.72,758500,9.1
2003-06-17,10.84,10.88,10.70,10.83,509900,9.2
2003-06-16,10.85,11.00,10.77,10.84,707800,9.2
2003-06-13,10.95,11.04,10.80,10.89,1293900,9.2
2003-06-12,10.89,11.09,10.89,10.95,2558800,9.3
2003-06-11,10.86,10.97,10.83,10.89,2276300,9.2
2003-06-10,10.80,11.02,10.79,10.86,2063900,9.2
2003-06-09,11.05,11.13,10.79,10.88,1128700,9.2
2003-06-06,11.19,11.27,10.90,11.07,2029400,9.4
2003-06-05,11.10,11.38,11.10,11.21,3082000,9.5
2003-06-04,11.06,11.20,10.99,11.08,1781200,9.4
2003-06-03,11.18,11.25,11.00,11.07,2497200,9.4
2003-06-02,10.89,11.24,10.89,11.18,4301700,9.5
2003-05-30,10.73,10.95,10.70,10.89,3363800,9.2
2003-05-29,10.69,10.73,10.58,10.72,1252800,9.1
2003-05-28,10.81,10.85,10.58,10.71,1765600,9.1
2003-05-27,10.80,10.90,10.59,10.81,2182400,9.2
2003-05-26,10.72,10.85,10.50,10.83,2814600,9.2
2003-05-23,10.77,11.00,10.60,10.72,2965800,9.1
2003-05-22,10.76,10.88,10.60,10.77,1608200,9.1
2003-05-21,11.00,11.25,10.58,10.77,4219300,9.1
2003-05-20,19.53,19.87,19.20,19.51,3473100,16.6
2003-05-19,19.06,19.53,19.05,19.49,3463400,16.5
2003-05-16,19.01,19.06,18.70,19.04,1119200,16.2
2003-05-15,18.95,19.25,18.76,19.00,1909900,16.1
2003-05-14,18.50,18.95,18.48,18.86,2439700,16.0
2003-05-13,18.64,18.80,18.20,18.46,1061600,15.7
2003-05-12,18.90,19.10,18.39,18.65,1063700,15.8
2003-05-09,18.81,18.81,18.81,18.81,000,16.0
2003-05-08,18.81,18.81,18.81,18.81,000,16.0
2003-05-07,18.81,18.81,18.81,18.81,000,16.0
2003-05-06,18.81,18.81,18.81,18.81,000,16.0
2003-05-05,18.81,18.81,18.81,18.81,000,16.0
2003-05-02,18.81,18.81,18.81,18.81,000,16.0
2003-05-01,18.81,18.81,18.81,18.81,000,16.0
2003-04-30,18.00,18.90,18.00,18.81,1875400,16.0
2003-04-29,18.85,18.85,18.85,18.85,000,16.0
2003-04-28,18.29,18.88,18.02,18.85,2222700,16.0
2003-04-25,18.10,18.45,17.90,18.29,1466500,15.5
2003-04-24,18.63,18.75,17.70,18.18,1341500,15.4
2003-04-23,18.60,19.00,18.38,18.61,1994100,15.8
2003-04-22,18.60,18.77,18.35,18.56,730400,15.8
2003-04-21,19.30,19.30,18.36,18.65,1194000,15.8
2003-04-18,19.25,19.55,19.00,19.30,1755200,16.4
2003-04-17,18.98,19.35,18.80,19.22,1899100,16.3
2003-04-16,19.53,19.80,18.60,18.97,2632800,16.1
2003-04-15,18.18,19.97,18.17,19.53,5470500,16.6
2003-04-14,17.15,18.24,16.90,18.16,3276800,15.4
2003-04-11,17.00,17.49,16.99,17.10,3112500,14.5
2003-04-10,16.89,17.12,16.76,17.00,2837600,14.4
2003-04-09,16.67,16.94,16.56,16.86,941000,14.3
2003-04-08,16.66,16.80,16.58,16.67,577500,14.1
2003-04-07,16.85,16.98,16.58,16.71,812600,14.2
2003-04-04,16.97,17.04,16.77,16.85,852400,14.3
2003-04-03,17.00,17.28,16.80,16.98,1055300,14.4
2003-04-02,16.70,17.15,16.70,17.00,2258200,14.4
2003-04-01,16.65,16.70,16.50,16.66,804800,14.1
2003-03-31,16.47,16.72,16.29,16.69,611700,14.2
2003-03-28,16.68,16.78,16.30,16.47,801400,14.0
2003-03-27,16.40,16.68,16.38,16.65,1160700,14.1
2003-03-26,16.40,16.50,16.31,16.39,353800,13.9
2003-03-25,16.49,16.63,16.35,16.40,445800,13.9
2003-03-24,16.50,16.56,16.35,16.45,305000,14.0
2003-03-21,16.40,16.55,16.38,16.50,535700,14.0
2003-03-20,16.55,16.70,16.25,16.40,688900,13.9
2003-03-19,16.85,16.88,16.44,16.57,1509000,14.1
2003-03-18,17.00,17.00,16.67,16.85,1335200,14.3
2003-03-17,16.99,17.13,16.73,16.84,1328800,14.3
2003-03-14,16.79,17.06,16.70,17.02,1588700,14.4
2003-03-13,16.64,16.92,16.50,16.79,594100,14.3
2003-03-12,16.49,16.67,16.40,16.64,522200,14.1
2003-03-11,16.51,16.68,16.36,16.46,946700,14.0
2003-03-10,16.68,16.80,16.44,16.53,867500,14.0
2003-03-07,16.87,16.89,16.60,16.77,377800,14.2
2003-03-06,16.93,17.06,16.73,16.88,737600,14.3
2003-03-05,16.85,16.97,16.77,16.88,660300,14.3
2003-03-04,16.80,16.98,16.69,16.80,620100,14.3
2003-03-03,16.50,16.80,16.50,16.79,631300,14.3
2003-02-28,16.31,16.56,16.18,16.47,531000,14.0
2003-02-27,16.25,16.40,16.10,16.31,351500,13.8
2003-02-26,16.23,16.33,16.05,16.25,240500,13.8
2003-02-25,16.08,16.30,16.05,16.23,316400,13.8
2003-02-24,16.15,16.30,16.00,16.08,276600,13.6
2003-02-21,16.48,16.50,16.10,16.22,148000,13.8
2003-02-20,16.58,16.61,16.35,16.48,114900,14.0
2003-02-19,16.50,16.62,16.34,16.58,260600,14.1
2003-02-18,16.53,16.65,16.40,16.50,193500,14.0
2003-02-17,16.63,16.75,16.35,16.52,311000,14.0
2003-02-14,16.62,16.72,16.39,16.64,487700,14.1
2003-02-13,16.65,16.87,16.50,16.62,379900,14.1
2003-02-12,16.60,16.76,16.43,16.59,362900,14.1
2003-02-11,16.50,16.76,16.46,16.57,472400,14.1
2003-02-10,16.75,16.82,16.40,16.50,306000,14.0
2003-02-07,16.71,16.71,16.71,16.71,000,14.2
2003-02-06,16.71,16.71,16.71,16.71,000,14.2
2003-02-05,16.71,16.71,16.71,16.71,000,14.2
2003-02-04,16.71,16.71,16.71,16.71,000,14.2
2003-02-03,16.71,16.71,16.71,16.71,000,14.2
2003-01-31,16.71,16.71,16.71,16.71,000,14.2
2003-01-30,16.71,16.71,16.71,16.71,000,14.2
2003-01-29,16.47,16.90,16.47,16.71,1277400,14.2
2003-01-28,16.61,16.67,16.37,16.47,527400,14.0
2003-01-27,16.10,16.60,16.10,16.59,1617800,14.1
2003-01-24,16.05,16.27,15.98,16.09,960200,13.7
2003-01-23,15.78,16.19,15.77,16.02,1035500,13.6
2003-01-22,15.85,15.85,15.50,15.73,482900,13.3
2003-01-21,15.93,16.05,15.71,15.87,431700,13.5
2003-01-20,16.17,16.20,15.68,15.91,615000,13.5
2003-01-17,15.98,16.38,15.98,16.15,1487700,13.7
2003-01-16,15.85,16.00,15.80,15.96,894900,13.5
2003-01-15,15.80,16.25,15.66,15.82,1275700,13.4
2003-01-14,15.73,16.01,15.73,15.75,2799000,13.4
2003-01-13,15.40,15.65,15.39,15.58,584300,13.2
2003-01-10,15.42,15.52,15.25,15.39,573000,13.1
2003-01-09,15.20,15.50,14.97,15.45,995000,13.1
2003-01-08,15.44,15.49,14.90,15.14,792300,12.8
2003-01-07,15.62,15.75,15.25,15.44,194100,13.1
2003-01-06,15.70,15.70,15.50,15.62,276500,13.3
2003-01-03,15.40,15.93,15.40,15.69,124000,13.3
2003-01-02,16.46,16.46,15.79,15.87,154600,13.5
2003-01-01,16.67,16.67,16.67,16.67,000,14.1
