Date,Open,High,Low,Close,Volume,Adj Clos
2009-12-31,25.29,25.58,24.88,25.46,7865500,25.2
2009-12-30,24.93,25.29,24.70,25.12,7967200,24.9
2009-12-29,25.33,25.36,24.85,25.30,8013300,25.0
2009-12-28,25.14,25.90,25.10,25.48,6720000,25.2
2009-12-25,25.30,25.30,24.80,24.98,5683000,24.7
2009-12-23,23.40,24.08,23.31,23.78,7287500,23.5
2009-12-22,24.83,24.85,23.40,23.68,8532800,23.4
2009-12-21,24.99,25.05,24.70,25.05,5527400,24.8
2009-12-18,25.39,25.39,24.57,24.68,9395100,24.4
2009-12-17,26.99,27.18,25.90,25.91,7958400,25.6
2009-12-16,26.84,27.15,26.46,26.70,5655300,26.4
2009-12-15,27.20,27.34,26.84,26.87,6614100,26.6
2009-12-14,26.80,27.29,26.21,27.17,8573100,26.9
2009-12-11,27.33,27.50,27.01,27.12,6229400,26.8
2009-12-10,27.16,27.39,26.90,27.30,8974100,27.0
2009-12-09,27.10,27.44,26.83,27.02,9414100,26.7
2009-12-08,27.52,27.98,27.39,27.65,10583900,27.4
2009-12-07,27.00,27.65,26.70,27.53,13977800,27.3
2009-12-04,28.32,28.57,27.31,28.05,18516100,27.8
2009-12-03,29.73,29.73,28.45,28.82,20962800,28.5
2009-12-02,28.30,30.03,28.06,29.71,29580000,29.4
2009-12-01,27.40,28.26,27.13,27.64,14077700,27.4
2009-11-30,26.50,27.20,26.50,27.11,14401100,26.8
2009-11-27,27.79,27.79,26.01,26.33,25265900,26.1
2009-11-26,30.38,30.74,28.28,28.43,36096200,28.1
2009-11-25,28.26,30.25,28.12,29.81,32834200,29.5
2009-11-24,29.15,29.98,28.37,28.38,35956700,28.1
2009-11-23,28.75,29.25,28.55,28.95,19439100,28.7
2009-11-20,28.42,28.68,28.00,28.36,14857300,28.1
2009-11-19,28.36,29.27,28.11,28.72,17869700,28.4
2009-11-18,28.60,28.80,27.99,28.34,13273300,28.1
2009-11-17,29.21,29.40,28.39,28.53,15221900,28.2
2009-11-16,28.48,29.40,28.12,28.79,22145500,28.5
2009-11-13,27.65,27.97,27.30,27.97,19200300,27.7
2009-11-12,29.18,29.40,28.22,28.38,15925400,28.1
2009-11-11,28.52,28.97,28.20,28.59,18653200,28.3
2009-11-10,29.39,29.39,28.30,28.31,27792400,28.0
2009-11-09,28.18,30.01,27.80,29.32,37114800,29.0
2009-11-06,27.45,28.18,27.22,27.84,22369000,27.6
2009-11-05,27.88,27.88,26.90,27.31,19942700,27.0
2009-11-04,28.45,28.78,27.21,27.50,28612100,27.2
2009-11-03,27.02,27.98,27.00,27.21,27661300,26.9
2009-11-02,25.00,26.16,24.49,26.16,17124100,25.9
2009-10-30,25.80,25.99,25.31,25.42,15713300,25.2
2009-10-29,25.40,25.68,24.80,24.98,15846600,24.7
2009-10-28,25.53,26.10,25.50,26.10,15370100,25.8
2009-10-27,25.85,26.30,25.50,25.52,21767100,25.3
2009-10-26,26.94,27.20,26.46,26.77,16718200,26.5
2009-10-23,26.62,27.74,26.61,27.36,24958500,27.1
2009-10-22,27.00,27.50,26.55,26.61,18239800,26.3
2009-10-21,27.30,27.33,26.77,26.84,27027100,26.6
2009-10-20,28.15,28.40,27.36,27.79,32542600,27.5
2009-10-19,26.44,28.19,26.01,27.85,36957900,27.6
2009-10-16,26.10,27.35,26.02,26.82,28566000,26.6
2009-10-15,26.55,27.48,26.04,26.57,29959800,26.3
2009-10-14,27.00,27.55,26.30,26.41,37942200,26.1
2009-10-13,25.18,26.85,24.80,26.77,36731400,26.5
2009-10-12,25.20,25.90,24.41,25.00,28315300,24.7
2009-10-09,23.97,23.97,23.97,23.97,4246500,23.7
2009-09-30,21.54,22.54,21.52,21.79,14559500,21.6
2009-09-29,21.05,21.49,20.50,21.19,13280500,21.0
2009-09-28,22.45,22.99,20.71,21.00,13469700,20.8
2009-09-25,22.70,23.21,22.32,22.36,15741800,22.1
2009-09-24,23.40,24.49,22.41,23.74,18850000,23.5
2009-09-23,25.66,25.99,23.68,23.95,20092900,23.7
2009-09-22,24.74,26.20,24.53,25.24,23395300,25.0
2009-09-21,24.60,25.22,23.60,24.87,23038700,24.6
2009-09-18,26.60,26.99,24.88,25.46,30998400,25.2
2009-09-17,27.62,28.19,27.00,27.28,36947400,27.0
2009-09-16,26.20,27.98,25.62,27.49,46891800,27.2
2009-09-15,25.00,26.45,24.51,25.56,32170900,25.3
2009-09-14,25.69,26.44,25.02,25.24,34600200,25.0
2009-09-11,24.26,26.50,24.26,25.41,39037000,25.2
2009-09-10,23.99,25.80,23.53,24.85,35020800,24.6
2009-09-09,24.93,25.70,24.11,24.75,46760100,24.5
2009-09-08,21.84,24.22,21.45,24.22,35756900,24.0
2009-09-07,21.10,22.49,20.78,22.02,26465000,21.8
2009-09-04,21.09,21.75,20.73,20.80,26610700,20.6
2009-09-03,19.50,20.37,19.30,20.37,21415000,20.2
2009-09-02,18.11,18.66,18.01,18.52,9476400,18.3
2009-09-01,18.80,19.28,17.81,18.42,13593100,18.2
2009-08-31,21.38,21.69,19.26,19.40,19454800,19.2
2009-08-28,21.50,22.48,20.95,21.36,23485100,21.1
2009-08-27,21.00,21.75,20.87,21.38,11184500,21.2
2009-08-26,20.63,21.90,20.50,21.34,12234800,21.1
2009-08-25,21.75,21.78,20.08,21.00,16383400,20.8
2009-08-24,22.20,22.40,21.75,22.03,17145200,21.8
2009-08-21,20.83,21.61,20.32,21.40,16200700,21.2
2009-08-20,20.11,21.29,20.11,21.00,15978400,20.8
2009-08-19,21.98,22.00,19.74,20.01,16347300,19.8
2009-08-18,21.19,22.50,20.50,21.93,17440600,21.7
2009-08-17,22.20,22.70,21.06,21.06,15486100,20.8
2009-08-14,23.98,24.51,23.38,23.40,17337800,23.2
2009-08-13,23.31,24.28,22.92,24.00,17233300,23.8
2009-08-12,24.75,24.75,22.65,23.00,16834200,22.8
2009-08-11,25.50,25.50,24.43,24.80,10192900,24.5
2009-08-10,25.00,25.50,24.27,25.23,19373300,25.0
2009-08-07,25.84,26.50,24.10,24.25,21748200,24.0
2009-08-06,27.25,27.30,26.12,26.12,27557600,25.9
2009-08-05,27.23,28.50,27.01,27.98,35786200,27.7
2009-08-04,27.05,27.69,26.20,26.80,27527400,26.5
2009-08-03,26.78,27.59,26.58,26.61,35956900,26.3
2009-07-31,24.90,26.50,24.08,26.05,33310100,25.8
2009-07-30,24.15,24.66,22.41,24.57,34785400,24.3
2009-07-29,26.00,26.50,24.14,24.21,34608500,24.0
2009-07-28,26.00,27.58,25.58,26.82,55259800,26.6
2009-07-27,23.10,25.39,22.36,25.39,50798400,25.1
2009-07-24,22.91,23.45,21.50,23.08,26190800,22.8
2009-07-23,22.98,23.30,22.45,22.71,19719900,22.5
2009-07-22,22.50,23.35,22.30,22.72,23637700,22.5
2009-07-21,23.70,23.96,22.13,22.50,30069200,22.3
2009-07-20,21.80,23.45,21.80,23.36,39283100,23.1
2009-07-17,21.00,22.00,20.90,21.81,25585000,21.6
2009-07-16,21.86,22.50,21.25,21.27,35287900,21.0
2009-07-15,20.87,21.68,20.63,21.49,26609700,21.3
2009-07-14,20.59,20.89,20.40,20.67,16336400,20.5
2009-07-13,21.00,21.10,20.31,20.39,26640800,20.2
2009-07-10,21.28,22.20,21.10,21.27,28164400,21.0
2009-07-09,20.70,21.38,20.60,21.15,19260200,20.9
2009-07-08,21.00,21.74,20.82,21.10,26423900,20.9
2009-07-07,20.65,21.96,19.99,21.57,48854300,21.3
2009-07-06,21.80,21.80,20.81,20.94,30270300,20.7
2009-07-03,21.18,21.80,20.93,21.57,54471200,21.3
2009-07-02,21.58,22.99,21.57,22.12,75610700,21.9
2009-07-01,19.19,20.90,19.19,20.90,60612200,20.7
2009-06-30,17.36,19.04,17.34,19.00,50212900,18.8
2009-06-29,17.37,17.45,17.00,17.31,10342900,17.1
2009-06-26,17.70,17.78,17.25,17.38,7994400,17.2
2009-06-25,17.96,18.13,17.40,17.53,12643600,17.3
2009-06-24,17.16,17.85,17.16,17.80,16383100,17.6
2009-06-23,17.15,17.49,16.97,17.07,9894400,16.9
2009-06-22,17.37,17.76,17.25,17.58,10310700,17.4
2009-06-19,17.70,17.77,17.16,17.24,14292700,17.1
2009-06-18,17.86,18.20,17.56,17.64,14002000,17.4
2009-06-17,17.70,18.20,17.41,17.80,17724200,17.6
2009-06-16,17.15,18.10,17.01,17.83,14701200,17.6
2009-06-15,17.08,17.48,16.97,17.42,8343300,17.1
2009-06-12,17.48,17.74,17.06,17.15,9563600,16.9
2009-06-11,17.73,17.83,17.42,17.46,9859300,17.2
2009-06-10,18.01,18.18,17.61,17.92,10484500,17.6
2009-06-09,18.00,18.25,17.21,17.67,16136100,17.4
2009-06-08,18.70,19.09,18.00,18.29,26413300,18.0
2009-06-05,19.25,19.93,19.12,19.34,34220900,19.0
2009-06-04,18.60,19.12,18.18,18.73,29991000,18.4
2009-06-03,17.92,19.23,17.92,19.15,44089900,18.8
2009-06-02,18.03,18.80,17.55,17.78,35766600,17.5
2009-06-01,17.37,18.40,17.31,18.01,38459100,17.7
2009-05-27,16.60,16.98,16.22,16.88,15177900,16.6
2009-05-26,17.04,17.10,16.35,16.41,13192300,16.1
2009-05-25,16.44,17.27,16.08,17.05,15868200,16.8
2009-05-22,17.80,17.83,16.71,16.81,21802300,16.5
2009-05-21,17.06,17.79,16.93,17.68,33482600,17.4
2009-05-20,16.98,17.95,16.65,16.97,29040400,16.7
2009-05-19,16.01,17.30,15.72,17.18,28338600,16.9
2009-05-18,15.82,16.09,15.50,16.07,8908900,15.8
2009-05-15,16.10,16.25,15.71,15.84,9829500,15.6
2009-05-14,16.16,16.66,15.92,16.10,9766300,15.8
2009-05-13,16.15,16.65,15.95,16.38,14546900,16.1
2009-05-12,15.68,15.95,15.50,15.92,7947800,15.7
2009-05-11,16.70,16.70,15.69,15.70,15441400,15.4
2009-05-08,16.92,17.15,16.60,16.74,18730000,16.5
2009-05-07,16.55,17.00,16.30,16.58,16375300,16.3
2009-05-06,16.11,16.48,15.92,16.29,10239100,16.0
2009-05-05,16.80,16.83,16.18,16.22,13629600,15.9
2009-05-04,15.36,16.48,15.36,16.36,13951100,16.1
2009-04-30,15.30,15.49,15.21,15.36,10059300,15.1
2009-04-29,15.08,15.49,14.66,15.34,13126800,15.1
2009-04-28,15.39,15.48,14.99,15.12,13037800,14.9
2009-04-27,16.35,16.69,15.90,15.90,13689200,15.6
2009-04-24,16.25,17.00,15.66,16.21,18427500,15.9
2009-04-23,15.54,16.34,14.99,16.05,16558500,15.8
2009-04-22,17.15,17.26,15.52,15.72,19623600,15.5
2009-04-21,17.60,18.19,16.60,17.04,23802000,16.8
2009-04-17,18.48,18.48,17.40,17.55,22325800,17.3
2009-04-16,17.40,19.00,17.25,18.46,33924000,18.2
2009-04-15,17.21,17.99,16.81,17.49,22189900,17.2
2009-04-14,17.88,18.37,17.42,17.66,21162600,17.4
2009-04-13,17.85,17.88,17.35,17.50,26963600,17.2
2009-04-10,16.79,17.86,16.57,17.67,30506700,17.4
2009-04-09,16.60,16.89,16.03,16.68,16636000,16.4
2009-04-08,17.55,17.73,16.55,16.61,21507600,16.3
2009-04-07,16.42,17.65,16.40,17.57,31413900,17.3
2009-04-03,17.40,17.41,16.80,16.88,35602500,16.6
2009-04-02,18.00,18.42,17.40,17.64,29065600,17.3
2009-04-01,18.00,18.77,17.62,18.09,39004000,17.8
2009-03-31,17.41,19.38,17.41,17.97,45281700,17.7
2009-03-30,17.40,18.92,16.74,18.49,40263700,18.2
2009-03-27,17.15,18.14,16.66,17.90,50453300,17.6
2009-03-26,15.26,16.61,15.11,16.61,45191200,16.3
2009-03-25,14.03,15.79,13.96,15.10,42383000,14.8
2009-03-24,14.85,15.00,14.20,14.37,33077600,14.1
2009-03-23,14.50,15.37,14.48,15.02,50981800,14.8
2009-03-20,13.08,13.97,12.90,13.97,32594300,13.7
2009-03-19,12.45,12.88,12.35,12.70,15545300,12.5
2009-03-18,12.20,12.84,12.01,12.36,17705000,12.1
2009-03-17,11.45,12.25,11.30,12.14,14389700,11.9
2009-03-16,11.15,11.49,11.05,11.41,5208700,11.2
2009-03-13,11.42,11.59,11.08,11.13,5145100,10.9
2009-03-12,11.42,11.57,10.91,11.33,6277400,11.1
2009-03-11,11.84,11.87,11.35,11.42,7907000,11.2
2009-03-10,11.05,11.76,10.78,11.59,7907100,11.4
2009-03-09,12.60,12.75,11.26,11.35,12720600,11.1
2009-03-06,12.41,12.80,12.24,12.48,13388000,12.3
2009-03-05,12.10,12.80,12.00,12.30,15745900,12.1
2009-03-04,11.20,12.15,11.19,12.01,14871400,11.8
2009-03-03,11.30,11.62,11.20,11.30,9880400,11.1
2009-03-02,11.02,11.93,10.75,11.90,15116700,11.7
2009-02-27,11.93,12.04,11.23,11.45,18908100,11.2
2009-02-26,13.88,14.00,12.48,12.48,14084500,12.3
2009-02-25,13.94,14.50,13.39,13.87,18012200,13.6
2009-02-24,13.48,14.68,13.31,14.12,23245700,13.9
2009-02-23,12.92,13.82,12.76,13.71,19009500,13.5
2009-02-20,12.00,12.82,11.75,12.72,9572100,12.5
2009-02-19,12.68,12.90,11.80,12.03,11274300,11.8
2009-02-18,12.46,13.20,12.46,12.52,12599800,12.3
2009-02-17,12.93,13.57,12.08,12.84,16869300,12.6
2009-02-16,13.15,13.20,12.53,12.94,11792100,12.7
2009-02-13,12.89,13.09,12.65,13.09,13220700,12.9
2009-02-12,13.15,13.48,12.20,12.84,18805100,12.6
2009-02-11,11.99,13.25,11.76,12.80,21668600,12.6
2009-02-10,11.58,12.19,11.19,12.10,17171900,11.9
2009-02-09,11.00,11.64,11.00,11.58,18915700,11.4
2009-02-06,9.95,10.80,9.95,10.69,13846700,10.5
2009-02-05,10.18,10.38,9.73,9.88,14474200,9.7
2009-02-04,9.68,10.28,9.60,10.25,13221100,10.1
2009-02-03,9.39,9.79,9.30,9.66,12541100,9.5
2009-02-02,9.15,9.64,9.08,9.57,14333000,9.4
2009-01-23,9.08,9.08,8.84,8.87,4525200,8.7
2009-01-22,8.90,9.10,8.80,9.09,6989100,8.9
2009-01-21,8.81,9.07,8.74,8.87,4048800,8.7
2009-01-20,8.90,8.99,8.72,8.98,4087900,8.8
2009-01-19,9.10,9.29,8.78,8.90,7054700,8.7
2009-01-16,8.72,9.12,8.72,9.03,9531900,8.9
2009-01-15,8.49,8.89,8.35,8.70,8019000,8.5
2009-01-14,8.23,8.64,8.18,8.60,5448000,8.4
2009-01-13,8.45,8.58,8.21,8.25,7568800,8.1
2009-01-12,8.47,9.08,8.46,8.78,13219900,8.6
2009-01-09,8.11,8.51,8.11,8.43,4697000,8.3
2009-01-08,8.28,8.28,8.08,8.13,3605700,8.0
2009-01-07,8.60,8.69,8.42,8.45,7236300,8.3
2009-01-06,8.10,8.53,7.98,8.51,8103300,8.3
2009-01-05,8.06,8.25,8.00,8.18,3583300,8.0
