Date,Open,High,Low,Close,Volume,Adj Clos
2011-12-30,4.35,4.48,4.35,4.44,1142600,4.4
2011-12-29,4.32,4.43,4.28,4.35,1535900,4.3
2011-12-28,4.40,4.48,4.24,4.37,2098300,4.3
2011-12-27,4.62,4.64,4.45,4.47,975400,4.4
2011-12-26,4.60,4.68,4.58,4.64,802500,4.6
2011-12-23,4.55,4.73,4.50,4.67,1370200,4.6
2011-12-22,4.83,4.83,4.49,4.63,3292300,4.6
2011-12-21,4.99,5.04,4.88,4.92,1036300,4.9
2011-12-20,4.81,5.11,4.81,4.99,2103700,4.9
2011-12-19,4.82,4.92,4.75,4.86,1000700,4.8
2011-12-16,4.71,4.87,4.71,4.86,1312300,4.8
2011-12-15,4.95,4.99,4.74,4.74,1422000,4.7
2011-12-14,4.98,5.05,4.90,4.95,1229900,4.9
2011-12-13,5.28,5.28,4.98,5.00,2505600,5.0
2011-12-12,5.32,5.38,5.26,5.27,1094600,5.2
2011-12-09,5.46,5.48,5.32,5.35,1117000,5.3
2011-12-08,5.39,5.52,5.32,5.48,2234400,5.4
2011-12-07,5.36,5.43,5.34,5.40,1239400,5.4
2011-12-06,5.42,5.42,5.23,5.37,2371400,5.3
2011-12-05,5.70,5.70,5.38,5.41,2629300,5.4
2011-12-02,5.92,5.92,5.68,5.71,2404200,5.7
2011-12-01,5.98,6.06,5.89,5.92,3270500,5.9
2011-11-30,6.21,6.21,5.72,5.83,3136100,5.8
2011-11-29,6.15,6.21,6.12,6.21,1687300,6.2
2011-11-28,6.13,6.16,6.01,6.11,1534300,6.1
2011-11-25,6.12,6.19,6.10,6.13,1699400,6.1
2011-11-24,6.20,6.20,6.02,6.15,3404100,6.1
2011-11-23,6.35,6.35,6.21,6.24,2093700,6.2
2011-11-22,6.25,6.37,6.21,6.31,2127500,6.3
2011-11-21,6.39,6.40,6.20,6.32,2021000,6.3
2011-11-18,6.58,6.58,6.37,6.39,2635400,6.3
2011-11-17,6.53,6.64,6.50,6.58,3498500,6.5
2011-11-16,6.87,6.91,6.48,6.52,6860600,6.5
2011-11-15,6.86,6.93,6.82,6.88,3312900,6.8
2011-11-14,6.74,6.94,6.70,6.89,4460500,6.8
2011-11-11,6.79,6.85,6.66,6.71,4001500,6.7
2011-11-10,6.60,6.96,6.60,6.77,10126700,6.7
2011-11-09,6.54,6.69,6.40,6.68,5342500,6.6
2011-11-08,6.58,6.68,6.53,6.54,3982000,6.5
2011-11-07,6.67,6.72,6.56,6.66,4246000,6.6
2011-11-04,6.74,6.78,6.60,6.71,5446400,6.7
2011-11-03,6.68,6.88,6.65,6.72,8569200,6.7
2011-11-02,6.51,6.68,6.43,6.67,5491600,6.6
2011-11-01,6.41,6.63,6.41,6.62,4944900,6.6
2011-10-31,6.48,6.56,6.43,6.49,4312900,6.4
2011-10-28,6.47,6.60,6.40,6.51,4903400,6.5
2011-10-27,6.51,6.60,6.39,6.40,5694500,6.4
2011-10-26,6.31,6.85,6.27,6.61,9829000,6.6
2011-10-25,6.21,6.55,6.21,6.39,8043700,6.3
2011-10-24,6.33,6.45,6.06,6.29,9227000,6.2
2011-10-21,6.69,6.82,6.69,6.69,9761800,6.6
2011-10-20,7.43,7.43,7.43,7.43,279500,7.4
2011-09-05,8.12,8.33,8.08,8.26,5101000,8.2
2011-09-02,8.26,8.35,8.10,8.21,4495200,8.2
2011-09-01,8.45,8.45,8.22,8.29,5942500,8.2
2011-08-31,8.20,8.51,8.15,8.47,10468700,8.4
2011-08-30,8.31,8.37,8.13,8.20,4632300,8.2
2011-08-29,8.18,8.50,8.02,8.30,6617800,8.3
2011-08-26,8.25,8.35,8.06,8.26,6582700,8.2
2011-08-25,7.98,8.28,7.97,8.24,9129600,8.2
2011-08-24,8.15,8.15,7.94,8.02,4002900,8.0
2011-08-23,7.77,8.10,7.77,8.10,4800300,8.1
2011-08-22,7.86,7.88,7.73,7.77,2723900,7.7
2011-08-19,8.00,8.12,7.68,7.88,4794600,7.8
2011-08-18,8.06,8.22,8.00,8.14,5219700,8.1
2011-08-17,8.02,8.18,7.91,8.10,4952400,8.1
2011-08-16,7.90,8.17,7.80,8.08,8891400,8.0
2011-08-15,7.77,7.92,7.70,7.90,4145100,7.9
2011-08-12,7.80,7.85,7.68,7.76,4253900,7.7
2011-08-11,7.50,7.91,7.37,7.75,5964600,7.7
2011-08-10,7.83,8.06,7.78,7.80,7660600,7.8
2011-08-09,7.98,8.06,7.54,7.75,12282600,7.7
2011-08-08,8.29,8.50,7.74,8.38,15455900,8.3
2011-08-05,7.80,8.37,7.65,8.29,8306800,8.2
2011-08-04,8.43,8.58,8.14,8.24,8687900,8.2
2011-08-03,8.20,8.36,8.13,8.34,6463100,8.3
2011-08-02,8.14,8.34,8.04,8.32,8073200,8.3
2011-08-01,7.93,8.22,7.65,8.12,4133500,8.1
2011-07-29,8.02,8.09,7.84,7.91,3369600,7.9
2011-07-28,7.90,8.03,7.83,8.03,3709300,8.0
2011-07-27,7.70,7.99,7.69,7.98,3051400,7.9
2011-07-26,7.90,7.93,7.57,7.82,3639000,7.8
2011-07-25,8.12,8.26,7.84,7.87,5283300,7.8
2011-07-22,8.14,8.20,8.06,8.14,2638800,8.1
2011-07-21,8.32,8.32,8.05,8.09,4351800,8.0
2011-07-20,8.35,8.58,8.26,8.32,5744400,8.3
2011-07-19,8.21,8.41,8.19,8.28,4496200,8.2
2011-07-18,8.38,8.48,8.16,8.28,6310900,8.2
2011-07-15,8.00,8.37,7.93,8.28,8346800,8.2
2011-07-14,8.01,8.04,7.88,8.00,5475600,8.0
2011-07-13,7.51,7.98,7.49,7.94,6696400,7.9
2011-07-12,7.70,7.70,7.51,7.52,4720800,7.5
2011-07-11,7.85,8.01,7.78,7.82,5034000,7.8
2011-07-08,7.76,8.00,7.69,7.91,5822600,7.9
2011-07-07,7.70,7.83,7.60,7.76,3801500,7.7
2011-07-06,7.71,7.78,7.62,7.73,2639200,7.7
2011-07-05,7.69,7.82,7.62,7.78,4110800,7.7
2011-07-04,7.51,7.76,7.51,7.68,4397700,7.6
2011-07-01,7.61,7.69,7.53,7.54,3341400,7.5
2011-06-30,7.67,7.72,7.52,7.61,5336800,7.6
2011-06-29,7.52,7.99,7.50,7.58,11455100,7.5
2011-06-28,7.17,7.59,7.08,7.42,5504900,7.4
2011-06-27,7.13,7.27,7.11,7.21,1925900,7.2
2011-06-24,6.89,7.23,6.88,7.14,3229000,7.1
2011-06-23,6.78,6.96,6.66,6.90,1882700,6.9
2011-06-22,6.82,6.85,6.68,6.77,1735300,6.7
2011-06-21,6.78,6.85,6.67,6.82,2057300,6.8
2011-06-20,6.90,7.00,6.66,6.78,2564000,6.7
2011-06-17,7.09,7.18,6.90,6.96,2314600,6.9
2011-06-16,7.31,7.31,7.09,7.13,3166800,7.1
2011-06-15,7.45,7.52,7.35,7.36,1930200,7.3
2011-06-14,7.30,7.70,7.30,7.44,4222200,7.4
2011-06-13,7.17,7.40,7.14,7.37,3281700,7.3
2011-06-10,7.21,7.26,7.06,7.24,2721400,7.2
2011-06-09,7.36,7.44,7.22,7.22,3564300,7.2
2011-06-08,7.39,7.41,7.20,7.37,3616500,7.3
2011-06-07,7.30,7.44,7.30,7.39,2650700,7.3
2011-06-03,7.16,7.40,7.09,7.31,3214900,7.3
2011-06-02,7.25,7.28,7.03,7.15,3370700,7.1
2011-06-01,7.27,7.40,7.23,7.30,3347100,7.3
2011-05-31,7.08,7.26,7.08,7.26,3220200,7.2
2011-05-30,7.21,7.30,7.05,7.09,3169800,7.0
2011-05-27,7.77,7.78,7.20,7.28,6637500,7.2
2011-05-26,7.71,7.88,7.66,7.75,6349900,7.7
2011-05-25,7.84,7.95,7.50,7.65,5923500,7.6
2011-05-24,7.90,7.99,7.65,7.98,6459500,7.9
2011-05-23,8.60,8.63,7.87,7.94,10497200,7.9
2011-05-20,8.75,8.80,8.47,8.58,9373400,8.5
2011-05-19,8.79,9.08,8.66,8.84,10331800,8.8
2011-05-17,9.27,9.27,8.70,8.76,15762800,8.7
2011-05-16,8.90,9.28,8.75,9.27,17505600,9.2
2011-05-13,9.03,9.27,8.60,8.92,18286500,8.9
2011-05-12,8.85,9.47,8.73,9.03,26565600,9.0
2011-05-11,8.84,9.13,8.72,8.97,18436900,8.9
2011-05-10,8.70,9.38,8.48,8.95,33859300,8.9
2011-05-09,8.40,8.60,8.15,8.60,23056100,8.6
2011-05-06,7.84,7.90,7.58,7.82,2216800,7.8
2011-05-05,7.84,8.01,7.83,7.84,2729600,7.8
2011-05-04,8.08,8.10,7.83,7.90,2909900,7.9
2011-05-03,7.91,8.13,7.87,8.11,2852400,8.1
2011-04-29,7.72,8.00,7.50,7.99,4487800,7.9
2011-04-28,7.87,8.02,7.80,7.80,4551100,7.8
2011-04-27,8.00,8.11,7.80,7.87,7088400,7.8
2011-04-26,8.55,8.95,7.93,8.06,15287400,8.0
2011-04-25,8.65,8.76,8.40,8.63,8658600,8.6
2011-04-22,8.38,8.98,8.25,8.70,16493000,8.7
2011-04-21,8.22,8.54,8.22,8.40,5959400,8.4
2011-04-20,8.40,8.56,8.29,8.37,7647800,8.3
2011-04-19,8.26,8.64,8.12,8.49,16559100,8.4
2011-04-18,8.20,8.31,8.13,8.30,9462700,8.3
2011-04-15,8.31,8.34,8.10,8.29,6395100,8.2
2011-04-14,8.35,8.45,8.20,8.43,12058800,8.4
2011-04-13,8.03,8.33,7.95,8.31,7330700,8.3
2011-04-12,8.00,8.17,7.95,8.03,4688800,8.0
2011-04-11,8.24,8.32,8.00,8.01,5486200,8.0
2011-04-08,8.21,8.28,8.08,8.26,6017300,8.2
2011-04-07,8.38,8.50,8.20,8.24,13275500,8.2
2011-04-06,8.11,8.32,8.04,8.29,9161100,8.2
2011-04-01,8.05,8.19,7.93,8.14,5023600,8.1
2011-03-31,8.00,8.20,7.96,8.09,5928000,8.0
2011-03-30,8.00,8.09,7.83,8.00,3613000,8.0
2011-03-29,8.18,8.25,7.95,8.00,7063600,8.0
2011-03-28,8.12,8.38,7.94,8.29,10791900,8.2
2011-03-25,8.06,8.18,7.98,8.04,5205100,8.0
2011-03-24,7.84,8.05,7.84,7.99,4006900,7.9
2011-03-23,7.76,7.88,7.73,7.84,2516800,7.8
2011-03-22,7.84,7.89,7.66,7.76,3944000,7.7
2011-03-21,8.10,8.30,7.88,7.92,8678000,7.9
2011-03-18,7.81,8.06,7.73,8.04,6154400,8.0
2011-03-17,8.00,8.00,7.70,7.76,5696300,7.7
2011-03-16,8.00,8.13,7.88,8.05,4557600,8.0
2011-03-15,7.96,8.10,7.80,8.05,6455200,8.0
2011-03-14,7.67,7.95,7.67,7.89,5118100,7.8
2011-03-11,7.82,7.89,7.64,7.75,9320000,7.7
2011-03-10,8.12,8.14,7.77,7.86,6938600,7.8
2011-03-09,7.98,8.18,7.93,8.14,6436600,8.1
2011-03-08,7.88,8.08,7.88,8.00,4853700,8.0
2011-03-07,7.88,8.06,7.66,7.98,9756200,7.9
2011-03-04,7.61,7.86,7.60,7.78,6486100,7.7
2011-03-03,7.58,7.83,7.50,7.64,12134900,7.6
2011-03-02,7.50,7.59,7.39,7.54,3479000,7.5
2011-03-01,7.55,7.57,7.44,7.54,3828600,7.5
2011-02-28,7.30,7.62,7.30,7.55,7860800,7.5
2011-02-25,7.36,7.36,7.23,7.31,4787200,7.3
2011-02-24,7.29,7.40,7.22,7.36,5289800,7.3
2011-02-23,7.15,7.50,7.13,7.28,5893100,7.2
2011-02-22,7.24,7.52,7.18,7.23,11665400,7.2
2011-02-21,7.01,7.27,7.01,7.22,4655600,7.2
2011-02-18,7.25,7.25,7.08,7.12,3192100,7.1
2011-02-17,7.16,7.18,7.05,7.15,3187500,7.1
2011-02-16,7.01,7.17,6.99,7.14,2945600,7.1
2011-02-15,7.05,7.12,7.00,7.02,2997900,7.0
2011-02-14,7.00,7.07,6.90,7.05,3935200,7.0
2011-02-11,6.95,7.05,6.90,6.98,2338400,6.9
2011-02-10,6.80,6.98,6.76,6.95,2428900,6.9
2011-02-09,6.60,7.09,6.60,6.87,5024100,6.8
2011-02-01,6.60,6.66,6.57,6.63,1474000,6.6
2011-01-31,6.56,6.65,6.55,6.61,2289700,6.6
2011-01-28,6.57,6.62,6.54,6.60,1774400,6.6
2011-01-27,6.45,6.62,6.42,6.55,1725200,6.5
2011-01-26,6.38,6.50,6.33,6.50,1380900,6.5
2011-01-25,6.46,6.52,6.33,6.38,1426700,6.3
2011-01-24,6.79,6.79,6.41,6.46,3078700,6.4
2011-01-21,6.66,6.79,6.66,6.75,2585400,6.7
2011-01-20,7.22,7.22,6.67,6.68,3785000,6.6
2011-01-19,7.24,7.25,7.13,7.20,2500400,7.2
2011-01-18,7.09,7.18,7.06,7.15,2364300,7.1
2011-01-17,7.10,7.19,7.00,7.09,3470900,7.0
2011-01-14,7.09,7.22,7.00,7.16,3210200,7.1
2011-01-13,7.19,7.21,7.05,7.16,3896900,7.1
2011-01-12,7.35,7.52,7.03,7.19,6995100,7.1
2011-01-11,7.58,7.61,7.46,7.55,2038500,7.5
2011-01-10,7.89,7.89,7.54,7.61,1909200,7.6
2011-01-07,7.91,7.99,7.76,7.80,2444200,7.8
2011-01-06,7.95,8.04,7.90,7.90,1847000,7.9
2011-01-05,7.96,8.07,7.90,8.00,1915800,8.0
2011-01-04,7.88,7.97,7.80,7.97,1894200,7.9
