Date,Open,High,Low,Close,Volume,Adj Clos
2011-12-30,10.98,11.08,10.80,11.01,379100,11.0
2011-12-29,11.00,11.00,10.80,10.88,304200,10.8
2011-12-28,11.20,11.36,10.80,10.90,386700,10.9
2011-12-27,11.23,11.23,10.95,10.95,146300,10.9
2011-12-26,11.25,11.35,11.09,11.20,249900,11.2
2011-12-23,11.25,11.47,10.94,11.19,245000,11.1
2011-12-22,11.02,11.26,10.93,11.12,349900,11.1
2011-12-20,11.30,11.47,11.28,11.38,141000,11.3
2011-12-19,11.49,11.49,11.01,11.32,230800,11.3
2011-12-16,11.55,11.55,11.20,11.48,154200,11.4
2011-12-15,11.31,11.87,11.31,11.37,389900,11.3
2011-12-14,11.87,12.05,11.70,11.82,147200,11.8
2011-12-13,12.22,12.37,11.74,11.84,704000,11.8
2011-12-12,12.55,12.55,12.43,12.45,81800,12.4
2011-12-09,12.35,12.65,12.28,12.47,106000,12.4
2011-12-08,12.47,12.54,12.26,12.49,153200,12.4
2011-12-07,12.58,12.58,12.34,12.48,181600,12.4
2011-12-06,12.74,12.74,12.20,12.47,108500,12.4
2011-12-05,12.80,12.80,12.26,12.40,131000,12.4
2011-12-02,12.75,12.87,12.50,12.53,258800,12.5
2011-12-01,12.98,13.10,12.75,12.93,262300,12.9
2011-11-30,12.96,13.19,12.50,12.65,294700,12.6
2011-11-29,13.30,13.32,13.01,13.14,158200,13.1
2011-11-28,12.85,13.23,12.81,13.01,315300,13.0
2011-11-25,12.98,13.36,12.50,13.15,493500,13.1
2011-11-24,12.92,13.14,12.80,13.13,97300,13.1
2011-11-23,13.26,13.26,12.93,13.13,303400,13.1
2011-11-22,13.11,13.27,13.01,13.20,202600,13.2
2011-11-21,13.38,13.38,13.00,13.25,487300,13.2
2011-11-17,13.44,13.67,13.23,13.46,627000,13.4
2011-11-16,13.83,13.87,13.21,13.27,503500,13.2
2011-11-15,14.00,14.00,13.69,13.83,403600,13.8
2011-11-14,13.70,14.00,13.60,13.98,1015000,13.9
2011-11-11,13.17,13.98,13.07,13.69,1285100,13.6
2011-11-10,13.04,13.18,13.01,13.06,222300,13.0
2011-11-09,13.24,13.29,13.07,13.26,320100,13.2
2011-11-08,13.24,13.37,13.13,13.25,223200,13.2
2011-11-07,13.10,13.39,13.07,13.32,374900,13.3
2011-11-04,13.27,13.44,13.12,13.28,533100,13.2
2011-11-03,12.93,13.38,12.93,13.29,606700,13.2
2011-11-02,12.84,12.99,12.65,12.98,246000,12.9
2011-11-01,12.64,13.04,12.50,12.89,527200,12.8
2011-10-31,12.66,12.74,12.56,12.67,218200,12.6
2011-10-28,12.40,12.75,12.38,12.75,380400,12.7
2011-10-27,12.48,12.54,12.30,12.40,183200,12.4
2011-10-26,12.33,12.55,12.28,12.45,218200,12.4
2011-10-25,12.01,12.44,12.00,12.37,435100,12.3
2011-10-24,12.40,12.47,11.66,12.14,221000,12.1
2011-10-21,12.45,12.45,12.05,12.13,203500,12.1
2011-10-20,12.48,12.60,12.11,12.29,163600,12.2
2011-10-19,12.79,12.90,12.50,12.50,291600,12.5
2011-10-18,12.98,12.98,12.55,12.68,156100,12.6
2011-10-17,12.69,13.08,12.61,12.93,403500,12.9
2011-10-14,12.75,12.91,12.57,12.80,230900,12.8
2011-10-13,12.57,12.75,12.57,12.67,244600,12.6
2011-10-12,12.19,12.59,12.00,12.57,268300,12.5
2011-10-11,12.26,12.45,12.09,12.20,217400,12.2
2011-10-10,12.29,12.29,12.05,12.10,137100,12.1
2011-09-30,12.50,12.64,12.02,12.22,259800,12.2
2011-09-29,12.50,12.75,12.40,12.46,250600,12.4
2011-09-28,12.82,12.82,12.48,12.54,153100,12.5
2011-09-27,12.66,12.89,12.55,12.62,223000,12.6
2011-09-26,12.80,12.93,12.46,12.65,142000,12.6
2011-09-23,12.88,12.88,12.51,12.73,191300,12.7
2011-09-22,12.98,13.14,12.82,12.98,178300,12.9
2011-09-21,12.76,13.23,12.72,13.19,210000,13.1
2011-09-20,12.41,12.96,12.41,12.89,179200,12.8
2011-09-19,12.90,12.99,12.40,12.70,306800,12.7
2011-09-16,13.10,13.25,12.94,12.99,175200,12.9
2011-09-15,12.91,13.13,12.83,13.05,216100,13.0
2011-09-14,12.90,12.90,12.65,12.87,150300,12.8
2011-09-13,12.80,12.97,12.70,12.77,130100,12.7
2011-09-09,12.91,13.16,12.91,13.00,115700,13.0
2011-09-08,13.28,13.28,12.93,12.93,206400,12.9
2011-09-07,12.84,13.19,12.84,13.19,230300,13.1
2011-09-06,12.62,12.92,12.62,12.83,79900,12.8
2011-09-05,12.88,13.04,12.52,12.85,239800,12.8
2011-09-02,13.20,13.30,12.81,13.00,205600,13.0
2011-09-01,13.25,13.37,13.19,13.23,234700,13.2
2011-08-31,13.55,13.57,13.10,13.20,561600,13.2
2011-08-30,13.77,13.87,13.50,13.50,287100,13.5
2011-08-29,13.76,13.94,13.70,13.72,497700,13.7
2011-08-26,13.72,13.97,13.71,13.95,455100,13.9
2011-08-25,13.70,13.86,13.44,13.83,637000,13.8
2011-08-24,13.70,13.82,13.60,13.62,495500,13.6
2011-08-23,13.50,13.64,13.31,13.60,551400,13.6
2011-08-22,13.77,13.77,13.54,13.61,165400,13.6
2011-08-19,13.75,13.75,13.31,13.52,484200,13.5
2011-08-18,13.86,14.08,13.71,13.96,497800,13.9
2011-08-17,14.01,14.06,13.81,13.91,384200,13.9
2011-08-16,13.99,14.20,13.95,14.09,589200,14.0
2011-08-15,14.00,14.30,13.87,14.09,547400,14.0
2011-08-12,13.71,14.17,13.61,14.05,700700,14.0
2011-08-11,13.20,13.60,13.11,13.59,414300,13.5
2011-08-10,13.62,13.71,13.40,13.45,493900,13.4
2011-08-09,12.98,13.44,12.50,13.40,581800,13.4
2011-08-08,14.21,14.45,13.31,13.41,1017600,13.4
2011-08-05,14.68,14.68,14.31,14.48,573600,14.4
2011-08-04,15.01,15.18,14.97,15.00,453000,15.0
2011-08-03,14.88,15.29,14.85,15.14,579500,15.1
2011-08-02,14.95,15.07,14.62,15.05,377000,15.0
2011-08-01,14.51,15.15,14.36,15.01,890200,15.0
2011-07-29,14.20,14.76,14.20,14.63,1145700,14.6
2011-07-28,14.35,14.45,14.13,14.20,683000,14.2
2011-07-27,14.44,14.58,14.06,14.52,577600,14.5
2011-07-26,14.20,14.53,14.20,14.44,485100,14.4
2011-07-25,15.09,15.12,14.28,14.39,1201300,14.3
2011-07-22,15.10,15.17,15.02,15.09,456800,15.0
2011-07-21,15.36,15.39,15.03,15.03,713000,15.0
2011-07-20,15.18,15.49,15.16,15.37,542600,15.3
2011-07-19,15.55,15.55,15.00,15.17,1109400,15.1
2011-07-18,15.76,15.92,15.50,15.58,754800,15.5
2011-07-15,15.49,15.70,15.39,15.70,1040100,15.7
2011-07-14,15.45,15.59,15.26,15.49,1011200,15.4
2011-07-13,15.21,15.42,15.14,15.35,652300,15.3
2011-07-12,15.48,15.48,15.01,15.14,854800,15.1
2011-07-11,15.60,15.73,15.36,15.60,762000,15.6
2011-07-08,15.50,15.74,15.30,15.58,1497300,15.5
2011-07-07,15.13,15.94,14.00,15.69,2444300,15.6
2011-07-06,15.25,15.26,14.96,15.13,717000,15.1
2011-07-05,15.15,15.40,15.13,15.25,1343800,15.2
2011-07-04,14.75,15.38,14.61,15.21,1103800,15.2
2011-07-01,14.75,14.98,14.67,14.71,586800,14.7
2011-06-30,14.59,14.78,14.51,14.74,530400,14.7
2011-06-29,14.90,14.91,14.50,14.52,725100,14.5
2011-06-28,14.97,14.97,14.50,14.83,485900,14.8
2011-06-27,14.70,15.00,14.62,14.81,776000,14.8
2011-06-24,14.31,14.80,14.10,14.68,1092200,14.6
2011-06-23,14.00,14.36,13.85,14.32,621800,14.3
2011-06-22,14.12,14.25,13.90,14.14,389800,14.1
2011-06-21,14.19,14.26,13.90,14.09,442100,14.0
2011-06-20,14.00,14.16,13.81,14.01,641700,14.0
2011-06-17,14.69,14.75,14.30,14.30,780700,14.3
2011-06-16,15.06,15.07,14.57,14.71,1227000,14.7
2011-06-15,15.48,15.75,15.16,15.22,921100,15.2
2011-06-14,15.52,15.59,15.20,15.52,978500,15.5
2011-06-13,15.19,15.37,14.75,15.30,663500,15.3
2011-06-10,15.80,15.99,14.96,15.35,1987700,15.3
2011-06-09,16.13,16.50,15.81,15.85,1724800,15.8
2011-06-08,16.18,16.38,15.86,16.13,1428200,16.1
2011-06-07,15.70,15.98,15.50,15.84,1054600,15.8
2011-06-03,15.40,15.98,15.30,15.70,1080100,15.7
2011-06-02,15.07,15.49,14.70,15.40,1089800,15.4
2011-06-01,14.98,15.47,14.83,15.27,789800,15.2
2011-05-31,14.68,15.19,14.50,15.09,812800,15.0
2011-05-30,15.46,15.46,14.40,14.68,1314700,14.6
2011-05-27,16.30,16.30,15.50,15.65,1681600,15.6
2011-05-26,15.50,16.39,15.40,16.15,2408400,16.1
2011-05-25,15.90,15.99,15.36,15.45,1084600,15.4
2011-05-24,15.72,15.99,15.28,15.90,1953100,15.9
2011-05-23,16.70,16.70,15.50,15.80,2412500,15.8
2011-05-20,17.00,17.20,16.63,16.73,2124900,16.7
2011-05-19,17.00,17.46,16.88,17.22,2934300,17.2
2011-05-18,16.70,17.97,16.50,17.27,4543500,17.2
2011-05-17,16.66,16.67,16.11,16.50,1874400,16.5
2011-05-16,16.59,17.18,16.52,16.81,3675000,16.8
2011-05-13,16.17,16.64,16.04,16.50,2118800,16.5
2011-05-12,16.33,16.77,15.98,16.16,2437400,16.1
2011-05-11,16.18,16.63,16.00,16.29,2772700,16.2
2011-05-10,15.70,16.30,15.53,16.23,2329600,16.2
2011-05-09,15.70,15.83,15.40,15.71,1185300,15.7
2011-05-06,15.93,15.93,15.37,15.78,2059300,15.7
2011-05-05,15.38,16.64,15.30,15.98,3022000,15.9
2011-05-04,15.41,15.74,15.10,15.28,2254000,15.2
2011-05-03,14.80,15.33,14.27,15.25,722700,15.2
2011-04-29,14.58,14.83,14.47,14.80,433000,14.8
2011-04-28,14.84,14.95,14.45,14.56,544900,14.5
2011-04-27,15.24,15.24,14.58,14.81,778200,14.8
2011-04-26,15.60,15.60,14.80,14.83,1636500,14.8
2011-04-25,15.98,16.15,14.96,15.60,1446700,15.6
2011-04-21,16.08,16.45,15.80,16.12,1563100,16.1
2011-04-20,16.14,16.20,15.74,15.98,1391000,15.9
2011-04-19,16.47,16.58,15.85,15.98,3081300,15.9
2011-04-18,15.97,16.92,15.97,16.62,4436400,16.6
2011-04-15,16.14,16.28,15.63,15.98,2269000,15.9
2011-04-14,16.60,16.65,15.93,16.28,2352500,16.2
2011-04-13,16.68,16.71,16.18,16.62,2004300,16.6
2011-04-12,16.50,17.08,16.11,16.60,2869700,16.6
2011-04-11,16.89,17.45,16.70,16.71,4823900,16.7
2011-04-08,16.62,17.02,16.47,16.99,3183400,16.9
2011-04-07,16.99,17.15,16.50,16.62,4537000,16.6
2011-04-06,15.30,16.93,15.30,16.93,8226900,16.9
2011-04-01,15.08,15.71,15.03,15.39,1263700,15.3
2011-03-31,15.88,16.35,14.62,15.03,2223000,15.0
2011-03-30,16.00,16.42,15.75,15.93,2147500,15.9
2011-03-29,15.55,16.20,15.55,15.90,2305300,15.9
2011-03-28,15.90,16.12,15.60,15.71,2292500,15.7
2011-03-25,16.13,16.80,16.04,16.04,4533200,16.0
2011-03-24,15.80,16.20,15.56,16.14,2364500,16.1
2011-03-23,15.16,15.80,15.14,15.71,1767700,15.7
2011-03-22,15.16,15.23,14.83,15.15,869800,15.1
2011-03-21,15.29,15.39,15.05,15.15,873500,15.1
2011-03-18,15.13,15.49,14.95,15.35,1683800,15.3
2011-03-17,14.79,15.44,14.66,14.98,2620000,14.9
2011-03-16,14.35,14.85,14.35,14.81,1238400,14.8
2011-03-15,14.47,14.63,14.14,14.29,763400,14.2
2011-03-14,14.50,14.70,14.36,14.50,1567600,14.5
2011-03-10,14.90,15.15,14.80,14.82,1257900,14.8
2011-03-09,14.78,14.99,14.60,14.99,885800,14.9
2011-03-08,14.71,14.78,14.53,14.78,627300,14.7
2011-03-07,14.64,14.77,14.52,14.71,831400,14.7
2011-03-04,14.51,14.64,14.37,14.58,487600,14.5
2011-03-03,14.80,14.93,14.51,14.52,620300,14.5
2011-03-02,14.70,15.18,14.51,14.83,1299400,14.8
2011-03-01,14.30,14.80,14.25,14.74,1036700,14.7
2011-02-28,14.19,14.37,13.95,14.30,749800,14.3
2011-02-25,14.06,14.13,13.61,14.08,428900,14.0
2011-02-24,13.84,14.09,13.80,14.06,754900,14.0
2011-02-23,14.11,14.20,13.80,14.04,1348700,14.0
2011-02-22,14.43,15.15,14.15,14.16,876400,14.1
2011-02-21,13.98,14.45,13.90,14.45,540400,14.4
2011-02-18,14.40,14.40,13.91,14.00,505200,14.0
2011-02-17,14.07,14.40,13.95,14.39,724800,14.3
2011-02-16,13.80,14.09,13.80,14.07,410400,14.0
2011-02-15,14.20,14.20,13.90,13.90,508600,13.9
2011-02-14,13.99,14.10,13.81,14.00,803700,14.0
2011-02-11,13.43,13.99,13.38,13.97,850600,13.9
2011-02-10,13.18,13.44,13.01,13.43,382200,13.4
2011-02-09,13.35,13.38,13.10,13.12,305000,13.1
2011-02-01,13.09,13.38,13.02,13.38,412400,13.3
2011-01-31,12.72,13.06,12.72,13.06,308900,13.0
2011-01-28,12.66,12.96,12.66,12.90,322400,12.9
2011-01-27,12.54,12.77,12.48,12.75,302100,12.7
2011-01-26,12.65,12.65,12.40,12.54,216000,12.5
2011-01-25,12.73,12.88,12.30,12.41,349000,12.4
2011-01-24,12.97,13.05,12.60,12.76,356400,12.7
2011-01-21,12.85,12.99,12.70,12.86,256400,12.8
2011-01-20,13.18,13.18,12.75,12.85,346600,12.8
2011-01-19,12.99,13.24,12.81,13.16,310100,13.1
2011-01-18,13.00,13.19,12.53,12.96,415900,12.9
2011-01-17,14.08,14.29,12.90,13.00,688500,13.0
2011-01-14,14.46,14.60,14.03,14.13,370900,14.1
2011-01-13,14.30,14.61,14.21,14.56,430900,14.5
2011-01-12,14.32,14.60,14.17,14.55,252400,14.5
2011-01-11,14.25,14.42,14.09,14.30,251700,14.3
2011-01-10,14.74,14.74,14.20,14.25,423900,14.2
2011-01-07,14.52,14.90,14.39,14.53,419200,14.5
2011-01-06,14.63,14.64,14.31,14.40,292000,14.4
2011-01-05,14.50,14.70,14.43,14.59,487000,14.5
2011-01-04,14.39,14.63,14.20,14.61,685100,14.6
