Date,Open,High,Low,Close,Volume,Adj Clos
2010-12-31,9.25,9.46,9.21,9.42,1352500,9.4
2010-12-30,9.29,9.37,9.16,9.24,1436600,9.2
2010-12-29,9.15,9.30,9.14,9.29,1049100,9.2
2010-12-28,9.65,9.67,9.12,9.12,2184700,9.1
2010-12-27,10.15,10.34,9.66,9.70,1760400,9.7
2010-12-24,10.36,10.45,10.14,10.15,1714400,10.1
2010-12-23,10.66,10.66,10.35,10.42,2003500,10.4
2010-12-22,10.41,10.67,10.32,10.66,3160800,10.6
2010-12-21,10.44,10.52,10.24,10.50,2010300,10.5
2010-12-20,10.72,10.76,10.11,10.39,2601500,10.3
2010-12-17,10.57,10.68,10.48,10.67,1940300,10.6
2010-12-16,10.49,10.85,10.47,10.57,3107900,10.5
2010-12-15,10.60,10.70,10.46,10.50,2995100,10.5
2010-12-14,10.49,10.76,10.32,10.63,3733500,10.6
2010-12-13,10.17,10.47,10.14,10.40,2774000,10.4
2010-12-10,10.05,10.24,9.98,10.18,1831700,10.1
2010-12-09,10.43,10.43,10.01,10.13,2708300,10.1
2010-12-08,10.39,10.59,10.30,10.45,2529700,10.4
2010-12-07,10.13,10.42,10.10,10.38,2395700,10.3
2010-12-06,10.61,10.72,10.02,10.30,3531000,10.3
2010-12-03,10.68,10.76,10.44,10.74,4163200,10.7
2010-12-02,10.37,10.90,10.25,10.76,5343700,10.7
2010-12-01,10.18,10.50,10.06,10.25,2627900,10.2
2010-11-30,10.88,10.97,9.91,10.17,7394800,10.1
2010-11-29,10.80,11.17,10.80,10.96,6561700,10.9
2010-11-26,10.80,10.95,10.61,10.84,4243600,10.8
2010-11-25,11.22,11.28,10.68,10.82,8863600,10.8
2010-11-24,10.73,11.46,10.73,11.20,9772200,11.2
2010-11-23,11.50,11.65,10.52,10.91,11226800,10.9
2010-11-22,10.38,11.46,10.35,11.46,15703000,11.4
2010-11-19,9.85,10.72,9.81,10.42,5743200,10.4
2010-11-18,9.75,9.89,9.68,9.80,1560200,9.8
2010-11-17,9.66,9.92,9.51,9.61,1862800,9.6
2010-11-16,10.00,10.04,9.58,9.65,3292300,9.6
2010-11-15,9.82,10.07,9.77,10.06,2637200,10.0
2010-11-12,10.75,10.75,9.72,9.82,5403900,9.8
2010-11-11,11.05,11.18,10.71,10.80,6601600,10.8
2010-11-10,11.29,11.43,10.96,11.18,6680800,11.1
2010-11-09,11.00,11.36,10.80,11.35,10509200,11.3
2010-11-08,10.53,11.05,10.50,10.95,8608900,10.9
2010-11-05,10.57,10.63,10.41,10.55,4357900,10.5
2010-11-04,10.20,10.58,10.16,10.56,4963000,10.5
2010-11-03,10.10,10.32,10.10,10.17,2581700,10.1
2010-11-02,10.66,10.79,10.20,10.20,6904800,10.2
2010-10-29,10.64,10.71,10.46,10.58,4479500,10.5
2010-10-28,10.25,10.70,10.10,10.70,6213800,10.7
2010-10-27,10.46,10.55,10.23,10.30,3710900,10.3
2010-10-26,10.33,10.47,10.17,10.44,3684300,10.4
2010-10-25,10.25,10.43,10.20,10.32,3301700,10.3
2010-10-22,9.98,10.16,9.91,10.13,2437400,10.1
2010-10-21,9.98,10.08,9.78,9.98,1703100,9.9
2010-10-20,9.78,10.10,9.70,9.99,2129600,9.9
2010-10-19,9.58,9.99,9.58,9.95,1620500,9.9
2010-10-18,9.90,9.96,9.47,9.59,3242900,9.5
2010-10-15,10.18,10.35,9.88,9.88,4185700,9.8
2010-10-14,10.89,11.05,10.18,10.23,5107300,10.2
2010-10-13,10.47,11.10,10.30,10.99,8941400,10.9
2010-10-12,10.30,10.52,10.28,10.45,2913500,10.4
2010-10-11,10.31,10.47,10.22,10.39,3479100,10.3
2010-10-08,10.20,10.36,10.15,10.27,3109800,10.2
2010-09-30,10.22,10.42,10.10,10.18,3167500,10.1
2010-09-29,9.95,10.41,9.82,10.32,4617400,10.3
2010-09-28,10.15,10.18,9.90,9.94,1822200,9.9
2010-09-27,9.93,10.07,9.86,10.04,1768600,10.0
2010-09-21,9.72,9.94,9.72,9.88,1315700,9.8
2010-09-20,10.01,10.02,9.68,9.70,1537600,9.7
2010-09-17,9.71,10.15,9.71,10.00,2604500,10.0
2010-09-16,10.21,10.29,9.65,9.81,3662600,9.8
2010-09-15,10.57,10.68,10.18,10.19,3201800,10.1
2010-09-14,10.55,10.66,10.46,10.55,3146000,10.5
2010-09-13,10.35,10.55,10.30,10.50,2923800,10.5
2010-09-10,10.50,10.64,10.05,10.35,4171100,10.3
2010-09-09,10.88,10.88,10.50,10.50,4904300,10.5
2010-09-08,10.80,10.89,10.62,10.88,4143400,10.8
2010-09-07,11.18,11.23,10.70,10.93,5505700,10.9
2010-09-06,11.22,11.35,10.90,11.11,9954300,11.1
2010-09-03,10.70,11.39,10.70,11.22,13545300,11.2
2010-09-02,10.69,10.76,10.46,10.70,5944900,10.7
2010-09-01,10.95,10.95,10.40,10.60,6924000,10.6
2010-08-31,10.70,11.17,10.65,10.95,9039100,10.9
2010-08-30,10.63,10.80,10.50,10.80,7888200,10.8
2010-08-27,10.78,10.88,10.45,10.67,8025800,10.6
2010-08-26,10.69,11.28,10.51,11.12,15649400,11.1
2010-08-25,11.18,11.30,10.60,10.67,16248300,10.6
2010-08-24,12.00,12.48,11.36,11.49,22143700,11.4
2010-08-23,11.15,11.61,11.10,11.61,9918600,11.6
2010-08-20,10.00,10.79,9.90,10.55,14366000,10.5
2010-08-19,9.51,10.45,9.51,10.13,16284400,10.1
2010-08-18,9.37,9.54,9.23,9.50,3783200,9.5
2010-08-17,9.33,9.46,9.29,9.38,2568600,9.3
2010-08-16,9.25,9.40,9.15,9.33,2373900,9.3
2010-08-13,8.88,9.20,8.88,9.17,2284400,9.1
2010-08-12,9.00,9.26,8.90,8.96,3016500,8.9
2010-08-10,9.48,9.50,8.98,8.98,2992500,8.9
2010-08-09,9.41,9.59,9.36,9.45,3138500,9.4
2010-08-06,9.14,9.45,9.12,9.38,3434400,9.3
2010-08-05,9.15,9.26,9.03,9.11,2629700,9.1
2010-08-04,9.19,9.25,8.87,9.18,3531800,9.1
2010-08-03,9.48,9.50,9.21,9.21,3768300,9.2
2010-08-02,9.36,9.68,9.30,9.51,5229800,9.5
2010-07-30,9.33,9.50,9.25,9.37,3487500,9.3
2010-07-29,9.40,9.58,9.25,9.37,7099300,9.3
2010-07-28,8.85,9.80,8.75,9.60,10645700,9.6
2010-07-27,9.10,9.35,8.95,8.95,5924100,8.9
2010-07-26,8.98,9.05,8.85,9.02,5561600,9.0
2010-07-23,8.95,9.10,8.76,8.99,7387200,8.9
2010-07-22,8.45,9.35,8.43,9.00,9214400,9.0
2010-07-21,8.44,8.66,8.38,8.54,5671200,8.5
2010-07-20,7.95,8.66,7.95,8.57,5693700,8.5
2010-07-19,7.68,8.05,7.62,7.95,1779700,7.9
2010-07-16,7.52,7.83,7.52,7.83,1717700,7.8
2010-07-15,8.22,8.35,7.76,7.76,3247600,7.7
2010-07-14,7.85,8.25,7.85,8.05,3004700,8.0
2010-07-13,7.99,7.99,7.71,7.86,2126400,7.8
2010-07-12,8.01,8.19,7.92,8.11,3532200,8.1
2010-07-09,7.62,8.10,7.56,8.00,3969700,8.0
2010-07-08,7.60,7.76,7.41,7.73,2383600,7.7
2010-07-07,7.49,7.70,7.30,7.60,2240400,7.6
2010-07-06,7.20,7.50,7.12,7.44,1533000,7.4
2010-07-05,7.10,7.24,6.95,7.19,1162900,7.1
2010-07-02,7.53,7.66,6.78,7.31,2952500,7.3
2010-07-01,7.70,7.89,7.52,7.53,1370100,7.5
2010-06-30,8.17,8.17,7.86,7.86,2242600,7.8
2010-06-28,8.95,8.99,8.71,8.73,948100,8.7
2010-06-25,9.04,9.09,8.85,8.94,1114400,8.9
2010-06-24,9.05,9.15,8.95,9.09,1034000,9.0
2010-06-23,9.10,9.24,8.93,9.05,1477900,9.0
2010-06-22,9.15,9.26,9.05,9.24,1591900,9.2
2010-06-21,8.90,9.18,8.75,9.16,1874800,9.1
2010-06-18,9.36,9.44,8.74,8.88,2885100,8.8
2010-06-17,9.45,9.59,9.45,9.46,1719100,9.4
2010-06-11,9.48,9.58,9.39,9.42,2210000,9.4
2010-06-10,9.40,9.66,9.32,9.49,3751200,9.4
2010-06-09,9.16,9.70,9.16,9.51,4164900,9.5
2010-06-08,8.95,9.22,8.95,9.15,1825700,9.1
2010-06-07,8.98,9.15,8.85,9.05,1868200,9.0
2010-06-04,8.88,9.30,8.80,9.19,2325400,9.1
2010-06-03,9.49,9.58,9.06,9.09,3813300,9.0
2010-06-02,9.30,9.35,8.85,9.28,3234400,9.2
2010-06-01,9.55,9.73,9.00,9.27,5274400,9.2
2010-05-31,9.80,10.51,9.74,9.85,10225000,9.8
2010-05-28,9.66,9.79,9.40,9.55,3909000,9.5
2010-05-27,9.21,9.69,9.16,9.55,3846200,9.5
2010-05-26,9.37,9.37,9.18,9.24,2179500,9.2
2010-05-25,9.10,9.50,9.06,9.33,4131000,9.3
2010-05-24,8.78,9.39,8.77,9.25,3751200,9.2
2010-05-21,8.49,8.88,8.21,8.77,2630600,8.7
2010-05-20,9.01,9.21,8.76,8.78,1850700,8.7
2010-05-19,9.06,9.32,8.90,9.02,2438000,9.0
2010-05-18,8.58,9.32,8.58,9.22,3226200,9.2
2010-05-17,9.55,9.70,8.98,9.00,4219600,9.0
2010-05-14,9.15,9.98,9.01,9.90,5708800,9.9
2010-05-13,8.90,9.19,8.65,9.18,2524000,9.1
2010-05-12,8.75,9.04,8.68,8.90,1176000,8.9
2010-05-11,9.32,9.40,8.80,8.86,1850000,8.8
2010-05-10,9.06,9.19,8.66,9.16,1884600,9.1
2010-05-07,8.71,9.21,8.62,9.06,1601000,9.0
2010-05-06,9.28,9.40,8.90,8.92,2030700,8.9
2010-05-05,8.80,9.27,8.64,9.26,2069600,9.2
2010-05-04,8.60,8.97,8.57,8.83,1179800,8.8
2010-04-30,9.06,9.20,8.58,8.80,2047200,8.8
2010-04-29,9.58,9.70,9.13,9.14,1863300,9.1
2010-04-28,9.40,9.72,9.28,9.57,1836700,9.5
2010-04-27,9.96,10.04,9.10,9.44,2728800,9.4
2010-04-26,9.96,10.14,9.92,9.96,1788900,9.9
2010-04-23,10.19,10.25,9.94,9.97,2568200,9.9
2010-04-22,10.28,10.30,10.01,10.20,2600000,10.2
2010-04-21,9.86,10.32,9.86,10.30,3059800,10.3
2010-04-20,10.11,10.26,9.71,9.92,2961200,9.9
2010-04-19,10.78,10.84,10.01,10.08,3387000,10.0
2010-04-16,11.24,11.26,10.80,10.90,2491100,10.9
2010-04-15,11.21,11.38,11.15,11.26,3664500,11.2
2010-04-14,10.92,11.11,10.85,11.11,3345200,11.1
2010-04-13,11.33,11.46,10.72,10.92,4114700,10.9
2010-04-12,11.60,11.70,11.23,11.34,4491300,11.3
2010-04-09,11.29,11.57,11.29,11.54,3516100,11.5
2010-04-08,11.55,11.55,11.30,11.33,4192500,11.3
2010-04-07,11.70,11.70,11.45,11.59,3398900,11.5
2010-04-06,11.45,11.80,11.35,11.70,6458200,11.7
2010-04-02,11.55,11.97,11.55,11.70,12857000,11.7
2010-04-01,11.51,11.53,11.23,11.34,9951100,11.3
2010-03-31,10.83,11.26,10.74,11.25,6740800,11.2
2010-03-30,10.86,10.94,10.73,10.89,3311500,10.8
2010-03-29,10.70,10.94,10.52,10.94,4152000,10.9
2010-03-26,10.49,10.80,10.43,10.66,4522200,10.6
2010-03-25,11.09,11.09,10.51,10.52,6682100,10.5
2010-03-24,11.08,11.22,11.02,11.16,4398100,11.1
2010-03-23,11.18,11.30,11.00,11.15,5149400,11.1
2010-03-22,11.30,11.36,10.92,11.17,6597000,11.1
2010-03-19,11.40,11.58,11.21,11.36,5961900,11.3
2010-03-18,11.29,11.70,11.20,11.39,9773300,11.3
2010-03-17,11.10,11.35,10.90,11.29,7521500,11.2
2010-03-16,10.94,11.20,10.63,11.10,6557000,11.1
2010-03-15,11.05,11.15,10.51,10.91,6374400,10.9
2010-03-12,11.53,11.77,11.16,11.17,9399700,11.1
2010-03-11,11.56,11.66,11.22,11.50,8193500,11.5
2010-03-10,11.80,12.16,11.35,11.56,13387900,11.5
2010-03-09,12.48,12.75,11.87,12.03,19375300,12.0
2010-03-08,12.57,12.57,12.01,12.57,28249600,12.5
2010-03-05,11.80,11.87,11.20,11.43,23944300,11.4
2010-03-04,11.21,11.21,11.21,11.21,5956900,11.2
2010-03-03,10.21,10.25,9.98,10.19,4676400,10.1
2010-03-02,9.81,10.55,9.80,10.27,7796000,10.2
2010-03-01,9.76,9.89,9.68,9.80,3337900,9.8
2010-02-26,9.86,10.11,9.70,9.75,4336800,9.7
2010-02-25,9.72,10.13,9.54,9.95,5756600,9.9
2010-02-24,9.31,9.67,9.15,9.63,4026800,9.6
2010-02-23,9.24,9.32,9.04,9.30,2056400,9.3
2010-02-22,9.00,9.40,9.00,9.24,2784100,9.2
2010-02-12,9.05,9.13,8.95,9.08,1361100,9.0
2010-02-11,9.12,9.12,8.93,8.95,1689300,8.9
2010-02-10,9.00,9.15,8.94,9.13,1421700,9.1
2010-02-09,8.87,9.06,8.87,8.91,1570900,8.9
2010-02-08,9.01,9.11,8.91,8.99,1649600,8.9
2010-02-05,9.25,9.25,8.95,9.05,3697400,9.0
2010-02-04,9.33,9.80,9.21,9.53,6688700,9.5
2010-02-03,8.93,9.35,8.75,9.33,3990800,9.3
2010-02-02,8.94,9.15,8.87,8.89,2561600,8.8
2010-02-01,9.15,9.35,8.68,8.93,3571000,8.9
2010-01-29,9.19,9.38,8.95,9.24,3575600,9.2
2010-01-28,9.10,9.21,9.02,9.19,2769100,9.1
2010-01-27,9.14,9.35,8.92,9.06,4050000,9.0
2010-01-26,10.00,10.19,9.18,9.18,7312600,9.1
2010-01-25,11.14,11.14,10.20,10.20,7218300,10.2
2010-01-22,11.49,12.00,11.05,11.33,9721800,11.3
2010-01-21,11.40,11.79,11.10,11.75,11606100,11.7
2010-01-20,11.13,11.90,11.06,11.45,14221600,11.4
2010-01-19,11.31,11.35,11.01,11.15,3993800,11.1
2010-01-18,11.25,11.35,11.01,11.27,5426400,11.2
2010-01-15,11.24,11.52,11.18,11.24,7117000,11.2
2010-01-14,11.10,11.36,11.03,11.24,8340200,11.2
2010-01-13,11.43,11.65,11.01,11.16,12568700,11.1
2010-01-12,10.32,11.43,10.30,11.43,13593800,11.4
2010-01-11,10.21,10.45,10.08,10.39,3986500,10.3
2010-01-08,10.42,10.50,10.19,10.36,5611100,10.3
2010-01-07,11.22,11.50,10.56,10.62,6003900,10.6
2010-01-06,11.20,11.34,10.96,11.00,5193000,11.0
2010-01-05,11.09,11.60,10.85,11.36,9805100,11.3
2010-01-04,10.90,11.34,10.75,11.12,6808800,11.1
