Date,Open,High,Low,Close,Volume,Adj Clos
2003-12-31,4.18,4.18,4.07,4.09,917200,3.8
2003-12-30,4.13,4.19,4.13,4.15,1253200,3.8
2003-12-29,4.07,4.14,4.07,4.11,1042800,3.8
2003-12-26,4.05,4.11,4.01,4.10,1908500,3.8
2003-12-25,4.08,4.10,4.03,4.05,1470500,3.7
2003-12-24,4.10,4.10,4.04,4.07,1746900,3.8
2003-12-23,4.12,4.12,4.02,4.10,1848500,3.8
2003-12-22,4.02,4.14,4.02,4.13,1860300,3.8
2003-12-19,4.21,4.25,4.00,4.09,2167900,3.7
2003-12-18,4.25,4.26,4.15,4.21,1337100,3.8
2003-12-17,4.28,4.33,4.26,4.26,887300,3.9
2003-12-16,4.35,4.37,4.26,4.30,1141500,3.9
2003-12-15,4.40,4.40,4.32,4.35,589100,4.0
2003-12-12,4.42,4.42,4.36,4.38,688000,4.0
2003-12-11,4.36,4.49,4.32,4.42,2046200,4.0
2003-12-10,4.33,4.38,4.30,4.37,1368500,4.0
2003-12-09,4.30,4.36,4.28,4.33,689200,3.9
2003-12-08,4.41,4.46,4.30,4.31,819500,3.9
2003-12-05,4.31,4.42,4.30,4.41,1907600,4.0
2003-12-04,4.36,4.42,4.29,4.33,1921000,3.9
2003-12-03,4.36,4.36,4.36,4.36,000,4.0
2003-12-02,4.38,4.43,4.33,4.36,1949900,4.0
2003-12-01,4.34,4.41,4.33,4.40,1790300,4.0
2003-11-28,4.35,4.40,4.30,4.34,1857200,3.9
2003-11-27,4.56,4.56,4.35,4.37,4482100,4.0
2003-11-26,4.35,4.66,4.34,4.60,14012900,4.2
2003-11-25,4.17,4.40,4.15,4.32,6670000,3.9
2003-11-24,4.04,4.16,4.03,4.15,1446800,3.8
2003-11-21,4.11,4.18,4.04,4.06,1314400,3.7
2003-11-20,4.01,4.16,3.98,4.11,2460600,3.7
2003-11-19,3.96,4.01,3.93,4.00,518600,3.6
2003-11-18,3.98,3.99,3.95,3.97,456600,3.6
2003-11-17,4.00,4.02,3.96,3.99,305500,3.6
2003-11-14,3.97,4.02,3.94,4.00,508700,3.6
2003-11-13,3.98,4.02,3.93,3.97,738700,3.6
2003-11-12,4.05,4.07,3.98,3.98,958000,3.6
2003-11-11,4.00,4.07,4.00,4.06,972300,3.7
2003-11-10,3.94,3.99,3.93,3.98,568100,3.6
2003-11-07,4.03,4.03,3.90,3.94,1281000,3.6
2003-11-06,3.96,4.14,3.93,4.05,4447700,3.7
2003-11-05,4.00,4.00,3.90,3.93,1136900,3.6
2003-11-04,3.98,4.07,3.97,3.99,2169000,3.6
2003-11-03,3.93,4.02,3.89,3.98,1169800,3.6
2003-10-31,4.02,4.05,3.91,3.95,1049100,3.6
2003-10-30,4.05,4.10,4.00,4.02,1119400,3.7
2003-10-29,4.25,4.27,4.05,4.09,1288000,3.7
2003-10-28,4.28,4.33,4.23,4.29,408100,3.9
2003-10-27,4.27,4.39,4.26,4.29,1174400,3.9
2003-10-24,4.30,4.30,4.20,4.27,620500,3.9
2003-10-23,4.25,4.31,4.21,4.28,913100,3.9
2003-10-22,4.17,4.30,4.10,4.25,1052800,3.9
2003-10-21,4.20,4.20,4.10,4.16,429900,3.8
2003-10-20,4.22,4.27,4.20,4.21,359900,3.8
2003-10-17,4.17,4.28,4.16,4.22,355300,3.8
2003-10-16,4.29,4.29,4.17,4.19,609100,3.8
2003-10-15,4.22,4.39,4.19,4.30,1577500,3.9
2003-10-14,4.14,4.29,4.12,4.24,1097600,3.9
2003-10-13,4.21,4.24,4.12,4.14,425100,3.8
2003-10-10,4.14,4.24,4.10,4.22,762300,3.8
2003-10-09,4.10,4.14,4.08,4.12,236500,3.7
2003-10-08,4.10,4.14,4.06,4.12,165300,3.7
2003-10-07,4.11,4.11,4.11,4.11,000,3.7
2003-10-06,4.11,4.11,4.11,4.11,000,3.7
2003-10-03,4.11,4.11,4.11,4.11,000,3.7
2003-10-02,4.11,4.11,4.11,4.11,000,3.7
2003-10-01,4.11,4.11,4.11,4.11,000,3.7
2003-09-30,4.08,4.15,4.07,4.11,224900,3.7
2003-09-29,4.14,4.14,4.05,4.08,298800,3.7
2003-09-26,4.10,4.17,4.09,4.14,395200,3.8
2003-09-25,4.20,4.20,4.10,4.12,359500,3.7
2003-09-24,4.07,4.20,4.07,4.19,652700,3.8
2003-09-23,4.05,4.10,4.03,4.09,224700,3.7
2003-09-22,4.10,4.10,4.02,4.05,266600,3.7
2003-09-19,4.08,4.08,4.01,4.06,264400,3.7
2003-09-18,4.05,4.10,4.00,4.04,378300,3.7
2003-09-17,4.15,4.15,4.06,4.06,224200,3.7
2003-09-16,4.09,4.13,4.07,4.11,255600,3.7
2003-09-15,4.10,4.15,4.07,4.08,392000,3.7
2003-09-12,4.18,4.19,4.11,4.13,577800,3.8
2003-09-11,4.21,4.24,4.20,4.20,160300,3.8
2003-09-10,4.22,4.24,4.19,4.22,180500,3.8
2003-09-09,4.20,4.30,4.18,4.21,649800,3.8
2003-09-08,4.20,4.22,4.15,4.18,411100,3.8
2003-09-05,4.28,4.30,4.23,4.24,400300,3.9
2003-09-04,4.27,4.35,4.27,4.28,570300,3.9
2003-09-03,4.26,4.29,4.18,4.27,675600,3.9
2003-09-02,4.36,4.36,4.24,4.27,569900,3.9
2003-09-01,4.19,4.36,4.18,4.34,677900,3.9
2003-08-29,4.25,4.25,4.10,4.21,574100,3.8
2003-08-28,4.36,4.36,4.25,4.25,569500,3.9
2003-08-27,4.40,4.43,4.37,4.37,393000,4.0
2003-08-26,4.39,4.44,4.38,4.39,218100,4.0
2003-08-25,4.47,4.47,4.36,4.38,387000,4.0
2003-08-22,4.45,4.50,4.45,4.47,310700,4.1
2003-08-21,4.45,4.53,4.43,4.47,468900,4.1
2003-08-20,4.53,4.53,4.44,4.45,666000,4.0
2003-08-19,4.52,4.59,4.51,4.53,354500,4.1
2003-08-18,4.55,4.58,4.52,4.53,243000,4.1
2003-08-15,4.56,4.61,4.55,4.57,486600,4.2
2003-08-14,4.64,4.67,4.57,4.57,532500,4.2
2003-08-13,4.71,4.73,4.65,4.65,670000,4.2
2003-08-12,4.65,4.82,4.55,4.74,2358700,4.3
2003-08-11,4.57,4.63,4.54,4.63,324900,4.2
2003-08-08,4.65,4.65,4.58,4.58,566200,4.2
2003-08-07,4.71,4.71,4.64,4.65,425800,4.2
2003-08-06,4.67,4.72,4.67,4.70,427400,4.3
2003-08-05,4.70,4.73,4.64,4.66,364000,4.2
2003-08-04,4.63,4.72,4.62,4.71,812000,4.3
2003-08-01,4.66,4.66,4.58,4.63,393500,4.2
2003-07-31,4.66,4.67,4.61,4.63,353200,4.2
2003-07-30,4.62,4.68,4.62,4.67,364100,4.3
2003-07-29,4.68,4.70,4.60,4.62,502500,4.2
2003-07-28,4.62,4.66,4.54,4.59,1032800,4.2
2003-07-25,4.85,4.85,4.69,4.70,1379300,4.3
2003-07-24,4.91,4.92,4.83,4.84,517500,4.4
2003-07-23,4.89,4.92,4.86,4.88,564800,4.4
2003-07-22,4.88,4.93,4.82,4.89,736300,4.5
2003-07-21,4.98,4.98,4.81,4.82,1346400,4.4
2003-07-18,5.08,5.08,4.98,4.98,3329700,4.5
2003-07-17,5.12,5.16,5.06,5.08,3386300,4.6
2003-07-16,5.15,5.17,5.08,5.14,2254700,4.7
2003-07-15,5.16,5.24,5.08,5.17,7687200,4.7
2003-07-14,5.16,5.22,5.10,5.18,2335200,4.7
2003-07-11,5.23,5.27,5.13,5.19,2866600,4.7
2003-07-10,5.13,5.30,5.10,5.26,4309900,4.8
2003-07-09,8.33,8.48,8.30,8.36,2471900,7.6
2003-07-08,8.47,8.47,8.28,8.34,2390600,7.6
2003-07-07,8.39,8.49,8.35,8.41,1531900,7.7
2003-07-04,8.43,8.50,8.30,8.38,1948700,7.7
2003-07-03,8.55,8.62,8.38,8.45,2346500,7.7
2003-07-02,8.28,8.65,8.26,8.60,4315000,7.9
2003-07-01,8.30,8.43,8.26,8.31,3062800,7.6
2003-06-30,8.20,8.36,8.14,8.30,1866200,7.6
2003-06-27,8.66,8.66,8.25,8.30,4794800,7.6
2003-06-26,8.74,8.86,8.60,8.69,8098300,8.0
2003-06-25,8.61,8.90,8.60,8.89,12941000,8.1
2003-06-24,8.75,8.75,8.57,8.63,2037300,7.9
2003-06-23,8.78,8.78,8.78,8.78,000,8.0
2003-06-20,8.60,8.85,8.60,8.78,3415600,8.0
2003-06-19,8.70,8.72,8.60,8.65,668000,7.9
2003-06-18,8.70,8.77,8.60,8.71,1591900,8.0
2003-06-17,8.73,8.77,8.60,8.75,1239900,8.0
2003-06-16,8.88,8.88,8.71,8.78,996900,8.0
2003-06-13,8.89,8.99,8.75,8.88,2880400,8.1
2003-06-12,8.93,8.96,8.75,8.96,2146600,8.2
2003-06-11,8.92,8.99,8.80,8.97,2073200,8.2
2003-06-10,8.96,9.08,8.83,8.95,2373900,8.2
2003-06-09,8.78,9.11,8.69,9.00,5704000,8.2
2003-06-06,8.99,8.99,8.68,8.79,5042200,8.0
2003-06-05,9.03,9.11,8.90,9.05,6326500,8.3
2003-06-04,9.12,9.24,8.80,9.06,5452700,8.3
2003-06-03,9.25,9.29,9.05,9.10,4125800,8.3
2003-06-02,8.96,9.27,8.93,9.21,5745500,8.4
2003-05-30,8.94,9.07,8.88,9.06,3281800,8.3
2003-05-29,8.80,8.94,8.70,8.94,3466300,8.2
2003-05-28,8.82,8.86,8.67,8.81,2239300,8.1
2003-05-27,8.88,8.94,8.67,8.92,3279800,8.2
2003-05-26,9.00,9.08,8.80,8.94,2437000,8.2
2003-05-23,8.91,9.09,8.81,9.04,2314000,8.3
2003-05-22,8.99,9.03,8.79,8.91,1427000,8.2
2003-05-21,9.06,9.21,8.92,9.07,1325400,8.3
2003-05-20,9.20,9.30,9.00,9.13,2006200,8.4
2003-05-19,9.15,9.58,9.12,9.34,3211000,8.5
2003-05-16,8.95,9.20,8.85,9.05,3603200,8.3
2003-05-15,8.48,9.04,8.33,9.01,4464300,8.2
2003-05-14,8.10,8.58,8.10,8.57,1681400,7.8
2003-05-13,8.58,8.58,8.18,8.22,577000,7.5
2003-05-12,8.48,8.69,8.34,8.64,503500,7.9
2003-05-09,8.60,8.60,8.60,8.60,000,7.9
2003-05-08,8.60,8.60,8.60,8.60,000,7.9
2003-05-07,8.60,8.60,8.60,8.60,000,7.9
2003-05-06,8.60,8.60,8.60,8.60,000,7.9
2003-05-05,8.60,8.60,8.60,8.60,000,7.9
2003-05-02,8.60,8.60,8.60,8.60,000,7.9
2003-05-01,8.60,8.60,8.60,8.60,000,7.9
2003-04-30,8.50,8.73,8.38,8.60,567200,7.9
2003-04-29,8.87,8.87,8.50,8.52,825700,7.8
2003-04-28,8.35,8.86,8.10,8.84,1890500,8.1
2003-04-25,8.55,8.62,8.19,8.53,1480100,7.8
2003-04-24,8.89,8.92,8.50,8.64,1558600,7.9
2003-04-23,8.83,8.89,8.65,8.88,1409500,8.1
2003-04-22,8.75,8.85,8.56,8.83,810900,8.1
2003-04-21,8.87,8.87,8.55,8.77,1606700,8.0
2003-04-18,8.90,9.08,8.65,8.85,2701100,8.1
2003-04-17,8.60,8.94,8.56,8.91,4501700,8.2
2003-04-16,8.81,8.93,8.53,8.59,3392600,7.9
2003-04-15,8.30,8.88,8.20,8.83,8101900,8.1
2003-04-14,7.68,8.34,7.68,8.31,4707000,7.6
2003-04-11,7.60,7.88,7.30,7.79,2799200,7.1
2003-04-10,7.55,7.71,7.48,7.65,803500,7.0
2003-04-09,7.40,7.53,7.40,7.53,541200,6.9
2003-04-08,7.54,7.54,7.45,7.48,348500,6.8
2003-04-07,7.48,7.54,7.45,7.53,451700,6.9
2003-04-04,7.49,7.59,7.48,7.51,307600,6.9
2003-04-03,7.58,7.59,7.51,7.51,214300,6.9
2003-04-02,7.55,7.58,7.49,7.58,286600,6.9
2003-04-01,7.50,7.61,7.50,7.58,413600,6.9
2003-03-31,7.50,7.58,7.45,7.53,262800,6.9
2003-03-28,7.52,7.55,7.45,7.48,296200,6.8
2003-03-27,7.37,7.55,7.34,7.53,382400,6.9
2003-03-26,7.39,7.42,7.35,7.37,139600,6.7
2003-03-25,7.34,7.43,7.33,7.40,124000,6.8
2003-03-24,7.30,7.45,7.30,7.41,102000,6.8
2003-03-21,7.35,7.42,7.34,7.41,273300,6.8
2003-03-20,7.40,7.43,7.30,7.32,265200,6.7
2003-03-19,7.35,7.49,7.32,7.40,246200,6.8
2003-03-18,7.45,7.55,7.30,7.32,269700,6.7
2003-03-17,7.32,7.59,7.30,7.44,315600,6.8
2003-03-14,7.40,7.43,7.32,7.32,145700,6.7
2003-03-13,7.52,7.53,7.40,7.43,267000,6.8
2003-03-12,7.38,7.69,7.38,7.48,466700,6.8
2003-03-11,7.27,7.36,7.26,7.34,247300,6.7
2003-03-10,7.46,7.50,7.26,7.27,434800,6.6
2003-03-07,7.49,7.59,7.45,7.48,611100,6.8
2003-03-06,7.77,7.77,7.54,7.56,385900,6.9
2003-03-05,7.73,7.79,7.68,7.70,166800,7.0
2003-03-04,7.75,7.78,7.69,7.72,224300,7.1
2003-03-03,7.74,7.76,7.66,7.74,301500,7.1
2003-02-28,7.78,7.87,7.71,7.74,245200,7.1
2003-02-27,7.78,7.82,7.71,7.73,236900,7.1
2003-02-26,7.81,7.82,7.74,7.78,221200,7.1
2003-02-25,7.65,7.80,7.65,7.80,351000,7.1
2003-02-24,7.60,7.75,7.60,7.67,131000,7.0
2003-02-21,7.85,7.86,7.66,7.67,314600,7.0
2003-02-20,7.80,7.84,7.72,7.83,253300,7.2
2003-02-19,7.74,7.79,7.65,7.78,397300,7.1
2003-02-18,7.81,7.81,7.70,7.78,315400,7.1
2003-02-17,7.94,7.98,7.79,7.80,474700,7.1
2003-02-14,7.80,7.95,7.75,7.94,772200,7.3
2003-02-13,7.85,7.85,7.85,7.85,000,7.2
2003-02-12,7.82,7.87,7.76,7.85,352000,7.2
2003-02-11,7.62,7.82,7.62,7.82,237900,7.1
2003-02-10,7.83,7.83,7.63,7.65,229300,7.0
2003-02-07,7.77,7.77,7.77,7.77,000,7.1
2003-02-06,7.77,7.77,7.77,7.77,000,7.1
2003-02-05,7.77,7.77,7.77,7.77,000,7.1
2003-02-04,7.77,7.77,7.77,7.77,000,7.1
2003-02-03,7.77,7.77,7.77,7.77,000,7.1
2003-01-31,7.77,7.77,7.77,7.77,000,7.1
2003-01-30,7.77,7.77,7.77,7.77,000,7.1
2003-01-29,7.83,7.83,7.73,7.77,720500,7.1
2003-01-28,7.83,7.87,7.76,7.82,532700,7.1
2003-01-27,7.77,7.89,7.70,7.87,513600,7.2
2003-01-24,7.70,7.76,7.60,7.72,834900,7.1
2003-01-23,7.82,7.88,7.68,7.70,513300,7.0
2003-01-22,7.80,7.90,7.80,7.86,285700,7.2
2003-01-21,8.00,8.04,7.83,7.85,386400,7.2
2003-01-20,7.93,7.93,7.81,7.89,402700,7.2
2003-01-17,8.03,8.04,7.93,7.94,556200,7.3
2003-01-16,7.99,8.04,7.90,8.01,884300,7.3
2003-01-15,8.19,8.19,7.90,8.00,1303400,7.3
2003-01-14,7.95,8.27,7.95,8.16,2480300,7.5
2003-01-13,7.88,8.00,7.88,7.95,249900,7.3
2003-01-10,7.88,8.05,7.84,7.86,590700,7.2
2003-01-09,7.80,7.99,7.71,7.90,725500,7.2
2003-01-08,7.56,7.78,7.56,7.74,226000,7.1
2003-01-07,7.66,7.66,7.55,7.63,116500,7.0
2003-01-06,7.56,7.65,7.46,7.63,144200,7.0
2003-01-03,7.55,7.65,7.50,7.56,148400,6.9
2003-01-02,7.57,7.74,7.55,7.60,363000,6.9
2003-01-01,7.92,7.92,7.92,7.92,000,7.2
