Date,Open,High,Low,Close,Volume,Adj Clos
2010-12-31,8.44,8.51,8.40,8.49,1797000,8.4
2010-12-30,8.44,8.49,8.31,8.42,1466200,8.3
2010-12-29,8.38,8.45,8.25,8.43,1342500,8.3
2010-12-28,8.77,8.89,8.38,8.41,2787800,8.3
2010-12-27,9.05,9.10,8.63,8.88,2263600,8.8
2010-12-24,8.92,9.15,8.90,9.02,2229000,8.9
2010-12-23,9.15,9.25,8.96,9.08,3012300,9.0
2010-12-22,9.27,9.33,9.15,9.18,3892400,9.1
2010-12-21,8.98,9.27,8.95,9.26,4620500,9.2
2010-12-17,9.04,9.23,9.04,9.12,3498900,9.0
2010-12-16,9.09,9.14,9.02,9.07,2291000,9.0
2010-12-15,9.10,9.13,9.00,9.09,3313800,9.0
2010-12-14,8.95,9.10,8.95,9.07,3212000,9.0
2010-12-13,8.87,9.05,8.78,8.97,3161400,8.9
2010-12-10,8.66,8.89,8.62,8.79,1453900,8.7
2010-12-09,8.90,8.90,8.59,8.73,2539100,8.6
2010-12-08,9.00,9.08,8.85,8.93,2345100,8.8
2010-12-07,8.96,9.12,8.82,9.05,2003900,9.0
2010-12-06,9.06,9.19,8.87,9.01,2731600,8.9
2010-12-03,9.16,9.24,8.88,9.05,3504100,9.0
2010-12-02,9.19,9.33,9.12,9.24,6353800,9.1
2010-12-01,9.10,9.35,8.88,9.19,6984800,9.1
2010-11-30,8.94,9.24,8.50,9.19,10003000,9.1
2010-11-29,8.88,8.93,8.70,8.89,3455300,8.8
2010-11-26,9.05,9.05,8.83,8.90,3603700,8.8
2010-11-25,9.01,9.13,8.95,9.05,5308000,9.0
2010-11-24,8.69,9.09,8.63,9.01,4595500,8.9
2010-11-23,9.11,9.12,8.60,8.78,4194700,8.7
2010-11-22,8.89,9.32,8.50,9.17,5981200,9.1
2010-11-19,8.66,9.29,8.57,8.98,5195700,8.9
2010-11-18,8.61,8.70,8.46,8.61,3272800,8.5
2010-11-17,8.89,8.95,8.45,8.52,3495300,8.4
2010-11-16,9.43,9.45,8.87,8.88,4319200,8.8
2010-11-15,9.35,9.54,9.19,9.40,3986400,9.3
2010-11-12,10.13,10.22,9.21,9.30,8689000,9.2
2010-11-11,10.33,10.47,10.23,10.23,8589800,10.1
2010-11-10,10.21,10.43,10.16,10.33,6873600,10.2
2010-11-09,10.21,10.35,10.12,10.24,7532400,10.1
2010-11-08,10.00,10.26,9.98,10.19,7210200,10.1
2010-11-05,9.91,10.02,9.85,9.98,6180700,9.9
2010-11-04,9.75,9.88,9.71,9.86,4953500,9.8
2010-11-03,9.95,9.97,9.74,9.74,5511100,9.6
2010-11-02,10.17,10.53,9.96,9.97,10684300,9.9
2010-11-01,10.01,10.15,9.96,10.13,8120500,10.0
2010-10-29,10.05,10.08,9.90,10.02,6794700,9.9
2010-10-28,9.87,10.04,9.68,10.02,6444800,9.9
2010-10-27,9.77,10.04,9.77,9.90,9990800,9.8
2010-10-26,9.92,9.97,9.71,9.80,6085000,9.7
2010-10-25,9.90,9.99,9.82,9.90,6520800,9.8
2010-10-22,9.88,10.11,9.77,9.83,5097700,9.7
2010-10-21,9.63,10.04,9.55,9.93,10019000,9.8
2010-10-20,9.37,9.66,9.32,9.58,4359100,9.5
2010-10-19,9.20,9.58,9.20,9.50,3174600,9.4
2010-10-18,9.21,9.35,9.05,9.20,4069500,9.1
2010-10-15,9.39,9.55,9.29,9.32,3541100,9.2
2010-10-14,9.70,9.73,9.22,9.24,4615100,9.1
2010-10-13,9.55,9.71,9.50,9.71,4190400,9.6
2010-10-12,9.67,9.67,9.51,9.55,3702600,9.4
2010-10-11,9.45,9.69,9.39,9.67,4253400,9.6
2010-10-08,9.33,9.51,9.33,9.42,2816500,9.3
2010-09-30,9.20,9.33,9.18,9.27,1797900,9.2
2010-09-29,9.22,9.31,9.16,9.18,2103900,9.1
2010-09-28,9.47,9.50,9.11,9.21,2908200,9.1
2010-09-27,9.30,9.47,9.20,9.47,2568500,9.4
2010-09-21,9.35,9.46,9.12,9.24,2378300,9.1
2010-09-20,9.51,9.70,9.35,9.35,3809800,9.2
2010-09-17,9.92,10.03,9.41,9.51,6837800,9.4
2010-09-16,10.48,10.75,9.85,9.97,16092600,9.9
2010-09-15,10.75,10.75,10.10,10.61,8429600,10.5
2010-09-14,9.99,10.44,9.92,10.40,11524600,10.3
2010-09-13,9.54,10.06,9.52,9.99,7890100,9.9
2010-09-10,9.50,9.60,9.06,9.60,5407000,9.5
2010-09-09,9.89,9.91,9.49,9.49,4837900,9.4
2010-09-08,9.70,9.92,9.66,9.89,4342800,9.8
2010-09-07,9.83,9.95,9.56,9.76,4522100,9.7
2010-09-06,10.03,10.08,9.72,9.79,6640600,9.7
2010-09-03,9.64,10.24,9.64,10.00,9772900,9.9
2010-09-02,9.48,9.75,9.25,9.64,3873600,9.5
2010-09-01,9.65,9.80,9.37,9.45,4043400,9.3
2010-08-31,9.64,9.78,9.62,9.68,3634300,9.6
2010-08-30,9.42,9.73,9.36,9.73,3666300,9.6
2010-08-27,9.39,9.42,9.27,9.32,1819500,9.2
2010-08-26,9.35,9.47,9.30,9.38,2566400,9.3
2010-08-25,9.70,9.70,9.34,9.35,4001300,9.2
2010-08-24,9.70,9.85,9.43,9.78,5038300,9.7
2010-08-23,9.96,10.26,9.65,9.72,8100200,9.6
2010-08-20,9.74,9.98,9.63,9.88,12013400,9.8
2010-08-19,9.53,9.85,9.41,9.80,7081000,9.7
2010-08-18,9.35,9.64,9.18,9.58,6598200,9.5
2010-08-17,9.35,9.48,9.26,9.38,4900000,9.3
2010-08-16,9.16,9.38,9.15,9.30,4231700,9.2
2010-08-13,9.18,9.24,8.90,9.21,4315600,9.1
2010-08-12,9.34,9.60,9.12,9.19,9098100,9.1
2010-08-11,9.21,9.52,9.07,9.52,10041100,9.4
2010-08-10,9.23,9.52,9.10,9.24,8362300,9.1
2010-08-09,9.04,9.31,8.92,9.29,7638100,9.2
2010-08-06,8.78,9.05,8.74,9.03,4018700,8.9
2010-08-05,8.80,8.94,8.73,8.84,2933600,8.7
2010-08-04,8.80,8.92,8.59,8.85,4226000,8.8
2010-08-03,9.08,9.09,8.81,8.83,5565500,8.7
2010-08-02,9.03,9.12,8.82,9.07,5811900,9.0
2010-07-30,8.65,9.05,8.60,8.99,7838300,8.9
2010-07-29,8.77,8.85,8.56,8.72,4770600,8.6
2010-07-28,8.53,8.95,8.48,8.80,7080400,8.7
2010-07-27,8.63,8.70,8.55,8.59,2506400,8.5
2010-07-26,8.53,8.88,8.44,8.75,4635600,8.7
2010-07-23,8.41,8.53,8.28,8.52,3687600,8.4
2010-07-22,8.26,8.45,8.20,8.45,2895900,8.4
2010-07-21,8.30,8.38,8.20,8.27,3076600,8.2
2010-07-20,8.04,8.28,8.00,8.28,4023600,8.2
2010-07-19,7.75,8.06,7.71,8.03,1274400,7.9
2010-07-16,7.88,8.00,7.64,7.89,884100,7.8
2010-07-15,8.08,8.15,7.85,7.90,1234700,7.8
2010-07-14,7.95,8.33,7.94,8.15,2294700,8.1
2010-07-13,8.03,8.09,7.85,8.02,1064500,7.9
2010-07-12,8.09,8.15,8.05,8.12,1547100,8.0
2010-07-09,7.90,8.11,7.78,8.06,1546000,8.0
2010-07-08,8.22,8.22,7.87,7.88,872000,7.8
2010-07-07,7.83,8.04,7.80,7.98,1152500,7.9
2010-07-06,7.50,7.92,7.42,7.92,1664700,7.8
2010-07-05,7.52,7.53,7.33,7.50,1083100,7.4
2010-07-02,7.66,7.75,7.17,7.60,1966500,7.5
2010-07-01,7.99,8.00,7.63,7.68,1226200,7.6
2010-06-30,8.13,8.13,7.82,7.90,1462800,7.8
2010-06-29,8.53,8.66,8.06,8.07,2583300,8.0
2010-06-28,8.61,8.75,8.46,8.66,1234400,8.6
2010-06-25,8.85,8.85,8.48,8.61,1310100,8.5
2010-06-24,8.80,8.94,8.70,8.90,1724000,8.8
2010-06-23,8.75,8.86,8.59,8.73,1330000,8.6
2010-06-22,8.69,8.84,8.62,8.76,1468800,8.7
2010-06-21,8.53,8.85,8.20,8.81,2216200,8.7
2010-06-18,8.84,8.90,8.41,8.52,1789200,8.4
2010-06-17,8.95,9.06,8.90,8.92,1403700,8.8
2010-06-11,9.08,9.15,8.85,8.91,2013900,8.8
2010-06-10,9.17,9.17,9.03,9.05,2154100,9.0
2010-06-09,9.07,9.20,8.90,9.18,3536500,9.1
2010-06-08,8.90,9.20,8.88,9.06,3799000,9.0
2010-06-07,8.55,8.99,8.55,8.96,2752400,8.9
2010-06-04,8.60,8.80,8.48,8.79,1764700,8.7
2010-06-03,8.58,8.99,8.58,8.73,3903600,8.6
2010-06-02,8.33,8.60,8.28,8.56,1786400,8.5
2010-06-01,8.50,8.62,8.18,8.43,2658100,8.3
2010-05-31,9.00,9.04,8.46,8.50,2627300,8.4
2010-05-28,9.23,9.28,8.92,9.02,3492100,8.9
2010-05-27,8.95,9.16,8.82,9.15,2678400,9.1
2010-05-26,8.92,9.05,8.87,9.00,1763600,8.9
2010-05-25,8.99,9.12,8.87,8.95,2617800,8.9
2010-05-24,8.58,9.08,8.58,9.00,4746200,8.9
2010-05-21,8.04,8.57,8.04,8.56,2608300,8.5
2010-05-20,8.69,8.84,8.40,8.42,2325800,8.3
2010-05-19,8.83,8.93,8.58,8.74,2351200,8.6
2010-05-18,8.61,8.90,8.45,8.83,2705700,8.7
2010-05-17,9.02,9.14,8.61,8.61,4504100,8.5
2010-05-14,9.05,9.17,8.88,9.09,3118100,9.0
2010-05-13,9.00,9.15,8.70,9.12,3333200,9.0
2010-05-12,9.13,9.28,8.80,8.96,3224500,8.9
2010-05-11,9.58,9.70,9.20,9.22,3242600,9.1
2010-05-10,9.50,9.65,9.20,9.42,3093000,9.3
2010-05-07,9.40,9.83,9.30,9.59,4012400,9.5
2010-05-06,10.31,10.47,9.86,9.89,4911200,9.8
2010-05-05,9.94,10.35,9.74,10.30,4133800,10.2
2010-05-04,9.70,10.10,9.50,9.97,2851300,9.9
2010-04-30,10.20,10.34,9.23,9.93,5828800,9.8
2010-04-29,11.24,11.39,10.22,10.26,9163100,10.2
2010-04-28,10.90,11.40,10.90,11.21,6806200,11.1
2010-04-26,11.55,11.84,11.50,11.51,7099900,11.4
2010-04-23,11.81,12.30,11.58,11.67,14428900,11.6
2010-04-22,11.60,12.10,11.53,11.90,13916400,11.8
2010-04-21,11.36,12.12,11.28,11.70,21183100,11.6
2010-04-20,10.68,11.48,10.43,11.39,15099700,11.3
2010-04-19,10.70,11.38,10.61,10.72,10536200,10.6
2010-04-16,10.99,11.07,10.70,10.84,7037100,10.7
2010-04-15,11.59,11.80,11.05,11.09,19468800,11.0
2010-04-14,10.67,11.35,10.67,11.35,11428300,11.2
2010-04-13,10.62,10.75,10.10,10.32,6461100,10.2
2010-04-12,10.51,10.69,10.45,10.64,7327500,10.5
2010-04-09,10.33,10.55,10.33,10.49,5821700,10.4
2010-04-08,10.20,10.45,10.18,10.31,6292200,10.2
2010-04-07,10.31,10.39,10.18,10.26,4147700,10.2
2010-04-06,10.51,10.57,10.30,10.37,5109900,10.3
2010-04-02,10.42,10.52,10.31,10.47,5859000,10.4
2010-04-01,10.19,10.45,10.13,10.42,6203100,10.3
2010-03-31,10.28,10.29,10.09,10.11,4421900,10.0
2010-03-30,10.24,10.33,10.16,10.29,2870700,10.2
2010-03-29,10.31,10.38,10.15,10.24,3930000,10.1
2010-03-26,10.15,10.35,10.07,10.29,4529300,10.2
2010-03-25,10.31,10.35,10.12,10.15,4817700,10.0
2010-03-24,9.94,10.38,9.94,10.30,9893900,10.2
2010-03-23,10.10,10.18,9.91,10.01,3214100,9.9
2010-03-22,9.88,10.19,9.88,10.10,5042100,10.0
2010-03-19,9.86,9.94,9.75,9.88,2960500,9.8
2010-03-18,9.75,9.94,9.70,9.85,3228900,9.7
2010-03-17,9.45,9.77,9.43,9.75,2569400,9.6
2010-03-16,9.42,9.47,9.30,9.45,1147700,9.3
2010-03-15,9.50,9.55,9.25,9.36,2265500,9.3
2010-03-12,9.80,9.89,9.52,9.53,3079400,9.4
2010-03-11,10.00,10.08,9.70,9.87,2201800,9.8
2010-03-10,10.25,10.29,9.89,9.92,2637300,9.8
2010-03-09,10.08,10.20,9.93,10.18,3264200,10.1
2010-03-08,9.92,10.23,9.92,10.10,3571600,10.0
2010-03-05,9.99,10.00,9.75,9.91,3198400,9.8
2010-03-04,10.20,10.54,9.75,9.75,6557300,9.6
2010-03-03,10.01,10.15,9.87,10.10,4020300,10.0
2010-03-02,9.78,10.12,9.71,10.05,6095500,9.9
2010-03-01,9.71,9.84,9.62,9.78,3362100,9.7
2010-02-26,9.63,9.72,9.54,9.61,3104200,9.5
2010-02-25,9.73,9.73,9.52,9.64,2910900,9.5
2010-02-24,9.16,9.51,9.16,9.50,3316700,9.4
2010-02-23,9.33,9.33,9.11,9.24,1877100,9.1
2010-02-22,9.32,9.40,9.32,9.33,1213600,9.2
2010-02-12,9.40,9.40,9.31,9.37,1457600,9.3
2010-02-11,9.30,9.39,9.26,9.33,1569900,9.2
2010-02-10,9.29,9.32,9.22,9.25,1474000,9.1
2010-02-09,9.25,9.33,9.14,9.24,1287300,9.1
2010-02-08,9.12,9.27,9.10,9.25,1201800,9.1
2010-02-05,9.16,9.32,9.11,9.18,2196800,9.1
2010-02-04,9.20,9.69,9.12,9.45,3166700,9.3
2010-02-03,9.01,9.23,8.88,9.20,1815200,9.1
2010-02-02,9.19,9.36,9.05,9.06,2239100,9.0
2010-02-01,9.36,9.38,9.19,9.25,3163700,9.1
2010-01-29,9.00,9.17,8.95,9.04,1970100,8.9
2010-01-28,9.09,9.10,8.92,9.00,2123600,8.9
2010-01-27,9.13,9.21,9.00,9.04,1766100,8.9
2010-01-26,9.72,9.77,9.08,9.13,2543400,9.0
2010-01-25,9.73,9.79,9.60,9.68,1302300,9.6
2010-01-22,9.96,9.96,9.55,9.76,3346900,9.7
2010-01-21,10.00,10.08,9.82,10.01,3672600,9.9
2010-01-20,10.47,10.53,9.95,10.00,5443300,9.9
2010-01-19,10.68,10.68,10.40,10.47,4337500,10.4
2010-01-18,10.51,10.74,10.44,10.68,5408600,10.6
2010-01-15,10.49,10.78,10.41,10.58,5663200,10.5
2010-01-14,10.07,10.58,10.02,10.56,7962000,10.5
2010-01-13,10.00,10.29,9.90,10.05,3304800,9.9
2010-01-12,10.13,10.27,9.97,10.21,3531100,10.1
2010-01-11,9.98,10.18,9.82,10.18,3731700,10.1
2010-01-08,9.90,9.92,9.66,9.86,2572500,9.8
2010-01-07,10.30,10.35,9.73,9.90,3101000,9.8
2010-01-06,10.26,10.43,10.11,10.35,3234900,10.2
2010-01-05,10.10,10.30,10.02,10.26,3487700,10.2
2010-01-04,10.22,10.25,10.06,10.10,1768400,10.0
