Date,Open,High,Low,Close,Volume,Adj Clos
2009-12-31,5.62,5.67,5.56,5.66,9360300,5.6
2009-12-30,5.65,5.68,5.54,5.61,10015000,5.6
2009-12-29,5.68,5.71,5.54,5.64,10334500,5.6
2009-12-28,5.59,5.71,5.57,5.68,11113700,5.6
2009-12-25,5.57,5.62,5.51,5.57,9465500,5.5
2009-12-23,5.38,5.47,5.35,5.43,6634400,5.4
2009-12-22,5.57,5.68,5.35,5.39,12001600,5.3
2009-12-21,5.43,5.59,5.42,5.58,8684800,5.5
2009-12-18,5.63,5.67,5.42,5.44,12671500,5.4
2009-12-17,5.95,6.02,5.67,5.69,19491500,5.6
2009-12-16,5.93,6.08,5.83,5.98,25228900,5.9
2009-12-15,5.90,6.02,5.85,5.92,24583500,5.9
2009-12-14,5.81,5.99,5.60,5.97,18412500,5.9
2009-12-11,6.05,6.07,5.80,5.83,21681200,5.8
2009-12-10,5.75,5.98,5.74,5.92,20531100,5.9
2009-12-09,5.90,5.90,5.70,5.73,17273300,5.7
2009-12-08,5.90,6.00,5.76,5.96,27521800,5.9
2009-12-07,5.76,5.94,5.71,5.90,18200000,5.9
2009-12-04,5.87,5.99,5.61,5.76,26535800,5.7
2009-12-03,5.95,6.05,5.82,5.92,28853300,5.9
2009-12-02,5.82,6.02,5.76,5.95,34529500,5.9
2009-12-01,5.54,5.85,5.51,5.82,19324900,5.8
2009-11-30,5.38,5.57,5.35,5.55,15027700,5.5
2009-11-27,5.55,5.63,5.30,5.34,16227100,5.3
2009-11-26,5.70,5.89,5.59,5.63,30010200,5.6
2009-11-25,5.45,5.75,5.40,5.72,22744500,5.7
2009-11-24,5.81,5.94,5.43,5.48,38371800,5.4
2009-11-23,5.70,5.94,5.65,5.86,31923100,5.8
2009-11-20,5.73,5.87,5.62,5.75,25515500,5.7
2009-11-19,5.59,5.89,5.53,5.73,28670300,5.7
2009-11-18,5.49,5.60,5.46,5.58,17829100,5.5
2009-11-17,5.50,5.64,5.44,5.52,29958200,5.5
2009-11-16,5.35,5.54,5.35,5.49,21394800,5.4
2009-11-13,5.30,5.38,5.18,5.35,13717200,5.3
2009-11-12,5.36,5.51,5.32,5.34,19270400,5.3
2009-11-11,5.27,5.38,5.23,5.36,13997000,5.3
2009-11-10,5.30,5.47,5.20,5.35,27119300,5.3
2009-11-09,5.20,5.30,5.16,5.28,13426600,5.2
2009-11-06,5.21,5.31,5.17,5.20,15902200,5.2
2009-11-05,5.10,5.29,5.08,5.21,22481800,5.2
2009-11-04,5.01,5.15,4.99,5.12,14297100,5.1
2009-11-03,4.92,5.05,4.89,5.03,10437100,5.0
2009-11-02,4.79,4.95,4.71,4.93,8500400,4.9
2009-10-30,4.88,4.93,4.82,4.85,5987100,4.8
2009-10-29,4.85,4.87,4.79,4.82,5490900,4.8
2009-10-28,4.90,4.94,4.80,4.92,6349900,4.9
2009-10-27,5.08,5.10,4.86,4.90,10549500,4.9
2009-10-26,5.13,5.18,5.08,5.11,7882900,5.1
2009-10-23,5.06,5.15,5.06,5.12,11340500,5.1
2009-10-22,5.07,5.10,5.02,5.08,9503900,5.0
2009-10-21,5.10,5.15,5.04,5.07,12369400,5.0
2009-10-20,5.00,5.40,5.00,5.16,24775600,5.1
2009-10-19,4.93,5.02,4.87,5.00,11103300,5.0
2009-10-16,4.92,4.95,4.83,4.93,6568900,4.9
2009-10-15,4.96,4.99,4.88,4.93,7456300,4.9
2009-10-14,4.87,4.95,4.85,4.92,11618100,4.9
2009-10-13,4.82,4.88,4.74,4.85,9653300,4.8
2009-10-12,4.95,4.95,4.83,4.86,8668700,4.8
2009-10-09,4.75,5.04,4.71,4.95,10826800,4.9
2009-09-30,4.71,4.78,4.66,4.67,7783700,4.6
2009-09-29,4.88,4.96,4.58,4.68,17036700,4.6
2009-09-28,5.34,5.34,4.97,4.98,25834300,4.9
2009-09-25,5.24,5.70,5.13,5.52,57388600,5.5
2009-09-24,5.06,5.24,5.02,5.19,17859400,5.1
2009-09-23,5.25,5.29,4.99,5.09,24069900,5.0
2009-09-22,5.07,5.28,5.02,5.23,26687300,5.2
2009-09-21,5.00,5.08,4.85,5.06,10644800,5.0
2009-09-18,5.15,5.18,4.95,4.97,14409100,4.9
2009-09-17,5.00,5.15,5.00,5.12,14322800,5.1
2009-09-16,5.02,5.04,4.93,4.99,7892200,4.9
2009-09-15,5.02,5.05,4.95,5.00,9938500,5.0
2009-09-14,4.90,5.07,4.89,5.00,14115400,5.0
2009-09-11,4.79,4.93,4.79,4.91,8770800,4.9
2009-09-10,4.83,4.89,4.79,4.82,7372900,4.8
2009-09-09,4.90,4.94,4.82,4.91,13384700,4.9
2009-09-08,4.78,4.90,4.71,4.89,9654100,4.8
2009-09-07,4.78,4.84,4.75,4.79,8731700,4.7
2009-09-04,4.70,4.86,4.67,4.80,10961100,4.8
2009-09-03,4.57,4.76,4.52,4.73,8157300,4.7
2009-09-02,4.52,4.62,4.48,4.56,4916800,4.5
2009-09-01,4.50,4.69,4.50,4.56,6463700,4.5
2009-08-31,4.84,4.84,4.56,4.57,9647800,4.5
2009-08-28,5.11,5.15,4.92,4.94,10344900,4.9
2009-08-27,5.11,5.23,5.02,5.14,18686600,5.1
2009-08-26,4.88,5.14,4.84,5.11,13886400,5.1
2009-08-25,4.99,4.99,4.75,4.88,11406400,4.8
2009-08-24,4.95,5.08,4.90,4.99,11366800,4.9
2009-08-21,4.82,4.98,4.75,4.93,12948400,4.9
2009-08-20,4.65,4.86,4.62,4.82,8162500,4.8
2009-08-19,5.09,5.10,4.58,4.66,9501400,4.6
2009-08-18,4.93,5.09,4.92,5.07,7330500,5.0
2009-08-17,5.31,5.38,4.93,5.00,11433900,5.0
2009-08-14,5.74,5.76,5.32,5.37,16121200,5.3
2009-08-13,5.72,5.83,5.60,5.77,12264700,5.7
2009-08-12,6.04,6.08,5.67,5.74,14330400,5.7
2009-08-11,6.08,6.11,5.98,6.06,13316800,6.0
2009-08-10,5.93,6.05,5.86,6.04,18357900,6.0
2009-08-07,5.97,6.09,5.81,5.88,16720300,5.8
2009-08-06,6.10,6.11,5.92,5.96,19961800,5.9
2009-08-05,6.08,6.26,6.04,6.16,27135600,6.1
2009-08-04,6.10,6.16,5.89,6.08,22864700,6.0
2009-08-03,5.94,6.20,5.90,6.11,24612900,6.1
2009-07-31,5.81,5.96,5.76,5.92,17463800,5.9
2009-07-30,5.71,5.84,5.60,5.81,18703300,5.8
2009-07-29,6.17,6.26,5.58,5.66,32192100,5.6
2009-07-28,6.20,6.39,6.11,6.20,28850000,6.2
2009-07-27,6.07,6.28,5.98,6.20,32818900,6.2
2009-07-24,6.06,6.28,5.90,6.06,33581600,6.0
2009-07-23,6.02,6.14,5.96,6.04,33081300,6.0
2009-07-22,5.70,6.00,5.70,6.00,37822300,6.0
2009-07-21,5.92,5.95,5.68,5.69,22638400,5.6
2009-07-20,5.70,5.97,5.69,5.89,35686200,5.8
2009-07-17,5.59,5.78,5.59,5.69,20219400,5.6
2009-07-16,5.73,5.75,5.56,5.58,18557000,5.5
2009-07-15,5.63,5.83,5.61,5.69,26059400,5.6
2009-07-14,5.52,5.69,5.52,5.62,18254300,5.6
2009-07-13,5.45,5.57,5.44,5.52,13535000,5.5
2009-07-10,5.54,5.57,5.49,5.50,16285300,5.5
2009-07-09,5.47,5.53,5.40,5.53,16146800,5.5
2009-07-08,5.40,5.47,5.37,5.45,10018600,5.4
2009-07-07,5.36,5.47,5.34,5.41,16798300,5.4
2009-07-06,5.35,5.40,5.27,5.36,14164700,5.3
2009-07-03,5.30,5.39,5.28,5.35,13574600,5.3
2009-07-02,5.32,5.37,5.24,5.35,18279500,5.3
2009-07-01,5.30,5.37,5.30,5.33,7742500,5.3
2009-06-30,5.40,5.43,5.28,5.33,13493500,5.3
2009-06-29,5.44,5.47,5.38,5.40,12895300,5.4
2009-06-26,5.48,5.51,5.42,5.44,9263600,5.4
2009-06-25,5.52,5.58,5.46,5.48,10208900,5.4
2009-06-24,5.47,5.55,5.46,5.52,10818300,5.5
2009-06-23,5.50,5.55,5.43,5.48,8491100,5.4
2009-06-22,5.50,5.64,5.50,5.54,14991700,5.5
2009-06-19,5.47,5.53,5.41,5.49,11151100,5.4
2009-06-18,5.50,5.55,5.45,5.47,11127000,5.4
2009-06-17,5.44,5.53,5.43,5.49,6684700,5.4
2009-06-16,5.51,5.51,5.41,5.46,7526700,5.4
2009-06-15,5.45,5.51,5.42,5.51,6209800,5.5
2009-06-12,5.62,5.67,5.42,5.47,11234800,5.4
2009-06-11,5.67,5.84,5.61,5.69,25491600,5.6
2009-06-08,5.56,5.59,5.46,5.53,9213100,5.5
2009-06-05,5.64,5.66,5.55,5.57,11303200,5.5
2009-06-04,5.69,5.75,5.52,5.59,12506200,5.5
2009-06-03,5.66,5.78,5.65,5.70,14845000,5.6
2009-06-02,5.54,5.85,5.51,5.70,24156100,5.6
2009-06-01,5.53,5.58,5.48,5.52,10405700,5.4
2009-05-27,5.45,5.50,5.38,5.44,7191100,5.4
2009-05-26,5.50,5.53,5.41,5.43,8752800,5.4
2009-05-25,5.38,5.52,5.30,5.48,8754500,5.4
2009-05-22,5.47,5.60,5.47,5.55,7265000,5.5
2009-05-21,5.71,5.77,5.51,5.52,14243200,5.4
2009-05-20,5.83,5.86,5.70,5.74,14757400,5.7
2009-05-19,5.78,5.95,5.77,5.82,31277900,5.7
2009-05-18,5.59,5.78,5.46,5.77,16576800,5.7
2009-05-15,5.62,5.69,5.51,5.60,11024400,5.5
2009-05-14,5.52,5.67,5.51,5.58,9834800,5.5
2009-05-13,5.60,5.71,5.53,5.63,11798400,5.6
2009-05-12,5.50,5.65,5.44,5.63,12419100,5.6
2009-05-11,5.95,5.99,5.50,5.50,23402700,5.4
2009-05-08,5.82,6.02,5.73,5.91,23246600,5.8
2009-05-07,6.01,6.05,5.68,5.84,24224300,5.8
2009-05-06,5.79,6.07,5.73,5.98,31112200,5.9
2009-05-05,5.80,5.86,5.71,5.80,22380300,5.7
2009-05-04,5.56,5.88,5.52,5.84,39948000,5.8
2009-04-30,5.48,5.65,5.33,5.55,27498600,5.5
2009-04-29,5.55,5.70,5.39,5.51,28662500,5.4
2009-04-28,5.52,5.65,5.44,5.55,26951300,5.5
2009-04-27,5.52,5.62,5.24,5.50,23437900,5.4
2009-04-24,5.79,5.79,5.51,5.60,28034600,5.5
2009-04-23,5.34,5.73,5.28,5.72,36463100,5.6
2009-04-22,5.60,5.69,5.15,5.47,21291000,5.4
2009-04-21,5.58,5.75,5.41,5.57,19657900,5.5
2009-04-20,5.39,5.76,5.34,5.67,22410600,5.6
2009-04-16,5.60,5.75,5.54,5.56,38604800,5.5
2009-04-15,5.33,5.59,5.21,5.52,22673100,5.4
2009-04-14,5.34,5.43,5.29,5.36,16355800,5.3
2009-04-13,5.21,5.49,5.20,5.35,30847800,5.3
2009-04-10,5.12,5.21,5.07,5.19,13149200,5.1
2009-04-09,5.00,5.11,4.98,5.10,7996600,5.0
2009-04-08,5.21,5.22,5.00,5.00,11985600,4.9
2009-04-07,5.19,5.27,5.13,5.22,8569900,5.1
2009-04-03,5.39,5.42,5.15,5.19,14652700,5.1
2009-04-02,5.44,5.50,5.35,5.36,21637200,5.3
2009-04-01,5.30,5.50,5.24,5.44,29043300,5.4
2009-03-31,5.10,5.34,5.03,5.30,15793700,5.2
2009-03-30,5.17,5.24,5.06,5.21,14192700,5.1
2009-03-27,5.19,5.24,5.11,5.15,15233400,5.1
2009-03-26,4.96,5.18,4.96,5.16,17428800,5.1
2009-03-25,5.12,5.14,4.92,4.93,12440200,4.9
2009-03-24,5.19,5.21,5.09,5.15,13878000,5.1
2009-03-23,5.00,5.16,4.98,5.12,13573000,5.0
2009-03-20,5.08,5.09,4.92,4.96,12009400,4.9
2009-03-19,4.91,5.10,4.91,5.07,12541300,5.0
2009-03-18,4.86,5.02,4.84,4.91,12829100,4.8
2009-03-17,4.68,4.88,4.65,4.85,8528400,4.8
2009-03-16,4.63,4.70,4.57,4.67,5582900,4.6
2009-03-13,4.78,4.83,4.66,4.67,5123900,4.6
2009-03-12,4.75,4.82,4.57,4.75,5485300,4.7
2009-03-11,4.92,4.98,4.75,4.75,8477000,4.7
2009-03-10,4.52,4.92,4.52,4.88,8606300,4.8
2009-03-09,4.88,4.99,4.59,4.60,8709100,4.5
2009-03-06,4.80,4.97,4.75,4.89,10376500,4.8
2009-03-05,5.01,5.03,4.78,4.89,18006500,4.8
2009-03-04,4.62,4.96,4.57,4.96,15852000,4.9
2009-03-03,4.49,4.68,4.44,4.59,8562500,4.5
2009-03-02,4.49,4.64,4.38,4.59,7158300,4.5
2009-02-27,4.89,4.90,4.39,4.50,11858400,4.4
2009-02-26,5.34,5.40,4.77,4.87,14210500,4.8
2009-02-25,5.35,5.43,5.09,5.30,14342700,5.2
2009-02-24,5.50,5.60,5.20,5.23,19859600,5.2
2009-02-23,5.41,5.65,5.30,5.60,16231800,5.5
2009-02-20,5.25,5.48,5.22,5.45,13896600,5.4
2009-02-19,5.23,5.37,5.11,5.21,14568600,5.1
2009-02-18,5.48,5.57,5.18,5.21,22969500,5.1
2009-02-17,5.84,6.17,5.65,5.66,37275800,5.6
2009-02-16,5.67,5.77,5.53,5.74,24564500,5.7
2009-02-13,5.45,5.80,5.33,5.66,29052100,5.6
2009-02-12,5.30,5.48,5.17,5.42,30045300,5.3
2009-02-11,5.12,5.40,5.09,5.15,24704700,5.1
2009-02-10,5.10,5.29,5.00,5.27,20367800,5.2
2009-02-09,5.05,5.20,4.97,5.13,23527000,5.1
2009-02-06,4.72,5.02,4.72,4.95,20044800,4.9
2009-02-05,4.89,4.91,4.67,4.71,15051700,4.6
2009-02-04,4.80,4.87,4.71,4.86,18796600,4.8
2009-02-03,4.69,4.80,4.64,4.80,14849600,4.7
2009-02-02,4.60,4.73,4.53,4.68,12757900,4.6
2009-01-23,4.49,4.61,4.47,4.53,10509600,4.5
2009-01-22,4.45,4.54,4.42,4.51,7710700,4.4
2009-01-21,4.47,4.52,4.40,4.42,7293100,4.4
2009-01-20,4.50,4.58,4.45,4.54,9262500,4.5
2009-01-19,4.52,4.56,4.43,4.47,15526000,4.4
2009-01-16,4.48,4.68,4.45,4.56,13781800,4.5
2009-01-15,4.43,4.52,4.39,4.45,9848100,4.4
2009-01-14,4.24,4.43,4.24,4.42,5373100,4.4
2009-01-13,4.37,4.45,4.26,4.28,6405800,4.2
2009-01-12,4.41,4.51,4.33,4.45,8115000,4.4
2009-01-09,4.36,4.46,4.33,4.44,7158100,4.4
2009-01-08,4.42,4.48,4.26,4.36,9782900,4.3
2009-01-07,4.51,4.67,4.38,4.55,14889400,4.5
2009-01-06,4.31,4.55,4.25,4.51,12693000,4.4
2009-01-05,4.20,4.32,4.17,4.30,7936400,4.2
