Date,Open,High,Low,Close,Volume,Adj Clos
2003-12-31,8.78,8.83,8.66,8.71,207700,8.4
2003-12-30,8.60,8.90,8.60,8.79,383300,8.5
2003-12-29,8.61,8.74,8.48,8.59,203700,8.3
2003-12-26,8.40,8.84,8.35,8.70,547800,8.4
2003-12-25,8.27,8.64,8.20,8.45,372100,8.1
2003-12-24,8.40,8.45,8.15,8.26,450300,7.9
2003-12-23,8.38,8.57,8.25,8.47,616700,8.1
2003-12-22,8.17,8.41,7.90,8.40,782800,8.1
2003-12-19,8.92,9.12,8.10,8.17,1270400,7.9
2003-12-18,8.88,9.43,8.75,8.92,1440200,8.6
2003-12-17,8.70,9.45,8.60,8.99,2578100,8.6
2003-12-16,8.15,8.99,7.90,8.86,1569300,8.5
2003-12-15,8.16,8.32,8.13,8.17,99800,7.9
2003-12-12,8.08,8.36,8.07,8.24,211400,7.9
2003-12-11,8.22,8.22,8.07,8.12,196200,7.8
2003-12-10,8.10,8.20,8.10,8.18,123200,7.9
2003-12-09,8.10,8.18,8.05,8.13,131200,7.8
2003-12-08,8.21,8.44,8.20,8.20,682600,7.9
2003-12-05,7.94,8.10,7.90,8.09,188700,7.8
2003-12-04,8.02,8.12,7.92,7.97,137300,7.7
2003-12-03,8.03,8.13,8.02,8.06,138700,7.7
2003-12-02,8.03,8.25,7.95,8.12,410300,7.8
2003-12-01,7.85,8.07,7.79,8.02,250200,7.7
2003-11-28,7.72,8.18,7.71,7.86,318400,7.6
2003-11-27,8.00,8.00,7.67,7.72,197800,7.4
2003-11-26,8.00,8.14,7.91,7.97,203500,7.7
2003-11-25,7.89,8.20,7.80,8.05,387300,7.7
2003-11-24,7.55,7.85,7.55,7.83,222800,7.5
2003-11-21,7.73,7.85,7.57,7.61,154700,7.3
2003-11-20,7.43,7.76,7.37,7.73,267400,7.4
2003-11-19,7.45,7.62,7.45,7.52,74200,7.2
2003-11-18,7.35,7.40,7.30,7.40,33700,7.1
2003-11-17,7.39,7.65,7.33,7.45,67200,7.2
2003-11-14,7.36,7.44,7.31,7.41,67400,7.1
2003-11-13,7.30,7.38,7.25,7.30,47400,7.0
2003-11-12,7.45,7.45,7.27,7.31,47600,7.0
2003-11-11,7.52,7.52,7.30,7.45,17000,7.2
2003-11-10,7.40,7.46,7.22,7.36,46200,7.1
2003-11-07,7.59,7.60,7.38,7.43,114800,7.1
2003-11-06,7.95,7.95,7.56,7.60,193600,7.3
2003-11-05,8.08,8.18,7.90,7.90,87300,7.6
2003-11-04,7.98,8.19,7.90,8.07,394700,7.8
2003-11-03,7.78,7.95,7.75,7.90,131100,7.6
2003-10-31,7.70,7.95,7.70,7.80,129200,7.5
2003-10-30,7.85,7.93,7.65,7.70,113200,7.4
2003-10-29,8.04,8.09,7.78,7.95,117900,7.6
2003-10-28,8.20,8.20,7.99,8.04,89400,7.7
2003-10-27,8.13,8.16,7.96,8.02,128800,7.7
2003-10-24,8.38,8.38,8.18,8.18,90900,7.9
2003-10-23,8.53,8.58,8.30,8.32,100800,8.0
2003-10-22,8.30,8.55,8.24,8.53,296500,8.2
2003-10-21,8.50,8.68,8.08,8.30,410300,8.0
2003-10-20,8.58,8.64,8.49,8.53,73600,8.2
2003-10-17,8.51,8.67,8.51,8.65,157900,8.3
2003-10-16,8.80,8.88,8.50,8.56,522300,8.2
2003-10-15,8.82,9.40,8.80,8.93,1198500,8.6
2003-10-14,8.86,8.98,8.70,8.83,55700,8.5
2003-10-13,8.85,9.05,8.80,8.86,123800,8.5
2003-10-10,8.60,8.95,8.60,8.88,103400,8.5
2003-10-09,8.58,8.70,8.56,8.60,19400,8.3
2003-10-08,8.68,8.77,8.52,8.61,19100,8.3
2003-10-07,8.68,8.68,8.68,8.68,000,8.3
2003-10-06,8.68,8.68,8.68,8.68,000,8.3
2003-10-03,8.68,8.68,8.68,8.68,000,8.3
2003-10-02,8.68,8.68,8.68,8.68,000,8.3
2003-10-01,8.68,8.68,8.68,8.68,000,8.3
2003-09-30,8.61,8.77,8.48,8.68,43000,8.3
2003-09-29,8.56,8.60,8.52,8.55,54400,8.2
2003-09-26,8.69,8.70,8.56,8.57,57800,8.2
2003-09-25,8.86,8.88,8.61,8.63,43200,8.3
2003-09-24,8.78,8.92,8.75,8.86,92800,8.5
2003-09-23,8.61,8.78,8.61,8.78,42700,8.4
2003-09-22,8.66,8.70,8.55,8.60,35200,8.3
2003-09-19,8.61,8.67,8.52,8.67,39800,8.3
2003-09-18,8.60,8.67,8.50,8.57,77200,8.2
2003-09-17,8.80,8.80,8.61,8.61,39600,8.3
2003-09-16,8.51,8.79,8.51,8.78,41900,8.4
2003-09-15,8.68,8.78,8.58,8.68,72000,8.3
2003-09-12,8.88,8.93,8.68,8.75,109900,8.4
2003-09-11,8.99,9.04,8.90,8.91,47500,8.6
2003-09-10,9.03,9.04,8.92,8.98,47500,8.6
2003-09-09,9.15,9.15,8.95,9.01,90000,8.7
2003-09-08,9.06,9.20,9.06,9.15,82000,8.8
2003-09-05,9.24,9.25,9.04,9.07,253100,8.7
2003-09-04,9.45,9.54,9.23,9.31,441800,9.0
2003-09-03,9.07,9.78,9.07,9.51,1031100,9.1
2003-09-02,9.15,9.18,9.00,9.14,217500,8.8
2003-09-01,8.95,9.15,8.83,9.14,200800,8.8
2003-08-29,9.00,9.06,8.80,8.95,128600,8.6
2003-08-28,8.85,9.09,8.85,9.00,123300,8.7
2003-08-27,8.88,8.99,8.73,8.97,96800,8.6
2003-08-26,8.86,8.96,8.77,8.83,71000,8.5
2003-08-25,9.00,9.04,8.80,8.86,58400,8.5
2003-08-22,9.00,9.12,8.80,9.05,145200,8.7
2003-08-21,8.85,8.92,8.81,8.91,61900,8.6
2003-08-20,8.98,8.98,8.70,8.85,133100,8.5
2003-08-19,9.00,9.08,8.97,9.00,57100,8.7
2003-08-18,9.10,9.10,8.92,8.95,100800,8.6
2003-08-15,9.05,9.14,8.95,9.03,101600,8.7
2003-08-14,9.03,9.25,9.02,9.10,97900,8.8
2003-08-13,9.22,9.22,9.10,9.14,78200,8.8
2003-08-12,9.29,9.37,9.05,9.25,236400,8.9
2003-08-11,9.02,9.17,8.93,9.15,112800,8.8
2003-08-08,9.20,9.25,9.03,9.05,158400,8.7
2003-08-07,9.25,9.35,9.20,9.25,292300,8.9
2003-08-06,9.10,9.44,9.02,9.28,412600,8.9
2003-08-05,9.25,9.25,9.07,9.14,273500,8.8
2003-08-04,8.85,9.40,8.85,9.26,1027300,8.9
2003-08-01,8.75,8.92,8.75,8.80,518200,8.5
2003-07-31,8.65,8.70,8.45,8.65,465100,8.3
2003-07-30,8.86,8.86,8.55,8.70,45600,8.4
2003-07-29,8.72,8.91,8.72,8.80,119800,8.5
2003-07-28,9.00,9.01,8.75,8.75,80500,8.4
2003-07-25,9.11,9.14,8.80,9.02,64900,8.7
2003-07-24,9.11,9.18,9.00,9.02,59600,8.7
2003-07-23,9.10,9.20,9.10,9.15,16000,8.8
2003-07-22,9.10,9.25,9.03,9.24,42900,8.9
2003-07-21,9.10,9.25,9.00,9.22,78800,8.9
2003-07-18,9.31,9.40,9.12,9.25,77600,8.9
2003-07-17,9.42,9.50,9.21,9.40,144300,9.0
2003-07-16,9.55,9.69,9.45,9.50,42500,9.1
2003-07-15,9.56,9.70,9.51,9.54,33500,9.2
2003-07-14,9.65,9.72,9.56,9.65,27900,9.3
2003-07-11,9.55,9.75,9.55,9.73,64700,9.4
2003-07-10,9.62,9.70,9.48,9.69,74100,9.3
2003-07-09,9.51,9.65,9.51,9.57,37600,9.2
2003-07-08,9.40,9.70,9.40,9.65,51800,9.3
2003-07-07,9.55,9.70,9.50,9.52,27700,9.2
2003-07-04,9.63,9.70,9.57,9.58,42600,9.2
2003-07-03,9.52,9.80,9.52,9.63,46500,9.3
2003-07-02,9.60,9.77,9.60,9.70,54000,9.3
2003-07-01,9.60,9.81,9.55,9.62,44900,9.3
2003-06-30,9.84,9.84,9.84,9.84,000,9.5
2003-06-27,9.96,10.00,9.84,9.84,74600,9.5
2003-06-26,10.20,10.24,9.53,10.01,192200,9.6
2003-06-25,10.10,10.60,10.08,10.28,306100,9.9
2003-06-24,10.15,10.22,10.02,10.21,38400,9.8
2003-06-23,10.20,10.31,10.06,10.15,67600,9.8
2003-06-20,10.17,10.37,10.08,10.30,111700,9.9
2003-06-19,10.42,10.45,10.18,10.24,119300,9.9
2003-06-18,10.65,10.65,10.40,10.42,80200,10.0
2003-06-17,10.34,10.62,10.33,10.60,217700,10.2
2003-06-16,10.43,10.56,10.29,10.30,122800,9.9
2003-06-13,10.75,10.75,10.43,10.51,127600,10.1
2003-06-12,10.50,10.75,10.37,10.50,297700,10.1
2003-06-11,10.73,10.87,10.26,10.65,369600,10.3
2003-06-10,10.17,10.33,10.17,10.25,66600,9.9
2003-06-09,10.40,10.40,10.16,10.17,86800,9.8
2003-06-06,10.40,10.46,10.15,10.44,871900,10.0
2003-06-05,10.18,10.60,10.18,10.39,643800,10.0
2003-06-04,10.30,10.30,10.05,10.21,421500,9.8
2003-06-03,10.46,10.57,10.28,10.30,275500,9.9
2003-06-02,10.30,10.45,10.25,10.44,343000,10.0
2003-05-30,10.11,10.45,10.11,10.29,453900,9.9
2003-05-29,10.00,10.15,9.93,10.08,328400,9.7
2003-05-28,10.15,10.16,9.96,10.05,236600,9.7
2003-05-27,9.78,10.30,9.69,10.13,270600,9.7
2003-05-26,9.84,9.84,9.65,9.81,164200,9.4
2003-05-23,9.47,9.85,9.40,9.82,236900,9.4
2003-05-22,9.60,9.65,9.41,9.46,86700,9.1
2003-05-21,9.72,9.80,9.66,9.70,89800,9.3
2003-05-20,9.90,9.98,9.70,9.72,84300,9.4
2003-05-19,9.85,10.08,9.75,9.97,230600,9.6
2003-05-16,9.92,9.92,9.72,9.81,141000,9.4
2003-05-15,9.75,9.94,9.54,9.92,312100,9.5
2003-05-14,9.30,9.74,9.30,9.74,562300,9.4
2003-05-13,9.32,9.60,8.72,9.53,415500,9.2
2003-05-12,10.20,10.25,9.62,9.67,204100,9.3
2003-05-09,10.24,10.24,10.24,10.24,000,9.9
2003-05-08,10.24,10.24,10.24,10.24,000,9.9
2003-05-07,10.24,10.24,10.24,10.24,000,9.9
2003-05-06,10.24,10.24,10.24,10.24,000,9.9
2003-05-05,10.24,10.24,10.24,10.24,000,9.9
2003-05-02,10.24,10.24,10.24,10.24,000,9.9
2003-05-01,10.24,10.24,10.24,10.24,000,9.9
2003-04-30,10.34,10.68,10.22,10.24,105500,9.9
2003-04-29,10.80,10.80,10.37,10.39,184600,10.0
2003-04-28,10.96,11.14,10.18,11.06,383500,10.6
2003-04-25,11.15,11.40,11.15,11.21,200000,10.8
2003-04-24,11.58,11.58,11.20,11.22,145900,10.8
2003-04-23,11.66,11.85,11.56,11.62,125500,11.2
2003-04-22,11.55,11.79,11.55,11.74,93400,11.3
2003-04-21,11.70,11.72,11.51,11.59,103100,11.2
2003-04-18,11.85,11.85,11.66,11.75,151300,11.3
2003-04-17,11.78,11.97,11.52,11.78,219100,11.3
2003-04-16,12.10,12.20,11.80,11.80,326900,11.4
2003-04-15,12.10,12.20,11.92,12.10,279200,11.7
2003-04-14,11.15,12.09,11.15,12.02,290800,11.6
2003-04-11,11.72,11.72,11.54,11.63,229100,11.2
2003-04-10,11.70,11.75,11.42,11.72,293300,11.3
2003-04-09,11.80,11.80,11.50,11.67,217500,11.2
2003-04-08,11.85,11.98,11.80,11.81,113300,11.4
2003-04-07,12.25,12.25,11.90,11.94,69800,11.5
2003-04-04,12.27,12.27,11.99,12.05,119000,11.6
2003-04-03,12.13,12.25,12.05,12.08,55100,11.6
2003-04-02,12.30,12.30,12.16,12.18,97800,11.7
2003-04-01,12.26,12.38,12.08,12.29,282600,11.8
2003-03-31,11.72,12.32,11.72,12.12,84500,11.7
2003-03-28,12.18,12.38,12.05,12.20,169500,11.7
2003-03-27,11.82,12.18,11.51,12.18,60900,11.7
2003-03-26,12.15,12.15,11.85,11.89,30500,11.4
2003-03-25,12.00,12.28,11.90,11.92,48000,11.5
2003-03-24,11.98,12.10,11.98,12.03,31700,11.6
2003-03-21,11.88,12.05,11.85,12.03,36700,11.6
2003-03-20,12.00,12.00,11.81,11.86,55300,11.4
2003-03-19,11.97,12.12,11.88,12.00,47600,11.6
2003-03-18,12.00,12.18,11.96,11.97,105900,11.5
2003-03-17,12.12,12.13,11.90,12.08,92100,11.6
2003-03-14,12.19,12.20,12.07,12.17,105200,11.7
2003-03-13,12.30,12.32,12.16,12.17,87200,11.7
2003-03-12,12.31,12.44,12.10,12.30,186800,11.8
2003-03-11,12.36,12.50,12.28,12.36,71400,11.9
2003-03-10,12.53,12.60,12.28,12.35,138300,11.9
2003-03-07,12.65,12.73,12.52,12.60,148100,12.1
2003-03-06,13.06,13.06,12.61,12.68,195800,12.2
2003-03-05,13.00,13.11,12.80,12.99,200100,12.5
2003-03-04,13.05,13.30,12.98,13.11,650900,12.6
2003-03-03,12.80,12.97,12.80,12.95,92400,12.5
2003-02-28,13.04,13.04,12.72,12.85,75700,12.4
2003-02-27,13.03,13.20,12.86,12.93,129600,12.5
2003-02-26,12.93,13.14,12.82,13.01,266300,12.5
2003-02-25,12.60,13.10,12.60,12.95,357100,12.5
2003-02-24,12.50,12.70,12.50,12.63,95000,12.2
2003-02-21,12.83,12.86,12.50,12.60,150400,12.1
2003-02-20,13.20,13.20,12.87,12.91,155900,12.4
2003-02-19,13.05,13.10,12.85,13.00,145200,12.5
2003-02-18,12.85,13.06,12.80,13.03,330400,12.6
2003-02-17,12.80,12.92,12.68,12.75,78900,12.3
2003-02-14,12.70,12.88,12.70,12.76,105200,12.3
2003-02-13,12.68,13.00,12.68,12.74,224000,12.3
2003-02-12,12.60,12.77,12.60,12.75,105300,12.3
2003-02-11,12.36,12.60,12.36,12.60,56100,12.1
2003-02-10,12.75,12.75,12.40,12.45,81100,12.0
2003-02-07,12.71,12.71,12.71,12.71,000,12.2
2003-02-06,12.71,12.71,12.71,12.71,000,12.2
2003-02-05,12.71,12.71,12.71,12.71,000,12.2
2003-02-04,12.71,12.71,12.71,12.71,000,12.2
2003-02-03,12.71,12.71,12.71,12.71,000,12.2
2003-01-31,12.71,12.71,12.71,12.71,000,12.2
2003-01-30,12.71,12.71,12.71,12.71,000,12.2
2003-01-29,12.79,12.83,12.68,12.71,82200,12.2
2003-01-28,12.71,12.85,12.63,12.72,98300,12.3
2003-01-27,12.60,12.80,12.52,12.71,125000,12.2
2003-01-24,12.36,12.60,12.31,12.60,109000,12.1
2003-01-23,12.67,12.75,12.35,12.36,173800,11.9
2003-01-22,12.68,12.85,12.60,12.75,276600,12.3
2003-01-21,13.11,13.25,12.65,12.71,294900,12.2
2003-01-20,12.55,13.13,12.55,13.11,829400,12.6
2003-01-17,12.75,12.88,12.55,12.70,291400,12.2
2003-01-16,12.69,12.79,12.51,12.77,366900,12.3
2003-01-15,12.32,12.83,12.32,12.69,774800,12.2
2003-01-14,11.95,12.56,11.93,12.41,527700,12.0
2003-01-13,12.00,12.05,11.93,11.96,81200,11.5
2003-01-10,12.18,12.33,12.01,12.01,298900,11.6
2003-01-09,12.05,12.31,11.85,12.28,429800,11.8
2003-01-08,11.72,12.10,11.72,12.05,142800,11.6
2003-01-07,11.98,11.98,11.60,11.81,110000,11.4
2003-01-06,11.80,12.10,11.75,12.00,363000,11.6
2003-01-03,11.30,11.50,11.30,11.49,83100,11.1
2003-01-02,11.42,11.66,11.20,11.30,55700,10.9
2003-01-01,11.60,11.60,11.60,11.60,000,11.2
