Date,Open,High,Low,Close,Volume,Adj Clos
2011-12-30,7.41,7.59,7.40,7.53,1328900,7.5
2011-12-29,7.41,7.47,7.35,7.39,1148000,7.3
2011-12-28,7.41,7.45,7.18,7.39,1359000,7.3
2011-12-27,7.55,7.65,7.40,7.41,941000,7.4
2011-12-26,7.64,7.77,7.56,7.61,884100,7.6
2011-12-23,7.53,7.75,7.47,7.64,1273700,7.6
2011-12-22,7.64,7.65,7.31,7.53,1837600,7.5
2011-12-21,8.06,8.10,7.64,7.68,1678500,7.6
2011-12-20,7.96,8.20,7.92,7.97,1227900,7.9
2011-12-19,8.05,8.05,7.79,7.99,1345700,7.9
2011-12-16,7.95,8.08,7.80,8.07,1315700,8.0
2011-12-15,8.05,8.13,7.81,7.83,1204600,7.8
2011-12-14,8.31,8.33,8.08,8.11,1271200,8.1
2011-12-13,8.67,8.68,8.25,8.30,1680800,8.3
2011-12-12,8.91,8.91,8.69,8.69,906800,8.6
2011-12-09,8.96,9.04,8.87,8.87,762900,8.8
2011-12-08,8.92,9.11,8.89,9.00,1303200,9.0
2011-12-07,8.89,9.02,8.88,8.92,794600,8.9
2011-12-06,8.93,8.95,8.82,8.88,887400,8.8
2011-12-05,9.10,9.11,8.86,8.86,1331300,8.8
2011-12-02,9.35,9.38,9.08,9.10,1873900,9.1
2011-12-01,9.48,9.56,9.32,9.36,2399800,9.3
2011-11-30,9.77,9.80,9.16,9.25,2187400,9.2
2011-11-29,9.69,9.77,9.62,9.76,1219900,9.7
2011-11-28,9.61,9.68,9.55,9.61,1035200,9.6
2011-11-25,9.65,9.69,9.55,9.59,1059200,9.5
2011-11-24,9.65,9.77,9.55,9.65,1239200,9.6
2011-11-23,9.76,9.82,9.66,9.71,1068600,9.7
2011-11-22,9.78,9.80,9.55,9.75,1839400,9.7
2011-11-21,9.78,9.89,9.73,9.84,1175900,9.8
2011-11-18,10.05,10.10,9.69,9.77,3102700,9.7
2011-11-17,10.14,10.33,10.11,10.14,1877500,10.1
2011-11-16,10.41,10.49,10.12,10.13,2678400,10.1
2011-11-15,10.38,10.42,10.32,10.41,1977000,10.4
2011-11-14,10.23,10.40,10.23,10.40,2124400,10.4
2011-11-11,10.25,10.30,10.16,10.18,1321900,10.1
2011-11-10,10.37,10.41,10.16,10.18,2893600,10.1
2011-11-09,10.45,10.56,10.26,10.49,2707300,10.4
2011-11-08,10.53,10.66,10.41,10.43,2097600,10.4
2011-11-07,10.55,10.62,10.45,10.55,2181000,10.5
2011-11-04,10.58,10.63,10.45,10.57,2580500,10.5
2011-11-03,10.58,10.76,10.43,10.53,4123900,10.5
2011-11-02,10.25,10.55,10.16,10.54,2796300,10.5
2011-11-01,10.40,10.53,10.34,10.43,1902400,10.4
2011-10-31,10.48,10.48,10.35,10.46,2329000,10.4
2011-10-28,10.48,10.57,10.42,10.52,3376300,10.5
2011-10-27,10.42,10.46,10.30,10.32,2091800,10.3
2011-10-26,10.21,10.48,10.20,10.36,3236100,10.3
2011-10-25,10.03,10.31,9.96,10.26,2263900,10.2
2011-10-24,9.83,10.04,9.62,10.03,2275300,10.0
2011-10-21,10.02,10.08,9.83,9.83,1627400,9.8
2011-10-20,10.25,10.27,9.81,9.86,2276600,9.8
2011-10-19,10.15,10.34,10.08,10.29,2317700,10.2
2011-10-18,10.15,10.38,10.08,10.15,3054200,10.1
2011-10-17,10.16,10.36,10.13,10.16,1176500,10.1
2011-10-14,10.20,10.23,10.11,10.16,1153600,10.1
2011-10-13,9.99,10.30,9.99,10.20,1892700,10.2
2011-10-12,9.88,10.18,9.70,10.16,2149300,10.1
2011-10-11,9.99,10.10,9.72,9.84,1988500,9.8
2011-10-10,9.70,9.78,9.60,9.71,1456900,9.7
2011-09-30,9.69,9.79,9.52,9.67,1315600,9.6
2011-09-29,9.99,10.00,9.69,9.69,1698900,9.6
2011-09-28,10.19,10.28,10.03,10.05,1119000,10.0
2011-09-27,10.13,10.25,10.02,10.14,1087000,10.1
2011-09-26,10.22,10.29,10.00,10.07,1382800,10.0
2011-09-23,10.11,10.30,10.00,10.23,1494400,10.2
2011-09-22,10.63,10.71,10.32,10.32,1931400,10.3
2011-09-21,10.39,10.70,10.30,10.70,2111000,10.7
2011-09-20,10.31,10.48,10.27,10.39,1175700,10.3
2011-09-19,10.68,10.68,10.35,10.37,1287500,10.3
2011-09-16,10.76,10.86,10.67,10.68,1076200,10.6
2011-09-15,10.81,10.86,10.70,10.75,1424900,10.7
2011-09-14,10.62,10.83,10.60,10.81,1745400,10.8
2011-09-13,10.43,10.75,10.33,10.69,1395200,10.6
2011-09-09,10.68,10.77,10.51,10.57,1038500,10.5
2011-09-08,10.75,10.78,10.63,10.63,1200200,10.6
2011-09-07,10.66,10.77,10.52,10.74,1664900,10.7
2011-09-06,10.38,10.54,10.38,10.49,1289500,10.4
2011-09-05,10.59,10.63,10.47,10.47,1773600,10.4
2011-09-02,10.88,10.99,10.63,10.69,2332100,10.6
2011-09-01,11.01,11.15,10.85,10.94,2106900,10.9
2011-08-31,11.03,11.15,10.88,10.97,2456700,10.9
2011-08-30,11.32,11.43,11.00,11.01,3327900,11.0
2011-08-29,11.58,11.58,11.25,11.25,3252900,11.2
2011-08-26,11.52,11.75,11.50,11.58,5028800,11.5
2011-08-25,11.38,11.67,11.29,11.52,6587600,11.5
2011-08-24,11.65,11.84,11.31,11.50,9593400,11.5
2011-08-23,11.76,12.02,11.41,11.67,12652200,11.6
2011-08-22,11.15,11.88,11.00,11.77,13387200,11.7
2011-08-19,10.94,11.44,10.85,11.30,9680500,11.3
2011-08-18,10.66,11.26,10.55,11.14,8947800,11.1
2011-08-17,10.70,10.84,10.61,10.72,2657800,10.7
2011-08-16,10.90,11.16,10.65,10.74,4002600,10.7
2011-08-15,10.86,10.92,10.71,10.89,2568600,10.8
2011-08-12,10.73,10.86,10.70,10.79,3204300,10.7
2011-08-11,10.22,10.73,10.20,10.69,3335300,10.6
2011-08-10,10.55,10.68,10.48,10.54,3836600,10.5
2011-08-09,10.19,10.49,9.87,10.38,4718700,10.3
2011-08-08,10.98,11.12,10.15,10.35,5794000,10.3
2011-08-05,11.20,11.35,11.06,11.22,3645700,11.2
2011-08-04,11.36,11.60,11.31,11.57,2916700,11.5
2011-08-03,11.26,11.45,11.18,11.37,2269800,11.3
2011-08-02,11.55,11.60,11.28,11.41,3677500,11.4
2011-08-01,11.60,11.73,11.33,11.56,3321300,11.5
2011-07-29,12.12,12.12,11.69,11.69,6650700,11.6
2011-07-28,12.11,12.36,11.98,12.15,4324100,12.1
2011-07-27,12.00,12.28,11.86,12.27,3922400,12.2
2011-07-26,11.66,12.04,11.66,12.00,4001100,12.0
2011-07-25,12.23,12.56,11.72,11.82,8601800,11.8
2011-07-22,12.25,12.40,12.20,12.28,4650700,12.2
2011-07-21,12.60,12.62,12.09,12.16,4733200,12.1
2011-07-20,12.62,12.74,12.38,12.63,4177200,12.6
2011-07-19,12.74,12.75,12.46,12.62,4818900,12.6
2011-07-18,12.73,12.89,12.61,12.81,6777400,12.8
2011-07-15,12.15,12.84,12.02,12.70,13526800,12.7
2011-07-14,12.50,12.96,12.16,12.30,14818300,12.3
2011-07-13,12.24,12.42,12.24,12.30,3885000,12.3
2011-07-12,12.29,12.46,12.15,12.24,5958200,12.2
2011-07-11,11.98,12.58,11.93,12.51,5478100,12.5
2011-07-08,12.12,12.13,11.88,11.98,3739200,11.9
2011-07-07,12.13,12.36,12.11,12.13,4433800,12.1
2011-07-06,12.20,12.24,12.00,12.18,4312200,12.1
2011-07-05,12.16,12.30,12.07,12.24,4983800,12.2
2011-07-04,11.98,12.06,11.88,12.03,4104300,12.0
2011-07-01,11.90,12.14,11.84,11.88,5112000,11.8
2011-06-30,11.59,11.90,11.58,11.80,6578100,11.8
2011-06-29,11.66,11.76,11.48,11.51,4130600,11.5
2011-06-28,11.56,11.66,11.40,11.57,3957400,11.5
2011-06-27,11.35,11.77,11.31,11.55,7603900,11.5
2011-06-24,10.73,11.24,10.73,11.11,5096900,11.1
2011-06-23,10.68,10.93,10.51,10.85,4879100,10.8
2011-06-22,10.70,10.77,10.49,10.66,3470100,10.6
2011-06-21,10.60,10.74,10.52,10.70,3453000,10.7
2011-06-20,10.91,10.91,10.49,10.63,4080000,10.6
2011-06-17,11.18,11.33,10.88,10.91,4857900,10.9
2011-06-16,11.48,11.61,11.18,11.28,3184200,11.2
2011-06-15,11.68,11.90,11.60,11.62,3049500,11.6
2011-06-14,11.35,11.76,11.33,11.68,2527100,11.6
2011-06-13,11.33,11.50,11.17,11.43,2228300,11.4
2011-06-10,11.22,11.47,11.02,11.46,4634400,11.4
2011-06-09,11.88,11.88,11.29,11.34,4689200,11.3
2011-06-08,11.75,11.95,11.60,11.88,4260000,11.8
2011-06-07,11.83,11.91,11.65,11.77,2988600,11.7
2011-06-03,11.81,11.95,11.70,11.84,3840300,11.8
2011-06-02,11.68,11.94,11.49,11.82,7329800,11.8
2011-06-01,11.39,11.95,11.30,11.77,7910700,11.7
2011-05-31,10.87,11.33,10.87,11.32,4679500,11.3
2011-05-30,10.85,11.00,10.70,10.82,3279500,10.8
2011-05-27,11.30,11.38,10.96,10.96,5064100,10.9
2011-05-26,11.51,11.62,11.30,11.32,4770200,11.3
2011-05-25,11.88,11.98,11.38,11.39,6701300,11.3
2011-05-24,12.05,12.05,11.63,11.84,7509400,11.8
2011-05-23,12.64,12.80,12.15,12.15,8435300,12.1
2011-05-20,12.30,12.75,12.30,12.69,6365300,12.6
2011-05-19,12.50,12.50,12.32,12.35,4180400,12.3
2011-05-18,12.37,12.56,12.30,12.41,4683600,12.4
2011-05-17,12.42,12.64,12.20,12.41,6317700,12.4
2011-05-13,12.75,12.86,12.34,12.52,10090200,12.5
2011-05-12,12.80,13.06,12.64,12.75,9160500,12.7
2011-05-11,12.94,13.18,12.79,12.99,10525400,12.9
2011-05-10,12.91,13.03,12.69,12.96,11291900,12.9
2011-05-09,12.45,13.12,12.36,12.98,15204600,12.9
2011-05-06,12.51,12.65,12.36,12.46,8044100,12.4
2011-05-05,12.17,12.74,12.15,12.69,10219000,12.6
2011-05-04,12.45,12.57,12.15,12.31,7960400,12.3
2011-05-03,12.05,12.54,12.02,12.50,7628900,12.5
2011-04-29,12.15,12.15,11.62,12.02,6549400,12.0
2011-04-28,12.64,12.73,12.22,12.22,11083000,12.2
2011-04-27,12.61,12.92,12.16,12.42,12829500,12.4
2011-04-26,12.14,12.49,12.13,12.44,11466600,12.4
2011-04-25,12.24,12.45,12.09,12.12,7619500,12.1
2011-04-22,12.51,12.57,12.15,12.19,8471600,12.1
2011-04-21,12.45,12.58,12.23,12.47,12390300,12.4
2011-04-20,11.99,12.79,11.98,12.32,20718800,12.3
2011-04-19,11.61,11.99,11.52,11.89,13337100,11.8
2011-04-18,11.47,11.70,11.45,11.65,4435200,11.6
2011-04-15,11.62,11.66,11.40,11.54,3204400,11.5
2011-04-14,11.54,11.72,11.50,11.62,4469300,11.6
2011-04-13,11.36,11.56,11.32,11.55,3490800,11.5
2011-04-12,11.34,11.52,11.28,11.36,3185000,11.3
2011-04-11,11.61,11.66,11.34,11.35,4790900,11.3
2011-04-08,11.58,11.66,11.50,11.59,4288200,11.5
2011-04-07,11.36,11.60,11.31,11.56,4158500,11.5
2011-04-06,11.40,11.49,11.22,11.36,4029300,11.3
2011-04-01,11.28,11.47,11.16,11.46,4049300,11.4
2011-03-31,11.73,11.75,11.26,11.29,5800600,11.2
2011-03-30,11.68,11.78,11.57,11.72,4623200,11.7
2011-03-29,11.73,11.76,11.49,11.70,8186700,11.7
2011-03-28,11.74,11.85,11.66,11.70,6927600,11.7
2011-03-25,11.98,11.98,11.61,11.78,14542000,11.7
2011-03-24,12.12,12.24,12.08,12.10,4724300,12.1
2011-03-23,12.02,12.19,11.92,12.17,5526300,12.1
2011-03-22,11.95,12.05,11.75,12.00,4965500,12.0
2011-03-21,11.72,11.97,11.70,11.82,3936100,11.8
2011-03-18,11.82,12.00,11.70,11.74,7374900,11.7
2011-03-17,12.33,12.33,11.58,11.67,17954100,11.6
2011-03-16,12.59,12.66,12.35,12.52,9116400,12.5
2011-03-15,12.74,12.85,12.30,12.65,12581600,12.6
2011-03-14,12.32,12.94,12.32,12.80,13890400,12.8
2011-03-11,12.28,12.57,12.23,12.37,9226100,12.3
2011-03-10,12.30,12.48,12.23,12.31,8064600,12.3
2011-03-09,12.42,12.46,12.13,12.28,7890300,12.2
2011-03-08,12.41,12.47,12.24,12.43,7044000,12.4
2011-03-07,12.63,12.63,12.30,12.38,11315100,12.3
2011-03-04,12.36,12.57,12.24,12.52,6892000,12.5
2011-03-03,12.59,12.70,12.21,12.36,10292200,12.3
2011-03-02,12.17,12.68,12.12,12.68,15949200,12.6
2011-03-01,12.30,12.47,12.12,12.22,9414400,12.2
2011-02-28,11.94,12.45,11.94,12.30,12847500,12.3
2011-02-25,11.75,11.95,11.72,11.82,6218700,11.8
2011-02-24,11.70,11.83,11.61,11.79,7314100,11.7
2011-02-23,11.80,12.00,11.72,11.86,7953000,11.8
2011-02-22,12.38,12.40,11.74,11.78,14715800,11.7
2011-02-21,11.94,12.55,11.91,12.38,14972300,12.3
2011-02-18,11.86,12.09,11.72,11.99,11803700,11.9
2011-02-17,12.15,12.18,11.70,11.93,13490700,11.9
2011-02-16,11.84,12.16,11.75,12.08,13317800,12.0
2011-02-15,11.83,12.18,11.74,11.83,16414500,11.8
2011-02-14,11.66,12.12,11.61,11.79,16228600,11.7
2011-02-11,11.68,11.88,11.57,11.67,12734300,11.6
2011-02-10,11.31,11.86,11.15,11.78,15730900,11.7
2011-02-09,11.14,11.58,11.13,11.37,12182600,11.3
2011-02-01,11.17,11.34,11.00,11.08,7144800,11.0
2011-01-31,10.76,11.25,10.76,11.18,10052300,11.1
2011-01-28,10.76,11.00,10.70,10.89,7341600,10.8
2011-01-27,10.34,10.82,10.26,10.79,6473800,10.7
2011-01-26,10.20,10.44,10.20,10.40,2779400,10.4
2011-01-25,10.64,10.73,10.12,10.24,5407600,10.2
2011-01-24,10.68,10.82,10.56,10.64,4755600,10.6
2011-01-21,10.38,10.75,10.31,10.68,6764900,10.6
2011-01-20,10.31,10.71,10.31,10.38,6918100,10.3
2011-01-19,10.36,10.53,10.25,10.40,6067700,10.4
2011-01-18,9.90,10.08,9.88,10.08,2165000,10.0
2011-01-17,10.25,10.25,9.86,9.93,5369900,9.9
2011-01-14,10.88,10.88,10.32,10.38,6739200,10.3
2011-01-13,10.89,10.92,10.80,10.88,3810200,10.8
2011-01-12,10.84,10.96,10.62,10.88,4580900,10.8
2011-01-11,10.90,10.96,10.56,10.82,5476800,10.8
2011-01-10,11.18,11.36,10.90,10.91,7959300,10.9
2011-01-07,11.20,11.37,11.01,11.12,8054400,11.1
2011-01-06,10.96,11.45,10.95,11.23,12364100,11.2
2011-01-05,10.85,11.28,10.76,11.02,10144900,11.0
2011-01-04,10.70,10.95,10.63,10.86,7215800,10.8
