Date,Open,High,Low,Close,Volume,Adj Clos
2011-12-30,8.78,9.05,8.78,8.96,3015700,8.9
2011-12-29,8.71,8.88,8.62,8.78,1805500,8.7
2011-12-28,8.99,8.99,8.35,8.80,3978400,8.8
2011-12-27,9.52,9.54,8.90,9.00,2084900,9.0
2011-12-26,9.77,9.77,9.35,9.51,2094000,9.5
2011-12-23,9.70,9.88,9.58,9.78,3134000,9.7
2011-12-22,10.25,10.33,9.45,9.69,6008400,9.6
2011-12-21,10.87,10.87,10.20,10.25,3224500,10.2
2011-12-20,10.48,10.89,10.42,10.61,4914700,10.6
2011-12-19,10.56,10.58,10.10,10.40,3380400,10.4
2011-12-16,10.93,10.99,9.85,10.73,4657700,10.7
2011-12-15,11.44,11.48,10.80,10.80,2262500,10.8
2011-12-14,12.12,12.23,11.44,11.44,1695000,11.4
2011-12-13,12.89,12.89,12.08,12.19,1404600,12.1
2011-12-12,12.95,13.14,12.88,12.89,932000,12.8
2011-12-09,12.96,13.09,12.84,13.00,1208500,13.0
2011-12-08,12.95,13.18,12.89,12.96,1489600,12.9
2011-12-07,13.40,13.40,13.02,13.07,948900,13.0
2011-12-06,13.10,13.27,12.66,13.20,1026800,13.2
2011-12-05,13.41,13.52,12.97,13.03,918300,13.0
2011-12-02,13.30,13.65,13.30,13.43,884000,13.4
2011-12-01,13.42,13.75,13.26,13.59,3591500,13.5
2011-11-30,13.81,13.84,12.90,13.09,3313600,13.0
2011-11-29,14.50,14.52,13.80,13.85,4619400,13.8
2011-11-28,14.98,14.98,14.42,14.42,2167700,14.4
2011-11-25,14.81,14.86,14.38,14.64,1655900,14.6
2011-11-24,14.86,14.97,14.20,14.85,3593200,14.8
2011-11-23,15.00,15.07,14.85,14.92,1027600,14.9
2011-11-22,15.03,15.15,14.85,15.04,2444700,15.0
2011-11-21,14.98,15.08,14.55,15.08,3541700,15.0
2011-11-18,15.10,15.32,14.88,14.98,2806000,14.9
2011-11-17,14.90,15.34,14.85,15.14,4185200,15.1
2011-11-16,15.10,15.22,14.70,14.79,1804000,14.7
2011-11-15,14.95,15.20,14.89,15.09,2215600,15.0
2011-11-14,15.09,15.15,14.87,14.98,2329500,14.9
2011-11-11,14.90,15.03,14.84,14.99,1518300,14.9
2011-11-10,14.80,15.08,14.80,14.90,2408700,14.9
2011-11-09,14.80,15.09,14.79,15.02,2864600,15.0
2011-11-08,14.90,14.99,14.50,14.89,3488600,14.8
2011-11-07,15.00,15.09,14.71,14.95,2077600,14.9
2011-11-04,14.82,15.10,14.67,15.00,5581800,15.0
2011-11-03,14.40,15.17,14.40,14.85,6858800,14.8
2011-11-02,14.11,14.50,14.00,14.40,4546800,14.4
2011-11-01,13.98,14.30,13.90,14.20,2343900,14.2
2011-10-31,13.73,14.21,13.73,14.08,3090700,14.0
2011-10-28,13.65,13.97,13.65,13.73,2319800,13.7
2011-10-27,13.51,13.76,13.41,13.58,1523400,13.5
2011-10-26,12.74,13.78,12.74,13.51,2445100,13.5
2011-10-25,12.63,12.87,12.55,12.84,819200,12.8
2011-10-24,12.36,12.70,12.30,12.64,879200,12.6
2011-10-21,12.43,12.55,12.04,12.39,1117000,12.3
2011-10-20,12.76,12.89,12.20,12.43,1636000,12.4
2011-10-19,12.84,12.90,12.53,12.89,1026300,12.8
2011-10-18,13.17,13.22,12.80,12.81,793600,12.8
2011-10-17,13.10,13.25,13.02,13.24,918900,13.2
2011-10-14,12.91,13.07,12.90,13.04,893100,13.0
2011-10-13,12.90,13.15,12.87,12.97,1058300,12.9
2011-10-12,12.57,13.02,12.40,12.95,1175600,12.9
2011-10-11,12.90,12.92,12.55,12.57,647000,12.5
2011-10-10,12.80,12.82,12.61,12.61,539400,12.6
2011-09-30,12.64,12.74,12.45,12.65,529700,12.6
2011-09-29,12.51,12.77,12.51,12.63,1127400,12.6
2011-09-28,13.17,13.17,12.55,12.79,1274600,12.7
2011-09-27,13.48,13.55,12.97,13.09,1597800,13.0
2011-09-26,13.78,13.92,13.33,13.33,1040100,13.3
2011-09-23,13.68,13.86,13.60,13.78,472200,13.7
2011-09-22,14.15,14.15,13.80,13.80,1009400,13.8
2011-09-21,13.80,14.31,13.80,14.24,1140200,14.2
2011-09-20,14.00,14.14,13.68,13.87,1127100,13.8
2011-09-19,14.21,14.21,13.85,13.90,859000,13.9
2011-09-16,14.22,14.35,14.10,14.20,754200,14.2
2011-09-15,14.28,14.30,14.16,14.21,453200,14.2
2011-09-14,14.18,14.26,13.97,14.26,812000,14.2
2011-09-13,14.22,14.22,13.90,14.20,1416200,14.2
2011-09-09,14.25,14.39,14.15,14.28,1181500,14.2
2011-09-08,14.24,14.38,14.16,14.24,851900,14.2
2011-09-07,13.99,14.27,13.88,14.24,922100,14.2
2011-09-06,14.05,14.09,13.86,13.86,795900,13.8
2011-09-05,14.12,14.19,14.02,14.04,995400,14.0
2011-09-02,14.45,14.49,14.09,14.33,1539900,14.3
2011-09-01,14.56,14.59,14.08,14.50,1037200,14.5
2011-08-31,14.50,14.55,14.30,14.54,2792100,14.5
2011-08-30,14.60,14.64,14.43,14.48,1678900,14.4
2011-08-29,14.65,14.65,14.44,14.54,1451000,14.5
2011-08-26,14.59,14.77,14.59,14.68,1090300,14.6
2011-08-25,14.44,14.75,14.37,14.75,3008400,14.7
2011-08-24,14.23,14.75,14.23,14.42,3599400,14.4
2011-08-23,14.23,14.23,14.05,14.21,945600,14.2
2011-08-22,14.44,14.45,14.08,14.14,1603400,14.1
2011-08-19,13.91,14.40,13.84,14.35,2871900,14.3
2011-08-18,14.34,14.36,14.18,14.18,1368700,14.1
2011-08-17,14.42,14.56,14.18,14.34,1633400,14.3
2011-08-16,14.60,14.65,14.36,14.42,2092900,14.4
2011-08-15,14.35,14.62,14.35,14.55,1935400,14.5
2011-08-12,14.24,14.53,14.20,14.27,2761100,14.2
2011-08-11,13.70,14.34,13.70,14.21,3817500,14.2
2011-08-10,14.36,14.58,13.74,14.10,4180700,14.1
2011-08-09,14.08,14.24,13.66,14.10,2353300,14.1
2011-08-08,14.61,14.82,14.08,14.15,5154200,14.1
2011-08-05,14.60,14.99,14.50,14.83,1842100,14.8
2011-08-04,15.28,15.28,14.89,14.97,1111000,14.9
2011-08-03,14.82,15.03,14.76,15.01,827500,15.0
2011-08-02,14.83,15.05,14.80,14.94,1720500,14.9
2011-08-01,14.82,15.11,14.45,14.95,2804200,14.9
2011-07-29,14.98,15.15,14.82,14.84,2077700,14.8
2011-07-28,15.05,15.08,14.85,14.92,2229900,14.9
2011-07-27,15.16,15.31,15.06,15.20,2701400,15.2
2011-07-26,15.10,15.30,14.90,15.24,4180000,15.2
2011-07-25,15.43,15.45,14.88,15.00,2941500,15.0
2011-07-22,15.36,15.64,15.17,15.47,1953500,15.4
2011-07-21,15.42,15.68,15.34,15.40,2099000,15.4
2011-07-20,15.30,15.66,15.29,15.55,3579200,15.5
2011-07-19,15.35,15.43,15.00,15.27,2282600,15.2
2011-07-18,15.45,15.80,15.37,15.40,2598700,15.4
2011-07-15,15.09,15.71,15.07,15.54,4761700,15.5
2011-07-14,14.96,15.23,14.96,15.14,2295900,15.1
2011-07-13,14.79,15.02,14.70,14.96,1704300,14.9
2011-07-12,15.04,15.04,14.70,14.80,2600200,14.8
2011-07-11,15.01,15.26,14.95,15.08,2416800,15.0
2011-07-08,14.95,15.22,14.90,15.07,2759600,15.0
2011-07-07,14.95,15.15,14.90,15.05,3932100,15.0
2011-07-06,15.06,15.06,14.80,14.99,2469000,14.9
2011-07-05,15.03,15.34,14.74,15.13,6056900,15.1
2011-07-04,14.73,15.11,14.73,15.00,4394300,15.0
2011-07-01,14.51,14.75,14.45,14.69,2909700,14.6
2011-06-30,14.22,14.59,14.22,14.51,2168300,14.5
2011-06-29,14.35,14.50,14.20,14.30,1483600,14.3
2011-06-28,14.40,14.50,14.16,14.44,2043200,14.4
2011-06-27,14.19,14.48,14.06,14.32,3922900,14.3
2011-06-24,13.74,14.33,13.63,14.12,2791500,14.1
2011-06-23,13.50,13.83,13.32,13.73,1229300,13.7
2011-06-22,13.70,13.75,13.48,13.58,1081900,13.5
2011-06-21,13.75,13.90,13.44,13.75,2180000,13.7
2011-06-20,13.20,13.50,13.20,13.48,1185200,13.4
2011-06-17,12.99,13.44,12.85,13.29,1770100,13.2
2011-06-16,13.49,13.64,13.00,13.00,1295900,13.0
2011-06-15,13.60,13.82,13.56,13.61,1074300,13.6
2011-06-14,13.60,13.92,13.53,13.80,3700000,13.8
2011-06-13,13.64,13.71,13.41,13.50,1367000,13.5
2011-06-10,13.63,13.92,13.16,13.64,1582400,13.6
2011-06-09,13.84,13.98,13.41,13.46,1480300,13.4
2011-06-08,13.80,13.93,13.51,13.83,1041300,13.8
2011-06-07,13.48,13.98,13.45,13.80,1288700,13.8
2011-06-03,13.15,13.68,13.08,13.60,3027300,13.6
2011-06-02,12.98,13.22,12.91,13.08,1171000,13.0
2011-06-01,13.12,13.20,12.92,13.15,1154400,13.1
2011-05-31,12.86,13.12,12.85,13.10,960200,13.1
2011-05-30,13.18,13.23,12.85,12.85,1360900,12.8
2011-05-27,13.75,14.09,12.80,13.18,3243900,13.1
2011-05-26,14.30,14.44,13.78,13.79,1637900,13.7
2011-05-25,14.52,14.55,14.03,14.22,2249300,14.2
2011-05-24,14.94,14.94,14.13,14.70,1952600,14.7
2011-05-23,15.45,15.49,14.00,14.96,3569300,14.9
2011-05-20,15.50,15.56,15.19,15.48,2015600,15.4
2011-05-19,15.52,15.58,15.39,15.52,2881000,15.5
2011-05-18,15.38,15.52,15.28,15.50,898300,15.5
2011-05-17,15.31,15.45,15.15,15.41,1449600,15.4
2011-05-16,15.30,15.40,15.18,15.37,1497000,15.3
2011-05-13,15.11,15.38,15.11,15.31,1494800,15.3
2011-05-12,15.50,15.60,15.10,15.15,1925600,15.1
2011-05-11,15.77,15.77,15.40,15.60,1550200,15.6
2011-05-10,15.93,15.93,15.66,15.77,1156600,15.7
2011-05-09,15.89,16.09,15.81,15.92,1246500,15.9
2011-05-06,15.44,16.20,15.36,15.89,5042300,15.8
2011-05-05,15.46,15.70,15.42,15.58,2264300,15.5
2011-05-04,15.79,15.79,15.42,15.65,1439700,15.6
2011-05-03,15.70,15.95,15.40,15.80,2316800,15.8
2011-04-29,15.62,15.80,15.51,15.70,2172200,15.7
2011-04-28,15.74,15.81,15.42,15.62,4235500,15.6
2011-04-27,15.91,16.07,15.30,15.59,5171900,15.5
2011-04-26,16.10,16.26,15.71,15.90,1341400,15.9
2011-04-25,15.97,16.30,15.70,16.10,3245300,16.1
2011-04-22,16.02,16.16,15.90,16.01,1790900,16.0
2011-04-21,15.95,16.17,15.83,16.02,2093600,16.0
2011-04-20,15.66,15.95,15.63,15.93,4202100,15.9
2011-04-19,15.98,15.99,15.68,15.69,2138300,15.6
2011-04-18,15.90,16.05,15.85,15.98,1797500,15.9
2011-04-15,16.23,16.23,15.55,16.07,7245500,16.0
2011-04-14,16.46,16.47,16.07,16.27,2262300,16.2
2011-04-13,16.48,16.48,16.20,16.36,1488700,16.3
2011-04-11,16.55,16.60,16.12,16.21,2896500,16.2
2011-04-08,16.44,16.54,16.27,16.51,2297100,16.5
2011-04-07,16.19,16.46,15.98,16.43,2258700,16.4
2011-04-06,16.35,16.35,16.08,16.20,1986800,16.2
2011-04-01,16.29,16.44,16.16,16.39,2346300,16.3
2011-03-31,16.42,16.52,16.03,16.38,3854100,16.3
2011-03-30,16.35,16.61,16.22,16.42,3503100,16.4
2011-03-29,16.71,16.94,16.30,16.50,5024600,16.5
2011-03-28,17.11,17.20,16.63,16.86,7312900,16.8
2011-03-25,17.20,17.35,17.05,17.10,6056900,17.1
2011-03-24,17.32,17.79,17.30,17.36,9926800,17.3
2011-03-23,17.30,17.36,17.02,17.25,4507100,17.2
2011-03-22,17.29,17.30,16.93,17.10,4197300,17.1
2011-03-21,17.11,17.38,17.00,17.31,6731100,17.3
2011-03-18,17.00,17.20,16.72,17.09,4605700,17.0
2011-03-16,16.64,17.20,16.48,17.10,6500200,17.1
2011-03-15,16.94,16.99,16.35,16.77,4269500,16.7
2011-03-14,16.49,17.01,16.45,16.99,6042700,16.9
2011-03-11,16.52,16.75,16.35,16.50,3708300,16.5
2011-03-10,16.75,16.79,16.30,16.52,3853100,16.5
2011-03-09,16.60,16.75,16.56,16.74,2896400,16.7
2011-03-08,16.74,16.75,16.49,16.60,3310000,16.6
2011-03-07,16.52,16.77,16.45,16.73,4064000,16.7
2011-03-04,16.49,16.65,16.23,16.60,2798100,16.6
2011-03-03,16.55,16.66,16.18,16.23,5847400,16.2
2011-03-02,16.84,16.93,16.31,16.50,4733200,16.5
2011-03-01,17.27,17.40,16.80,16.99,6340400,16.9
2011-02-28,17.09,17.19,16.89,17.16,3919300,17.1
2011-02-25,17.42,17.42,16.87,17.20,5225800,17.2
2011-02-24,17.28,17.94,17.28,17.49,7042000,17.4
2011-02-23,17.39,17.59,17.10,17.49,5296800,17.4
2011-02-22,17.05,17.59,16.81,17.50,9960300,17.5
2011-02-21,17.00,17.27,16.84,17.23,6243400,17.2
2011-02-18,17.43,17.75,17.16,17.18,5466900,17.1
2011-02-17,17.39,17.49,17.10,17.40,5778400,17.4
2011-02-16,16.76,17.45,16.75,17.39,8893300,17.3
2011-02-15,16.64,17.03,16.37,16.66,6625100,16.6
2011-02-14,16.79,16.80,16.26,16.64,6553900,16.6
2011-02-10,16.39,16.56,16.03,16.55,3250500,16.5
2011-02-09,16.50,16.68,16.26,16.39,2157400,16.3
2011-02-01,16.48,16.76,16.36,16.67,3330300,16.6
2011-01-31,16.10,16.89,15.91,16.66,4794300,16.6
2011-01-28,16.00,16.07,15.75,16.01,1934900,16.0
2011-01-27,15.60,16.21,15.33,16.00,4306200,16.0
2011-01-26,15.40,16.10,14.80,15.70,3771400,15.7
2011-01-20,16.29,16.39,15.40,15.69,2643900,15.6
2011-01-19,15.73,16.38,15.70,16.33,3428500,16.3
2011-01-18,15.65,15.80,15.25,15.76,1681100,15.7
2011-01-17,16.20,16.21,15.53,15.68,3721100,15.6
2011-01-14,16.65,16.77,15.90,16.20,4171400,16.2
2011-01-13,16.70,16.93,16.61,16.64,2190700,16.6
2011-01-12,16.45,16.77,16.30,16.76,2712100,16.7
2011-01-11,16.71,16.88,16.24,16.51,5575700,16.5
2011-01-10,17.63,17.80,16.81,16.90,5227800,16.9
2011-01-07,17.93,18.17,17.53,17.65,6569200,17.6
2011-01-06,18.31,18.45,17.50,17.95,8669400,17.9
2011-01-05,18.07,18.32,17.83,18.22,7200600,18.2
2011-01-04,17.37,18.18,17.37,18.05,9450100,18.0
