Date,Open,High,Low,Close,Volume,Adj Clos
2010-12-31,41.59,42.35,41.27,42.35,255300,42.3
2010-12-30,41.28,41.61,40.41,41.12,221900,41.1
2010-12-29,40.50,41.63,40.50,41.28,237000,41.2
2010-12-28,41.18,41.69,40.31,40.51,384100,40.5
2010-12-27,42.30,43.16,41.10,41.18,310800,41.1
2010-12-24,43.90,43.90,42.30,42.68,414800,42.6
2010-12-23,44.05,44.69,43.80,43.90,324800,43.9
2010-12-22,44.47,44.50,43.63,44.30,331400,44.3
2010-12-21,44.10,44.51,43.45,44.50,418100,44.5
2010-12-20,45.60,46.08,43.01,44.04,727000,44.0
2010-12-17,46.00,46.00,44.90,45.60,405600,45.6
2010-12-16,46.15,47.08,46.00,46.08,488400,46.0
2010-12-15,46.82,46.95,46.05,46.15,435600,46.1
2010-12-14,46.58,47.29,46.40,46.69,488800,46.6
2010-12-13,44.50,47.20,44.50,46.98,1133200,46.9
2010-12-10,44.80,45.29,44.24,44.89,703900,44.8
2010-12-09,43.70,44.94,43.70,44.80,715400,44.8
2010-12-08,44.20,44.48,43.60,44.00,389300,44.0
2010-12-07,42.88,44.51,42.65,44.30,544600,44.3
2010-12-06,44.59,44.88,42.42,43.30,591200,43.3
2010-12-03,44.50,45.10,43.92,44.84,425500,44.8
2010-12-02,44.30,45.32,43.80,44.50,677000,44.5
2010-12-01,44.58,44.88,43.56,43.80,761000,43.8
2010-11-30,48.30,48.30,43.80,45.10,1722700,45.1
2010-11-29,47.90,49.00,47.80,48.15,969300,48.1
2010-11-26,48.02,49.48,47.38,47.71,1074600,47.7
2010-11-25,49.30,50.00,47.91,48.36,1415100,48.3
2010-11-24,47.03,49.99,46.53,49.60,1573000,49.6
2010-11-23,47.50,47.55,46.02,47.34,1365500,47.3
2010-11-22,48.20,49.75,47.11,47.98,2194900,47.9
2010-11-19,46.73,48.50,45.52,48.30,2001600,48.3
2010-11-18,46.21,47.00,44.08,46.57,1810900,46.5
2010-11-17,45.40,48.90,44.88,46.65,2983400,46.6
2010-11-16,45.03,48.45,45.03,45.60,5284800,45.6
2010-11-15,40.40,44.07,40.15,44.07,2239500,44.0
2010-11-12,42.48,43.59,39.80,40.06,2324300,40.0
2010-11-11,43.77,44.58,42.61,42.65,2350600,42.6
2010-11-10,43.81,45.49,43.20,43.77,3119200,43.7
2010-11-09,40.20,43.78,40.20,43.78,4454700,43.7
2010-11-08,38.60,39.80,38.33,39.80,1866700,39.8
2010-11-05,37.80,38.85,37.51,38.55,1273500,38.5
2010-11-04,37.15,37.76,37.01,37.61,641200,37.6
2010-11-03,37.99,37.99,37.10,37.16,734900,37.1
2010-11-02,38.63,38.74,37.88,37.98,983000,37.9
2010-11-01,37.50,38.64,37.37,38.63,1204400,38.6
2010-10-29,37.36,37.71,36.91,37.59,718600,37.5
2010-10-28,37.50,37.99,37.21,37.35,579200,37.3
2010-10-27,38.10,39.10,37.40,37.73,1133100,37.7
2010-10-26,37.95,38.17,37.21,37.96,1092400,37.9
2010-10-25,37.52,38.23,36.85,38.08,988000,38.0
2010-10-22,36.89,37.60,36.86,37.50,835500,37.5
2010-10-21,37.00,37.40,36.32,36.88,1133500,36.8
2010-10-20,36.85,38.49,36.71,37.53,861500,37.5
2010-10-19,36.15,37.55,35.97,37.55,749100,37.5
2010-10-18,36.40,36.40,34.52,36.26,895500,36.2
2010-10-15,37.47,37.60,36.36,36.44,1588700,36.4
2010-10-14,38.67,38.97,37.40,37.60,1097400,37.6
2010-10-13,38.45,38.78,38.06,38.65,590900,38.6
2010-10-12,39.00,39.00,38.01,38.45,825800,38.4
2010-10-11,40.46,40.59,38.63,39.00,1313900,39.0
2010-10-08,40.01,40.75,39.52,40.12,813800,40.1
2010-09-30,40.00,40.39,39.41,39.75,705000,39.7
2010-09-29,40.65,40.74,39.60,40.00,1090900,40.0
2010-09-28,40.40,41.60,40.22,40.76,1486100,40.7
2010-09-27,38.90,40.70,38.12,40.43,1059700,40.4
2010-09-21,38.95,39.30,37.00,37.60,708500,37.6
2010-09-20,38.77,39.40,38.66,38.99,805400,38.9
2010-09-17,38.85,39.35,38.55,38.90,746100,38.9
2010-09-16,40.30,40.65,38.00,38.82,1299400,38.8
2010-09-15,41.91,42.03,39.88,40.00,1263800,40.0
2010-09-14,42.69,42.69,41.55,41.90,817700,41.9
2010-09-13,41.20,42.91,41.00,42.19,1511800,42.1
2010-09-10,39.72,41.98,39.72,41.48,1815000,41.4
2010-09-09,40.13,41.68,39.65,40.04,1671900,40.0
2010-09-08,39.68,40.29,39.35,40.00,901400,40.0
2010-09-07,39.60,39.99,38.86,39.99,1018100,39.9
2010-09-06,41.00,41.00,39.50,39.65,1415400,39.6
2010-09-03,39.58,41.00,39.15,40.68,2039000,40.6
2010-09-02,38.80,39.95,38.16,39.54,1911000,39.5
2010-09-01,39.60,39.71,37.80,38.40,1679200,38.4
2010-08-31,39.49,39.79,39.02,39.48,1389600,39.4
2010-08-30,38.50,39.98,38.50,39.75,2324300,39.7
2010-08-27,37.11,38.30,37.00,38.25,1615900,38.2
2010-08-26,36.28,37.08,36.28,36.90,914600,36.9
2010-08-25,37.00,37.48,36.13,36.20,681500,36.2
2010-08-24,36.67,37.54,36.66,37.16,687600,37.1
2010-08-23,37.00,37.37,36.60,36.66,807200,36.6
2010-08-20,38.70,38.70,37.00,37.09,1423000,37.0
2010-08-19,38.85,39.19,38.60,38.80,1165200,38.8
2010-08-18,38.48,39.79,38.36,38.90,1836300,38.9
2010-08-17,38.73,38.95,38.01,38.30,1680200,38.3
2010-08-16,37.80,39.08,37.80,38.77,2383600,38.7
2010-08-13,36.68,37.84,36.47,37.75,1414300,37.7
2010-08-12,36.20,37.20,36.06,36.78,975200,36.7
2010-08-11,36.48,36.98,36.10,36.57,1098400,36.5
2010-08-10,37.90,38.27,36.50,36.70,1860500,36.7
2010-08-09,37.30,38.14,37.08,37.90,1857300,37.9
2010-08-06,37.39,37.66,36.22,37.61,3375600,37.6
2010-08-05,38.70,38.80,37.75,38.34,2376500,38.3
2010-08-04,38.00,39.48,37.51,38.98,3511400,38.9
2010-08-03,36.02,39.18,35.75,38.11,3723300,38.1
2010-08-02,35.10,36.35,35.03,36.16,1444800,36.1
2010-07-30,35.00,35.36,34.70,35.10,1156700,35.1
2010-07-29,34.55,35.46,34.45,35.29,2769600,35.2
2010-07-27,34.55,34.55,33.83,33.90,1071200,33.9
2010-07-26,34.18,34.77,33.81,34.55,1444800,34.5
2010-07-23,34.58,34.60,33.81,34.28,1008000,34.2
2010-07-22,33.91,34.49,33.60,34.40,1342600,34.4
2010-07-21,33.99,34.78,33.51,34.13,2457300,34.1
2010-07-20,32.01,33.60,32.01,33.60,2532600,33.6
2010-07-19,30.96,32.25,30.68,32.19,1922500,32.1
2010-07-16,30.70,31.90,30.63,31.70,2375900,31.7
2010-07-15,32.48,33.33,31.98,31.98,421900,31.9
2010-07-14,32.78,33.03,32.39,32.55,410500,32.5
2010-07-13,33.50,33.67,32.10,32.50,462200,32.5
2010-07-12,33.65,34.25,33.41,33.70,529200,33.7
2010-07-09,32.80,33.78,32.59,33.62,761900,33.6
2010-07-08,32.52,32.99,32.34,32.99,471100,32.9
2010-07-07,32.82,33.01,32.35,32.40,552800,32.4
2010-07-06,31.60,32.80,30.90,32.68,592300,32.6
2010-07-05,30.61,31.99,30.61,31.68,397300,31.6
2010-07-02,32.55,33.00,31.26,31.85,500100,31.8
2010-07-01,33.51,33.90,32.81,32.88,436100,32.8
2010-06-30,33.01,33.78,32.27,33.46,499400,33.4
2010-06-29,36.36,36.66,33.11,33.27,1052200,33.2
2010-06-28,37.68,37.70,36.33,36.51,581000,36.5
2010-06-24,37.01,38.58,37.01,38.18,873100,38.1
2010-06-23,37.00,37.49,36.51,37.05,574600,37.0
2010-06-22,37.07,37.68,36.82,37.13,569500,37.1
2010-06-21,36.55,37.55,35.80,37.01,1021400,37.0
2010-06-18,38.51,38.99,37.00,37.20,1197200,37.2
2010-06-17,41.50,41.83,39.24,39.48,1185200,39.4
2010-06-11,41.81,42.50,40.80,41.20,1000800,41.2
2010-06-10,40.80,42.35,40.76,41.93,952100,41.9
2010-06-09,40.66,41.23,40.30,40.90,996400,40.9
2010-06-08,39.27,41.21,39.27,40.39,1150700,40.3
2010-06-07,38.01,39.56,37.88,39.53,803700,39.5
2010-06-04,38.84,39.19,38.03,39.12,556800,39.1
2010-06-03,39.76,39.89,38.88,38.90,681500,38.9
2010-06-02,38.36,39.47,38.20,39.33,823600,39.3
2010-06-01,39.66,39.99,37.90,38.49,1176700,38.4
2010-05-31,41.58,42.34,40.30,40.40,1493600,40.4
2010-05-28,40.80,42.50,40.40,41.88,1619100,41.8
2010-05-27,38.88,40.66,38.20,40.10,1027300,40.1
2010-05-26,40.10,41.00,38.88,38.99,975900,38.9
2010-05-25,41.30,41.65,40.01,40.22,973600,40.2
2010-05-24,40.50,42.18,40.08,41.88,1582400,41.8
2010-05-21,37.56,40.40,37.55,40.28,1003700,40.2
2010-05-20,39.50,40.40,39.00,39.50,1215400,39.5
2010-05-19,38.18,40.33,37.38,40.00,1407300,40.0
2010-05-18,39.09,39.48,36.80,38.78,1377400,38.7
2010-05-17,41.01,41.75,39.00,39.00,916800,39.0
2010-05-14,41.50,42.70,40.60,41.75,1025000,41.7
2010-05-13,39.55,42.07,39.20,41.75,1201500,41.7
2010-05-12,41.25,43.15,39.08,39.97,1260300,39.9
2010-05-11,45.88,46.49,42.83,42.95,1411400,42.9
2010-05-10,49.50,50.45,45.09,45.38,2248300,45.3
2010-05-07,48.37,51.20,47.10,50.10,2594100,50.1
2010-05-06,50.01,50.88,48.51,48.70,1533100,48.7
2010-05-05,48.00,50.73,47.50,50.07,2093900,50.0
2010-05-04,45.37,49.50,44.32,48.97,2225200,48.9
2010-04-30,48.60,48.77,45.30,46.12,2169100,46.1
2010-04-29,52.00,54.26,48.50,49.15,2677500,49.1
2010-04-28,54.00,56.96,51.99,52.99,4235900,52.9
2010-04-27,52.69,54.30,50.00,53.90,4684400,53.9
2010-04-26,50.12,53.48,47.75,53.05,3681900,53.0
2010-04-23,51.67,52.50,49.88,50.12,3635800,50.1
2010-04-22,48.81,52.20,48.50,51.16,4417600,51.1
2010-04-21,45.00,49.88,44.80,49.07,4209900,49.0
2010-04-20,47.60,47.88,43.01,45.38,3413900,45.3
2010-04-19,50.08,50.55,47.36,47.40,5396600,47.4
2010-04-16,59.00,59.00,51.00,52.62,11763600,52.6
