Date,Open,High,Low,Close,Volume,Adj Clos
2007-12-28,36.80,37.41,36.01,36.82,886700,36.3
2007-12-27,36.75,38.00,35.66,36.77,1533200,36.2
2007-12-26,33.62,36.81,33.40,36.75,1249700,36.2
2007-12-25,32.90,33.78,32.52,33.61,1007500,33.1
2007-12-24,32.35,33.34,32.35,32.90,1532900,32.4
2007-12-21,30.98,32.98,30.70,32.20,1560300,31.7
2007-12-20,30.10,31.09,29.74,31.05,754200,30.6
2007-12-19,29.80,30.41,29.60,30.15,375900,29.7
2007-12-18,29.70,30.17,29.42,29.43,302900,29.0
2007-12-17,30.60,30.80,29.75,29.81,653400,29.3
2007-12-14,30.30,30.49,29.18,30.47,796000,30.0
2007-12-13,31.50,32.41,30.51,30.59,1297600,30.1
2007-12-12,30.90,31.85,30.45,31.50,1127800,31.0
2007-12-11,30.78,31.38,29.90,30.89,1045700,30.4
2007-12-10,29.70,31.38,29.30,30.98,1220400,30.5
2007-12-07,28.65,30.60,28.43,30.19,1387800,29.7
2007-12-06,28.98,28.98,28.20,28.40,517000,28.0
2007-12-05,27.50,29.00,27.15,28.80,871400,28.4
2007-12-04,27.45,28.10,27.06,27.38,363300,27.0
2007-12-03,27.17,27.50,26.80,27.30,240900,26.9
2007-11-30,28.22,28.39,27.12,27.17,393700,26.7
2007-11-29,27.85,28.49,27.00,28.12,533200,27.7
2007-11-28,27.25,27.98,27.22,27.40,294000,27.0
2007-11-27,28.40,28.95,26.61,27.26,645500,26.8
2007-11-26,28.01,29.50,28.01,28.42,1045100,28.0
2007-11-23,27.15,27.88,26.38,27.88,709200,27.4
2007-11-22,30.90,30.90,27.82,27.90,1077900,27.5
2007-11-21,31.00,31.87,30.81,30.91,794900,30.4
2007-11-20,31.50,31.65,30.56,31.00,932100,30.5
2007-11-19,29.48,32.00,29.48,31.45,1653200,31.0
2007-11-16,29.38,29.46,27.91,29.46,1090200,29.0
2007-11-15,29.65,31.50,29.00,29.46,1984700,29.0
2007-11-14,27.80,30.58,27.15,30.33,2304100,29.9
2007-11-13,26.70,28.80,26.52,27.96,2509100,27.5
2007-11-12,25.95,27.50,25.63,26.58,2564300,26.2
2007-11-09,29.00,29.80,28.35,28.48,550700,28.0
2007-11-08,32.00,32.33,29.36,29.36,469300,28.9
2007-11-07,32.00,32.90,31.50,31.77,276100,31.3
2007-11-06,31.98,32.62,31.30,32.10,287800,31.6
2007-11-05,32.79,32.79,30.21,31.90,636000,31.4
2007-11-02,35.23,35.30,32.76,32.77,687600,32.3
2007-10-31,35.68,37.49,35.68,36.14,610400,35.6
2007-10-30,34.75,35.90,34.50,35.32,568000,34.8
2007-10-29,34.70,35.40,32.01,34.75,645600,34.2
2007-10-26,37.50,38.49,34.20,34.72,806600,34.2
2007-10-25,41.80,41.80,37.79,37.79,700900,37.2
2007-10-24,43.30,43.30,41.60,41.80,305500,41.2
2007-10-23,42.19,42.50,41.50,42.50,291700,41.9
2007-10-22,43.58,43.58,41.42,41.45,509400,40.8
2007-10-19,42.85,45.00,42.85,43.90,480700,43.2
2007-10-18,45.85,46.48,43.10,43.20,615100,42.5
2007-10-17,46.10,47.44,45.02,45.85,595300,45.2
2007-10-16,48.10,48.10,45.50,46.35,1122400,45.7
2007-10-15,48.15,51.77,47.60,48.40,3501600,47.7
2007-10-12,42.81,47.06,42.80,47.06,3217700,46.4
2007-10-11,42.34,43.64,42.34,42.78,659100,42.1
2007-10-10,42.80,44.09,42.20,42.92,866000,42.3
2007-10-09,42.00,43.03,40.60,42.65,708100,42.0
2007-10-08,43.51,43.68,42.00,42.08,757200,41.4
2007-09-28,42.80,43.80,42.71,43.02,560600,42.4
2007-09-27,43.70,43.71,42.00,42.95,656100,42.3
2007-09-25,45.44,45.44,43.56,43.65,593000,43.0
2007-09-24,44.28,47.00,43.25,45.48,969000,44.8
2007-09-21,45.15,45.19,44.01,44.28,678200,43.6
2007-09-20,45.51,46.50,44.58,45.16,717700,44.5
2007-09-19,48.00,48.00,45.70,45.80,838300,45.1
2007-09-18,45.48,48.60,44.82,48.28,2260500,47.6
2007-09-17,44.41,45.95,44.01,44.80,718200,44.1
2007-09-14,45.66,46.48,44.00,44.96,864700,44.3
2007-09-13,45.44,46.88,44.66,45.65,1078100,45.0
2007-09-12,43.59,45.86,43.01,45.50,1026400,44.8
2007-09-11,45.60,47.48,44.16,44.16,1327100,43.5
2007-09-10,47.47,47.47,44.80,45.59,1111100,44.9
2007-09-07,48.30,49.20,47.56,47.86,1268500,47.1
2007-09-06,47.86,48.45,47.30,47.54,773000,46.8
2007-09-05,47.65,48.50,47.28,47.82,939100,47.1
2007-09-04,49.00,49.80,47.61,47.65,1410700,46.9
2007-09-03,50.00,50.69,48.80,48.93,1249700,48.2
2007-08-31,49.60,50.68,49.16,49.88,826500,49.1
2007-08-30,49.36,50.50,48.70,49.53,1074500,48.8
2007-08-29,51.20,52.04,49.10,49.40,1588500,48.7
2007-08-28,50.20,54.00,48.10,52.05,3240600,51.3
2007-08-27,51.39,52.25,50.10,50.79,1999800,50.0
2007-08-24,48.99,52.75,48.21,51.99,3130800,51.2
2007-08-23,50.60,51.20,48.60,48.99,1803500,48.3
2007-08-22,51.38,51.38,49.50,49.99,2311700,49.2
2007-08-21,51.20,53.76,50.08,51.90,2788300,51.1
2007-08-20,52.10,52.49,48.21,51.97,3304600,51.2
2007-08-17,55.00,55.00,49.61,50.95,4189000,50.2
2007-08-16,58.18,60.97,54.80,55.00,4778800,54.2
2007-08-15,55.50,58.18,53.00,58.18,6845000,57.3
2007-08-14,48.89,52.89,48.56,52.89,5405400,52.1
2007-08-10,48.00,48.48,40.16,43.71,12812000,43.1
