Date,Open,High,Low,Close,Volume,Adj Clos
2011-12-30,13.15,13.50,13.15,13.49,6846100,13.4
2011-12-29,13.14,13.25,13.10,13.14,3890400,13.1
2011-12-28,13.10,13.36,13.08,13.14,4574500,13.1
2011-12-27,13.21,13.50,13.04,13.18,3815500,13.1
2011-12-26,13.65,13.70,13.15,13.21,4415500,13.2
2011-12-23,13.72,13.88,13.56,13.70,4174100,13.7
2011-12-22,13.66,13.88,13.39,13.80,4304900,13.8
2011-12-21,13.81,14.00,13.76,13.80,4689900,13.8
2011-12-20,13.75,13.90,13.70,13.79,3724100,13.7
2011-12-19,13.97,13.99,13.66,13.75,3884900,13.7
2011-12-16,14.01,14.19,13.91,14.03,2569800,14.0
2011-12-15,14.10,14.19,13.90,13.93,1688700,13.9
2011-12-14,14.15,14.30,14.05,14.16,1743300,14.1
2011-12-13,14.10,14.30,14.03,14.26,2132800,14.2
2011-12-12,14.05,14.29,13.99,14.21,2776200,14.2
2011-12-09,14.51,14.63,14.10,14.18,3338400,14.1
2011-12-08,14.58,14.70,14.41,14.62,3221800,14.6
2011-12-07,14.84,14.84,14.45,14.68,3318500,14.6
2011-12-06,14.96,14.99,14.70,14.78,1453700,14.7
2011-12-05,14.87,15.06,14.80,14.96,4433600,14.9
2011-12-02,14.96,14.96,14.68,14.86,3043300,14.8
2011-12-01,15.50,15.55,14.95,15.06,11297500,15.0
2011-11-30,15.73,15.83,14.90,15.18,3742700,15.1
2011-11-29,15.97,15.99,15.62,15.75,2426100,15.7
2011-11-28,16.00,16.00,15.66,15.93,2003300,15.9
2011-11-25,16.38,16.48,15.95,16.00,3797100,16.0
2011-11-24,16.00,16.50,15.93,16.37,7194600,16.3
2011-11-23,15.80,16.14,15.71,16.09,3242900,16.0
2011-11-22,15.61,15.90,15.52,15.86,2372400,15.8
2011-11-21,15.66,15.70,15.32,15.61,1502900,15.6
2011-11-18,15.60,15.83,15.48,15.62,1956900,15.6
2011-11-17,15.60,15.86,15.60,15.70,2194900,15.7
2011-11-16,16.20,16.20,15.40,15.57,4197500,15.5
2011-11-15,16.30,16.40,16.17,16.22,2226100,16.2
2011-11-14,16.00,16.31,15.98,16.27,2136600,16.2
2011-11-11,15.89,16.04,15.86,15.93,3767000,15.9
2011-11-10,15.88,16.10,15.70,15.89,3748800,15.8
2011-11-09,15.70,16.00,15.70,15.98,5244500,15.9
2011-11-08,15.76,15.86,15.60,15.67,3072900,15.6
2011-11-07,15.86,15.90,15.65,15.69,2808500,15.6
2011-11-04,15.95,16.00,15.86,15.93,2882100,15.9
2011-11-03,15.72,16.05,15.71,15.82,5750100,15.8
2011-11-02,15.15,15.81,15.00,15.71,6549500,15.7
2011-11-01,15.19,15.35,15.09,15.21,3584600,15.2
2011-10-31,15.45,15.58,15.16,15.26,5379100,15.2
2011-10-28,15.49,15.60,15.30,15.42,5435200,15.4
2011-10-27,15.52,15.62,15.28,15.38,4523200,15.3
2011-10-26,15.40,15.60,15.32,15.48,4213300,15.4
2011-10-25,15.21,15.55,15.19,15.39,5116900,15.3
2011-10-24,15.09,15.39,14.89,15.24,2794700,15.2
2011-10-21,15.50,15.50,14.60,15.17,5413400,15.1
2011-10-20,15.68,15.78,15.25,15.40,5207800,15.4
2011-10-19,15.45,15.89,15.45,15.75,7046300,15.7
2011-10-18,15.40,15.57,15.21,15.48,5696900,15.4
2011-10-17,15.50,15.72,15.35,15.45,2684300,15.4
2011-10-14,15.53,15.78,15.35,15.51,2608300,15.5
2011-10-13,14.93,15.57,14.90,15.55,8149500,15.5
2011-10-12,14.48,15.14,14.43,15.00,5270900,15.0
2011-10-11,14.89,14.95,14.48,14.53,2883300,14.5
2011-10-10,14.76,14.80,14.49,14.68,2278300,14.6
2011-09-30,14.78,14.85,14.52,14.72,1777900,14.7
2011-09-29,14.75,14.85,14.60,14.71,1843100,14.7
2011-09-28,14.92,15.00,14.76,14.80,1852100,14.8
2011-09-27,14.81,14.93,14.76,14.90,1587800,14.9
2011-09-26,14.65,14.92,14.59,14.79,2284600,14.7
2011-09-23,14.80,14.98,14.58,14.80,3172500,14.8
2011-09-22,15.14,15.18,14.96,14.97,2730700,14.9
2011-09-21,14.96,15.28,14.83,15.20,4761400,15.2
2011-09-20,14.99,15.08,14.80,14.88,2789500,14.8
2011-09-19,15.20,15.20,14.95,15.00,1497000,15.0
2011-09-16,15.30,15.38,15.22,15.25,2103900,15.2
2011-09-15,15.17,15.31,15.11,15.25,3065100,15.2
2011-09-14,15.29,15.35,14.86,15.11,6416900,15.1
2011-09-13,15.33,15.50,15.10,15.29,2392500,15.2
2011-09-09,15.72,15.78,15.49,15.57,4830200,15.5
2011-09-08,15.80,15.90,15.48,15.65,6462000,15.6
2011-09-07,15.66,15.85,15.60,15.80,6347900,15.8
2011-09-06,16.16,16.20,15.30,15.67,10036600,15.6
2011-09-05,16.62,16.70,16.00,16.25,7179400,16.2
2011-09-02,16.80,16.90,16.51,16.75,4838500,16.7
2011-09-01,17.04,17.16,16.73,16.82,3121500,16.8
2011-08-31,17.16,17.40,16.85,17.00,4273500,17.0
2011-08-30,17.18,17.43,17.15,17.15,3429400,17.1
2011-08-29,17.11,17.28,17.05,17.14,3656900,17.1
2011-08-26,17.29,17.34,17.17,17.23,4069500,17.2
2011-08-25,17.18,17.35,17.06,17.34,4645500,17.3
2011-08-24,17.30,17.68,17.06,17.13,4002900,17.1
2011-08-23,17.22,17.47,17.16,17.27,4363300,17.2
2011-08-22,17.40,17.54,17.15,17.20,3969100,17.2
2011-08-19,17.08,17.51,17.00,17.43,3732700,17.4
2011-08-18,17.52,17.68,17.40,17.41,4170200,17.4
2011-08-17,17.62,17.71,17.38,17.60,6881300,17.6
2011-08-16,17.81,17.92,17.42,17.70,8007800,17.7
2011-08-15,17.76,17.93,17.56,17.84,9018800,17.8
2011-08-12,17.55,17.80,17.45,17.76,10602800,17.7
2011-08-11,16.96,17.57,16.83,17.49,9290500,17.4
2011-08-10,16.91,17.46,16.71,17.20,10523800,17.2
2011-08-09,16.50,16.95,16.35,16.81,5905400,16.8
2011-08-08,17.25,17.25,16.33,16.81,7575400,16.8
2011-08-05,17.19,17.39,16.97,17.36,4558700,17.3
2011-08-04,17.17,17.45,17.10,17.38,3947200,17.3
2011-08-03,17.08,17.24,17.00,17.08,5191200,17.0
2011-08-02,17.36,17.41,17.00,17.15,3249900,17.1
2011-08-01,17.35,17.61,17.33,17.42,2358100,17.4
2011-07-29,17.69,17.77,17.33,17.34,2999100,17.3
2011-07-28,17.60,17.85,17.50,17.61,2850400,17.6
2011-07-27,17.45,17.83,17.31,17.70,4925200,17.7
2011-07-26,17.83,17.95,17.21,17.46,5131000,17.4
2011-07-25,18.27,18.59,17.75,17.88,7757500,17.8
2011-07-22,18.50,18.58,18.26,18.30,4210900,18.3
2011-07-21,18.27,18.64,18.10,18.48,10814000,18.4
2011-07-20,18.00,18.52,18.00,18.23,13082000,18.2
2011-07-19,17.84,18.04,17.71,17.94,7670900,17.9
2011-07-18,17.99,18.06,17.85,17.95,7377000,17.9
2011-07-15,17.71,18.10,17.51,17.98,10844900,17.9
2011-07-14,17.70,17.89,17.46,17.73,5636200,17.7
2011-07-13,17.43,17.79,17.43,17.67,9068100,17.6
2011-07-12,17.57,17.70,17.44,17.48,4982500,17.4
2011-07-11,17.70,17.80,17.50,17.60,8056400,17.6
2011-07-08,17.97,18.01,17.73,17.80,4069500,17.8
2011-07-07,17.98,18.23,17.85,17.87,10866300,17.8
2011-07-06,17.72,18.15,17.44,18.08,13495300,18.0
2011-07-05,17.54,17.78,17.50,17.65,10211200,17.6
2011-07-04,17.01,17.44,17.01,17.42,11833100,17.4
2011-07-01,17.07,17.13,16.90,16.97,6141600,16.9
2011-06-30,16.95,17.14,16.86,16.97,9243300,16.9
2011-06-29,17.47,17.47,16.88,16.95,10593100,16.9
2011-06-28,17.40,17.52,17.22,17.50,4256200,17.5
2011-06-27,17.50,17.68,17.26,17.39,5336200,17.3
2011-06-24,16.97,17.81,16.91,17.49,7888100,17.4
2011-06-23,16.89,17.29,16.56,16.95,6842100,16.9
2011-06-22,17.11,17.30,16.90,16.90,3202700,16.9
2011-06-21,17.12,17.19,16.94,17.10,3239700,17.1
2011-06-20,17.00,17.15,16.80,17.10,2533600,17.1
2011-06-17,17.78,17.85,16.88,17.00,6537800,17.0
2011-06-16,18.10,18.25,17.69,17.69,3836900,17.6
2011-06-15,18.55,18.60,18.16,18.20,3144400,18.2
2011-06-14,18.50,18.85,18.40,18.55,2976200,18.5
2011-06-13,18.70,18.74,18.30,18.50,2395000,18.5
2011-06-10,18.69,18.98,18.66,18.79,3463100,18.7
2011-06-09,19.06,19.08,18.65,18.66,2737100,18.6
2011-06-08,19.00,19.34,18.98,19.10,3270300,19.1
2011-06-07,18.96,19.10,18.90,19.05,3477900,19.0
2011-06-03,18.68,19.05,18.60,19.00,4463600,19.0
2011-06-02,18.69,18.89,18.30,18.70,5032900,18.7
2011-06-01,18.70,18.96,18.60,18.85,5211600,18.8
2011-05-31,18.75,18.99,18.58,18.73,4043000,18.7
2011-05-30,18.75,19.20,18.50,18.82,5689900,18.8
2011-05-27,19.18,19.50,18.82,18.83,5872200,18.8
2011-05-26,19.39,19.47,19.19,19.20,4060100,19.2
2011-05-25,19.31,19.49,19.11,19.30,4153300,19.3
2011-05-24,19.44,19.60,19.28,19.29,8313400,19.2
2011-05-23,19.89,20.09,19.35,19.44,7647700,19.4
2011-05-20,20.33,20.33,19.94,19.96,4534200,19.9
2011-05-19,20.15,20.64,20.03,20.20,10802800,20.2
2011-05-18,19.80,20.30,19.80,20.12,7871700,20.1
2011-05-17,19.87,20.23,19.79,19.88,9080100,19.8
2011-05-16,19.62,19.92,19.60,19.87,6122400,19.8
2011-05-13,19.50,19.65,19.40,19.63,3414700,19.6
2011-05-12,19.55,19.85,19.48,19.48,6566300,19.4
2011-05-11,19.55,19.68,19.40,19.60,3522800,19.6
2011-05-10,19.63,19.68,19.40,19.59,3801200,19.5
2011-05-09,19.62,19.88,19.56,19.69,4213500,19.6
2011-05-06,19.66,19.97,19.46,19.65,10091600,19.6
2011-05-05,19.09,19.80,18.90,19.68,10804300,19.6
2011-05-04,18.99,19.63,18.99,19.15,8685400,19.1
2011-05-03,18.99,19.23,18.82,19.19,2913000,19.1
2011-04-29,18.88,19.05,18.80,18.99,2613500,18.9
2011-04-28,19.31,19.38,18.78,18.78,4377800,18.7
2011-04-27,19.34,19.49,18.97,19.33,4565000,19.3
2011-04-26,19.59,19.95,19.28,19.34,9924900,19.3
2011-04-25,19.28,19.60,19.11,19.60,8835400,19.6
2011-04-22,19.46,19.50,19.27,19.37,5303200,19.3
2011-04-21,19.23,19.52,19.19,19.46,7086000,19.4
2011-04-20,19.07,19.30,18.99,19.19,4095000,19.1
2011-04-19,19.22,19.26,18.94,19.07,4888800,19.0
2011-04-18,19.19,19.38,19.14,19.31,5882100,19.3
2011-04-15,19.48,19.54,19.05,19.20,6526000,19.2
2011-04-14,19.58,19.65,19.39,19.57,9282100,19.5
2011-04-13,19.53,19.76,19.42,19.54,7573100,19.5
2011-04-12,19.28,19.70,19.21,19.53,11047600,19.5
2011-04-11,19.15,19.48,18.99,19.30,12559700,19.3
2011-04-07,18.91,19.06,18.84,18.95,6547200,18.9
2011-04-06,18.88,19.02,18.84,18.88,6436800,18.8
2011-04-01,18.81,19.00,18.72,18.81,4681400,18.8
2011-03-31,18.88,18.90,18.71,18.81,5140400,18.8
2011-03-30,18.96,19.01,18.77,18.85,6863700,18.8
2011-03-29,19.33,19.35,18.74,18.97,13191000,18.9
2011-03-28,19.70,19.73,19.28,19.32,9545200,19.3
2011-03-25,19.45,19.59,19.36,19.59,7501200,19.5
2011-03-24,19.49,19.53,19.32,19.46,7132500,19.4
2011-03-23,19.55,19.56,19.30,19.48,8075200,19.4
2011-03-22,19.64,19.65,19.33,19.58,3218300,19.5
2011-03-21,19.55,19.66,19.35,19.63,7488300,19.6
2011-03-18,19.83,19.83,19.30,19.43,7756600,19.4
2011-03-17,19.75,20.09,19.40,19.58,10951600,19.5
2011-03-16,19.93,20.10,19.70,19.98,6225400,19.9
2011-03-15,20.08,20.15,19.38,19.93,8671000,19.9
2011-03-14,19.90,20.48,19.70,20.05,6203000,20.0
2011-03-11,19.74,20.26,19.70,19.95,14896800,19.9
2011-03-10,19.25,20.06,19.22,19.85,18733600,19.8
2011-03-09,19.45,19.48,19.08,19.30,8032200,19.3
2011-03-08,19.33,19.51,19.22,19.37,5639300,19.3
2011-03-07,19.33,19.45,19.20,19.32,9794300,19.3
2011-03-04,19.38,19.38,18.99,19.31,7745700,19.3
2011-03-03,19.18,19.38,19.13,19.27,17583500,19.2
2011-03-02,18.96,19.19,18.74,19.04,5916700,19.0
2011-03-01,19.16,19.34,18.78,18.96,10115500,18.9
2011-02-28,18.63,19.07,18.61,19.04,10112700,19.0
2011-02-25,18.67,18.70,18.39,18.61,11600700,18.6
2011-02-24,18.50,18.76,18.43,18.60,9824900,18.6
2011-02-23,18.60,18.80,18.49,18.58,4990400,18.5
2011-02-22,19.10,19.17,18.50,18.59,8398800,18.5
2011-02-21,18.88,19.20,18.69,19.18,7321100,19.1
2011-02-18,18.87,19.38,18.83,18.98,8229600,18.9
2011-02-17,19.25,19.29,18.83,18.93,8034200,18.9
2011-02-16,19.20,19.42,19.10,19.21,6149300,19.2
2011-02-15,19.44,19.59,19.19,19.26,7666700,19.2
2011-02-14,19.39,19.57,19.23,19.42,9385000,19.4
2011-02-11,19.40,19.40,19.21,19.30,7188000,19.3
2011-02-10,19.20,19.43,19.06,19.34,4538200,19.3
2011-02-09,18.91,19.30,18.80,19.28,8516300,19.2
2011-02-01,18.75,19.20,18.70,19.11,4369500,19.1
2011-01-31,18.70,18.85,18.44,18.81,4098500,18.8
2011-01-28,18.36,18.72,18.25,18.63,5162700,18.6
2011-01-27,18.15,18.38,17.99,18.37,5318600,18.3
2011-01-26,18.28,18.58,18.05,18.16,8179500,18.1
2011-01-25,18.93,18.93,17.95,18.15,5587700,18.1
2011-01-24,18.55,19.04,18.26,18.94,6326500,18.9
2011-01-21,18.63,19.08,18.36,18.57,7377400,18.5
2011-01-20,19.40,19.50,18.72,18.80,6754400,18.8
2011-01-19,19.29,19.66,19.21,19.38,5630200,19.3
2011-01-18,19.08,19.57,18.81,19.17,5599000,19.1
2011-01-17,19.91,20.18,18.69,18.82,14079700,18.8
2011-01-14,20.52,20.68,19.73,19.90,11219600,19.9
2011-01-13,20.20,20.65,20.09,20.49,14390800,20.4
2011-01-12,19.88,20.09,19.71,20.00,7341900,20.0
2011-01-11,19.88,19.97,19.40,19.89,7948400,19.8
2011-01-10,20.28,20.28,19.52,19.80,13570500,19.8
2011-01-07,20.23,20.48,19.96,20.17,22902600,20.1
2011-01-06,19.31,20.13,19.22,20.00,29692800,20.0
2011-01-05,19.45,19.60,19.15,19.24,13694100,19.2
2011-01-04,18.99,19.36,18.88,19.32,13517800,19.3
