Date,Open,High,Low,Close,Volume,Adj Clos
2008-10-09,3.84,3.84,3.66,3.67,7357700,3.6
2008-10-08,3.76,3.84,3.70,3.75,7332100,3.6
2008-10-07,3.70,3.94,3.70,3.88,7044200,3.8
2008-10-06,3.90,4.02,3.81,3.86,10456200,3.8
2008-09-26,4.03,4.08,3.92,4.01,13797800,3.9
2008-09-25,3.89,4.06,3.85,4.02,21976100,3.9
2008-09-24,3.77,3.87,3.66,3.87,9737200,3.8
2008-09-23,3.95,4.04,3.85,3.85,27700300,3.7
2008-09-22,3.93,3.93,3.93,3.93,2611000,3.8
2008-09-18,3.64,3.68,3.40,3.57,11405600,3.5
2008-09-17,3.89,3.94,3.71,3.72,7994000,3.6
2008-09-16,3.94,3.98,3.85,3.90,8773200,3.8
2008-09-12,3.83,4.05,3.83,3.93,6614900,3.8
2008-09-11,3.91,4.13,3.85,3.90,8706200,3.8
2008-09-10,3.80,4.01,3.77,3.94,7331300,3.8
2008-09-09,3.85,3.92,3.81,3.86,4095800,3.8
2008-09-08,3.96,3.98,3.81,3.82,7395300,3.7
2008-09-05,4.00,4.05,3.95,3.96,8790900,3.8
2008-09-04,4.10,4.17,4.07,4.13,7971300,4.0
2008-09-03,4.08,4.18,4.05,4.13,10219300,4.0
2008-09-02,4.04,4.15,3.96,4.08,5470900,4.0
2008-09-01,4.19,4.19,4.04,4.06,6691200,3.9
2008-08-29,4.11,4.28,4.09,4.24,10400400,4.1
2008-08-28,3.99,4.10,3.98,4.08,5752000,4.0
2008-08-27,3.98,4.05,3.91,4.02,6306600,3.9
2008-08-26,4.07,4.10,3.91,3.97,7960200,3.9
2008-08-25,4.12,4.24,4.05,4.12,7310300,4.0
2008-08-22,4.14,4.16,4.01,4.11,7705200,4.0
2008-08-21,4.30,4.43,4.14,4.15,12653600,4.0
2008-08-20,4.00,4.47,3.96,4.42,17524000,4.3
2008-08-19,3.96,4.12,3.91,4.08,7807300,4.0
2008-08-18,4.40,4.45,4.02,4.05,10514200,3.9
2008-08-15,4.46,4.52,4.31,4.39,10159100,4.3
2008-08-14,4.49,4.66,4.46,4.52,17389500,4.4
2008-08-13,4.37,4.47,4.20,4.40,8606900,4.3
2008-08-12,4.30,4.46,4.26,4.38,8181300,4.3
2008-08-11,4.76,4.83,4.30,4.34,13747700,4.2
2008-08-08,5.20,5.20,4.73,4.78,12924600,4.7
2008-08-07,5.18,5.25,5.09,5.20,7029900,5.1
2008-08-06,5.20,5.24,5.08,5.16,7498500,5.0
2008-08-05,5.20,5.27,5.10,5.10,9008600,5.0
2008-08-04,5.33,5.35,5.16,5.17,10320400,5.0
2008-08-01,5.28,5.50,5.14,5.42,14922600,5.3
2008-07-31,5.60,5.67,5.32,5.34,17568800,5.2
2008-07-30,5.81,5.88,5.55,5.63,23292000,5.5
2008-07-29,5.57,5.90,5.43,5.75,32851900,5.6
2008-07-28,5.59,5.73,5.55,5.65,16878500,5.5
2008-07-25,5.60,5.64,5.50,5.55,19125400,5.4
2008-07-24,5.60,5.74,5.50,5.68,27841300,5.5
2008-07-23,5.75,5.95,5.48,5.50,57861900,5.4
2008-07-22,5.50,5.80,5.42,5.66,37159200,5.5
2008-07-21,5.18,5.56,5.15,5.50,24343200,5.4
2008-07-18,5.08,5.32,4.93,5.25,19500300,5.1
2008-07-17,5.12,5.17,4.88,4.93,13366400,4.8
2008-07-16,5.19,5.20,4.91,4.99,20855500,4.9
2008-07-15,5.58,5.59,5.23,5.24,23735600,5.1
2008-07-14,5.49,5.55,5.30,5.54,17671100,5.4
2008-07-11,5.50,5.65,5.42,5.55,24391400,5.4
2008-07-10,5.59,5.79,5.52,5.55,41722400,5.4
2008-07-09,5.70,5.85,5.59,5.76,62270500,5.6
2008-07-08,5.40,5.55,5.20,5.50,38340900,5.4
2008-07-07,5.00,5.45,4.96,5.39,26404400,5.3
2008-07-04,5.08,5.11,4.90,5.00,15234100,4.9
2008-07-03,4.75,5.20,4.70,5.09,17965200,5.0
2008-07-02,4.78,4.95,4.73,4.87,9497400,4.7
2008-07-01,4.88,4.93,4.69,4.74,8655600,4.6
2008-06-30,4.86,5.02,4.74,4.86,12433600,4.7
2008-06-27,5.20,5.27,4.93,4.95,22782800,4.8
2008-06-26,5.30,5.66,5.23,5.48,25134900,5.3
2008-06-25,4.99,5.39,4.91,5.36,22564500,5.2
2008-06-24,4.84,5.05,4.79,5.00,12103200,4.9
2008-06-23,4.80,5.04,4.70,4.84,10822300,4.7
2008-06-20,4.99,5.25,4.61,4.92,21085700,4.8
2008-06-19,5.50,5.54,5.04,5.04,13197400,4.9
2008-06-18,5.21,5.64,5.02,5.60,15164300,5.5
2008-06-17,5.70,5.76,5.15,5.20,8218400,5.1
2008-06-16,5.71,5.86,5.55,5.68,5822300,5.5
2008-06-13,5.89,5.99,5.70,5.70,6396500,5.6
2008-06-12,5.94,6.03,5.70,5.87,8468200,5.7
2008-06-11,6.18,6.19,5.94,5.99,8406500,5.8
2008-06-10,6.69,6.69,6.30,6.30,8618500,6.2
2008-06-06,7.13,7.15,6.96,7.00,4175100,6.8
2008-06-05,7.09,7.18,7.00,7.10,5454700,6.9
2008-06-04,7.00,7.09,6.95,7.08,6228600,6.9
2008-06-03,7.18,7.19,6.98,7.04,8259800,6.9
2008-06-02,7.20,7.27,7.07,7.18,9071900,7.0
2008-05-30,8.32,8.64,8.26,8.51,7449700,8.3
2008-05-29,8.68,8.68,8.31,8.32,9091800,8.1
2008-05-28,8.54,8.80,8.46,8.70,8977900,8.5
2008-05-27,8.28,8.55,8.25,8.50,10105500,8.3
2008-05-26,8.21,8.37,8.05,8.22,10183200,8.0
2008-05-23,8.81,8.89,8.22,8.40,22769800,8.2
2008-05-22,9.09,9.27,8.80,8.89,15967600,8.7
2008-05-21,8.93,9.47,8.61,9.32,17400400,9.1
2008-05-20,9.75,10.07,8.95,9.13,16717900,8.9
2008-05-19,9.84,9.95,9.55,9.75,11195800,9.5
2008-05-16,10.00,10.17,9.64,9.85,19605700,9.6
2008-05-15,10.22,10.54,10.01,10.10,29302400,9.9
2008-05-14,9.55,10.15,9.49,10.11,33296100,9.9
2008-05-13,9.60,9.99,9.50,9.55,20746800,9.3
2008-05-12,9.90,10.33,9.45,10.07,20913500,9.9
2008-05-09,10.53,10.56,9.85,10.07,27132500,9.9
2008-05-08,9.81,10.50,9.70,10.47,23083100,10.3
2008-05-07,10.62,10.89,9.96,10.01,25972500,9.8
2008-05-06,10.94,11.18,10.62,10.80,31021400,10.6
2008-05-05,10.40,11.12,10.06,11.12,41503800,10.9
2008-04-30,9.32,10.11,9.25,10.11,28348700,9.9
2008-04-29,9.05,9.36,9.03,9.19,11498700,9.0
2008-04-28,9.20,9.39,9.00,9.05,15821200,8.9
2008-04-24,9.19,9.24,8.86,9.24,32643300,9.0
2008-04-23,7.94,8.50,7.79,8.40,9849900,8.2
2008-04-22,7.94,8.10,7.41,8.00,9522200,7.8
2008-04-21,8.83,8.83,8.03,8.10,13693200,7.9
2008-04-18,8.13,8.40,7.91,8.03,8316300,7.9
2008-04-17,8.43,8.68,8.00,8.16,7435400,8.0
2008-04-16,8.78,8.85,8.40,8.45,9325200,8.3
2008-04-15,8.60,8.93,8.30,8.89,10580500,8.7
2008-04-14,9.45,9.45,8.67,8.68,11871500,8.5
2008-04-11,9.65,9.78,9.50,9.63,7771900,9.4
2008-04-10,9.20,9.58,9.01,9.56,11732300,9.4
2008-04-09,9.80,10.08,9.38,9.39,11497100,9.2
2008-04-08,9.85,10.30,9.73,9.92,22226600,9.7
2008-04-07,8.72,9.79,8.70,9.79,26112300,9.6
2008-04-03,8.44,9.02,8.21,8.90,17735200,8.7
2008-04-02,8.90,9.00,8.29,8.52,15544600,8.3
2008-04-01,9.75,9.76,8.71,8.75,9349200,8.6
2008-03-31,9.98,10.05,9.68,9.68,7325200,9.5
2008-03-28,9.62,10.28,9.50,10.23,10344800,10.0
2008-03-27,10.30,10.30,9.78,9.80,12762900,9.6
2008-03-26,10.60,10.78,10.33,10.48,7348500,10.3
2008-03-25,10.15,10.62,9.93,10.40,9063600,10.2
2008-03-24,11.33,11.42,10.41,10.43,11357400,10.2
2008-03-21,10.78,11.44,10.65,11.19,13803400,11.0
2008-03-20,10.34,11.09,9.72,10.88,12946300,10.7
2008-03-19,10.60,10.83,10.23,10.52,8183300,10.3
2008-03-18,10.95,11.30,9.96,10.23,10702800,10.0
2008-03-17,11.71,11.88,11.01,11.02,7266500,10.8
2008-03-14,11.70,11.98,11.46,11.72,6668100,11.5
2008-03-13,12.28,12.36,11.50,11.80,16160700,11.6
2008-03-12,13.16,13.30,12.46,12.53,25367300,12.3
2008-03-11,13.10,13.35,12.01,13.20,33952000,12.9
2008-03-10,14.16,14.16,13.00,13.32,11302400,13.1
2008-03-07,14.39,14.48,14.10,14.20,6649300,13.9
2008-03-06,13.91,14.64,13.65,14.50,12650800,14.2
2008-03-05,14.10,14.20,13.55,13.90,8505800,13.6
2008-03-04,14.65,14.78,13.98,14.15,13856200,13.9
2008-03-03,14.54,14.80,13.97,14.63,14257300,14.3
2008-02-29,14.80,14.80,14.29,14.54,5084700,14.3
2008-02-28,14.40,14.40,14.40,14.40,000,14.1
2008-02-27,14.20,14.55,14.13,14.40,6560100,14.1
2008-02-26,14.60,14.74,13.68,14.26,6776800,14.0
2008-02-25,15.18,15.47,13.90,14.08,8350100,13.8
2008-02-22,16.00,16.00,15.00,15.17,8071600,14.9
2008-02-21,16.25,16.25,15.69,16.11,7023800,15.8
2008-02-20,16.30,16.90,16.30,16.35,11544600,16.0
2008-02-19,15.73,16.38,15.65,16.26,7602400,15.9
2008-02-18,15.70,16.09,15.48,15.73,7293400,15.4
2008-02-15,15.50,15.56,15.18,15.42,3161800,15.1
2008-02-14,15.35,15.83,15.35,15.66,4181400,15.4
2008-02-13,15.20,15.74,14.92,15.27,5048300,15.0
2008-02-12,15.35,15.35,15.35,15.35,000,15.1
2008-02-11,15.35,15.35,15.35,15.35,000,15.1
2008-02-08,15.35,15.35,15.35,15.35,000,15.1
2008-02-07,15.35,15.35,15.35,15.35,000,15.1
2008-02-06,15.35,15.35,15.35,15.35,000,15.1
2008-02-05,15.88,15.98,15.18,15.35,10026300,15.1
2008-02-04,14.80,15.87,14.75,15.84,8346500,15.5
2008-02-01,14.98,14.99,13.47,14.50,10284100,14.2
2008-01-31,15.28,15.45,14.80,14.80,5976300,14.5
2008-01-30,15.20,15.40,14.70,15.15,7575900,14.9
2008-01-29,14.96,15.39,14.71,14.90,7924800,14.6
2008-01-28,16.44,16.44,14.91,14.92,10105300,14.6
2008-01-25,16.02,16.69,15.60,16.49,19010900,16.2
2008-01-24,16.35,16.39,15.55,16.02,18685700,15.7
2008-01-23,15.30,16.35,15.30,16.10,12352700,15.8
2008-01-22,16.95,16.98,15.53,15.53,12960100,15.2
2008-01-21,18.73,18.85,17.10,17.25,9857300,16.9
2008-01-18,18.40,18.97,18.06,18.70,9461100,18.3
2008-01-17,18.79,19.35,17.70,18.40,14235500,18.1
2008-01-16,19.53,19.55,18.88,18.95,14786800,18.6
2008-01-15,20.13,20.28,19.34,19.43,17510100,19.1
2008-01-14,20.06,20.48,19.68,20.00,10962800,19.6
2008-01-11,20.50,20.62,19.75,20.00,13303100,19.6
2008-01-10,20.28,21.33,20.21,20.50,21844600,20.1
2008-01-09,19.90,20.32,19.70,20.32,19230000,19.9
2008-01-08,19.28,19.95,18.92,19.62,20923800,19.2
2008-01-07,19.38,19.72,19.15,19.25,14409300,18.9
2008-01-04,19.48,19.52,19.16,19.19,10836900,18.8
2008-01-03,19.01,19.45,18.80,19.45,12518600,19.1
2008-01-02,18.98,19.29,18.53,19.17,11050200,18.8
2008-01-01,18.76,18.76,18.76,18.76,000,18.4
