Date,Open,High,Low,Close,Volume,Adj Clos
2011-12-30,5.12,5.19,5.11,5.16,1906100,5.1
2011-12-29,5.10,5.21,5.07,5.11,2090200,5.1
2011-12-28,5.15,5.17,4.97,5.14,3336300,5.1
2011-12-27,5.40,5.40,5.15,5.19,1874100,5.1
2011-12-26,5.40,5.54,5.38,5.41,1874700,5.4
2011-12-23,5.33,5.45,5.28,5.38,1586200,5.3
2011-12-22,5.49,5.49,5.10,5.34,2640400,5.3
2011-12-21,5.71,5.74,5.50,5.51,1539900,5.5
2011-12-20,5.64,5.77,5.63,5.64,1995000,5.6
2011-12-19,5.63,5.69,5.51,5.66,2329700,5.6
2011-12-16,5.52,5.68,5.50,5.66,1896500,5.6
2011-12-15,5.66,5.68,5.46,5.52,2724400,5.5
2011-12-14,5.81,5.88,5.66,5.70,2457900,5.7
2011-12-13,6.08,6.10,5.78,5.82,2497300,5.8
2011-12-12,6.24,6.24,6.10,6.14,1204200,6.1
2011-12-09,6.20,6.26,6.15,6.20,1645800,6.2
2011-12-08,6.22,6.31,6.14,6.24,2626900,6.2
2011-12-07,6.21,6.28,6.20,6.22,1556200,6.2
2011-12-06,6.23,6.25,6.13,6.20,1441800,6.2
2011-12-05,6.33,6.39,6.18,6.20,1474100,6.2
2011-12-02,6.55,6.55,6.35,6.37,2119600,6.3
2011-12-01,6.68,6.70,6.53,6.53,3092300,6.5
2011-11-30,6.83,6.84,6.34,6.40,3689500,6.4
2011-11-29,6.81,6.84,6.75,6.83,2519100,6.8
2011-11-28,6.79,6.80,6.68,6.74,2292100,6.7
2011-11-25,6.85,6.93,6.72,6.73,1731500,6.7
2011-11-24,6.71,6.85,6.69,6.84,2009100,6.8
2011-11-23,6.88,6.88,6.76,6.80,2276500,6.8
2011-11-22,6.74,6.92,6.65,6.86,3501900,6.8
2011-11-21,6.88,6.94,6.76,6.85,3012600,6.8
2011-11-18,7.15,7.24,6.91,6.92,5725100,6.9
2011-11-17,7.15,7.29,7.09,7.19,5390000,7.1
2011-11-16,7.28,7.56,7.15,7.18,12464200,7.1
2011-11-15,7.19,7.29,7.17,7.29,6118400,7.2
2011-11-14,7.26,7.26,7.08,7.17,4465600,7.1
2011-11-11,7.09,7.16,7.00,7.07,3003400,7.0
2011-11-10,7.02,7.23,7.02,7.08,5802400,7.0
2011-11-09,7.02,7.14,6.95,7.09,4445400,7.0
2011-11-08,7.12,7.21,6.99,7.00,4270000,7.0
2011-11-07,7.16,7.21,7.07,7.10,4556400,7.1
2011-11-04,7.30,7.33,7.12,7.19,7732200,7.1
2011-11-03,7.25,7.57,7.21,7.28,14448400,7.2
2011-11-02,6.96,7.25,6.90,7.22,12374600,7.2
2011-11-01,6.98,7.18,6.85,7.10,8985000,7.1
2011-10-31,7.00,7.22,6.80,6.99,12052600,6.9
2011-10-28,6.72,6.82,6.67,6.81,4050200,6.8
2011-10-27,6.67,6.74,6.62,6.65,2812500,6.6
2011-10-26,6.58,6.79,6.53,6.66,4450200,6.6
2011-10-25,6.45,6.68,6.34,6.62,3665300,6.6
2011-10-24,6.44,6.51,6.24,6.48,3155900,6.4
2011-10-21,6.50,6.54,6.29,6.42,2072400,6.4
2011-10-20,6.95,6.97,6.38,6.50,4404400,6.5
2011-10-19,7.11,7.17,6.86,7.07,3582500,7.0
2011-10-18,7.30,7.35,7.10,7.11,2184300,7.1
2011-10-17,7.31,7.38,7.25,7.32,1667500,7.3
2011-10-14,7.35,7.38,7.19,7.28,2572900,7.2
2011-10-13,7.31,7.40,7.29,7.38,2600400,7.3
2011-10-12,7.13,7.38,7.07,7.34,2994700,7.3
2011-10-11,7.37,7.39,7.12,7.15,1362900,7.1
2011-10-10,7.30,7.30,7.17,7.22,1071900,7.2
2011-09-30,7.25,7.30,7.10,7.29,1221300,7.2
2011-09-29,7.43,7.44,7.08,7.34,3045700,7.3
2011-09-28,7.59,7.63,7.42,7.50,2203900,7.5
2011-09-27,7.60,7.62,7.54,7.61,1959200,7.6
2011-09-26,7.48,7.60,7.40,7.60,2330000,7.6
2011-09-23,7.37,7.60,7.37,7.60,3315700,7.6
2011-09-22,7.77,7.84,7.57,7.63,3706400,7.6
2011-09-21,7.65,7.87,7.58,7.85,5317800,7.8
2011-09-20,7.60,7.69,7.51,7.69,2459300,7.6
2011-09-19,7.74,7.74,7.50,7.65,3748100,7.6
2011-09-16,7.87,7.90,7.67,7.71,4762900,7.7
2011-09-14,7.89,8.06,7.70,7.90,10730300,7.9
2011-09-13,7.67,8.03,7.56,8.00,12445100,8.0
2011-09-09,7.80,7.93,7.68,7.78,10345500,7.7
2011-09-08,7.55,7.88,7.50,7.87,10053000,7.8
2011-09-07,7.42,7.57,7.40,7.51,3587300,7.5
2011-09-06,7.35,7.43,7.27,7.43,2239100,7.4
2011-09-05,7.46,7.46,7.28,7.45,2431900,7.4
2011-09-02,7.42,7.52,7.35,7.50,2408900,7.5
2011-09-01,7.53,7.57,7.42,7.44,1544600,7.4
2011-08-31,7.55,7.63,7.45,7.48,2261400,7.4
2011-08-30,7.64,7.74,7.55,7.55,3332200,7.5
2011-08-29,7.66,7.68,7.56,7.59,2549900,7.5
2011-08-26,7.67,7.72,7.61,7.69,2351200,7.6
2011-08-25,7.55,7.68,7.48,7.67,3553100,7.6
2011-08-24,7.59,7.64,7.50,7.51,2303500,7.5
2011-08-23,7.42,7.55,7.41,7.53,2138900,7.5
2011-08-22,7.45,7.53,7.35,7.37,2779800,7.3
2011-08-19,7.36,7.50,7.26,7.50,2179400,7.5
2011-08-18,7.74,7.75,7.45,7.49,2912900,7.4
2011-08-17,7.73,7.77,7.65,7.74,2351800,7.7
2011-08-16,7.85,7.85,7.68,7.73,1803600,7.7
2011-08-15,7.66,7.83,7.66,7.76,2149900,7.7
2011-08-12,7.63,7.86,7.58,7.69,3403600,7.6
2011-08-11,7.30,7.59,7.25,7.56,2462500,7.5
2011-08-10,7.58,7.68,7.40,7.47,3573800,7.4
2011-08-09,7.00,7.53,7.00,7.45,3585800,7.4
2011-08-08,8.06,8.09,7.41,7.60,4955400,7.6
2011-08-05,8.28,8.31,8.11,8.20,4918100,8.2
2011-08-04,8.53,8.64,8.50,8.55,3660300,8.5
2011-08-03,8.39,8.55,8.34,8.55,3188100,8.5
2011-08-02,8.46,8.60,8.43,8.53,5941300,8.5
2011-08-01,8.47,8.68,8.43,8.55,5257200,8.5
2011-07-29,8.31,8.54,8.28,8.52,6158700,8.5
2011-07-28,8.40,8.40,8.25,8.31,3637100,8.3
2011-07-27,8.37,8.51,8.25,8.50,3997200,8.5
2011-07-26,8.36,8.44,8.15,8.42,4614100,8.4
2011-07-25,8.79,8.93,8.41,8.43,12084800,8.4
2011-07-22,8.47,8.80,8.47,8.80,6776300,8.8
2011-07-21,8.71,8.71,8.45,8.46,3723800,8.4
2011-07-20,8.76,8.78,8.53,8.70,6520300,8.7
2011-07-19,8.85,8.86,8.67,8.72,7209200,8.7
2011-07-18,8.75,9.02,8.66,8.95,11027200,8.9
2011-07-15,8.62,8.69,8.56,8.66,5559700,8.6
2011-07-14,8.64,8.69,8.48,8.66,6320500,8.6
2011-07-13,8.42,8.62,8.40,8.59,4270800,8.5
2011-07-12,8.41,8.50,8.37,8.42,3461500,8.4
2011-07-11,8.40,8.52,8.37,8.48,3350500,8.4
2011-07-08,8.43,8.53,8.38,8.45,3408600,8.4
2011-07-07,8.63,8.73,8.41,8.42,6286600,8.4
2011-07-06,8.43,8.57,8.42,8.56,7090800,8.5
2011-07-05,8.39,8.51,8.33,8.39,6055300,8.3
2011-07-04,8.20,8.42,8.18,8.38,6001000,8.3
2011-07-01,8.22,8.24,8.12,8.18,3596700,8.1
2011-06-30,8.08,8.22,8.03,8.16,3370700,8.1
2011-06-29,8.23,8.25,8.01,8.06,3783000,8.0
2011-06-28,8.25,8.25,8.12,8.22,3300100,8.2
2011-06-27,8.27,8.33,8.20,8.26,3040300,8.2
2011-06-24,8.09,8.30,8.02,8.25,4408800,8.2
2011-06-23,7.83,8.16,7.77,8.10,2937800,8.1
2011-06-22,7.90,7.98,7.82,7.88,2037700,7.8
2011-06-21,7.77,7.84,7.69,7.82,1869900,7.8
2011-06-20,7.75,7.83,7.69,7.72,1313500,7.7
2011-06-17,7.77,7.84,7.71,7.77,1615300,7.7
2011-06-16,7.98,8.02,7.76,7.77,2193100,7.7
2011-06-15,8.08,8.20,8.03,8.03,2348900,8.0
2011-06-14,7.94,8.15,7.91,8.07,2384300,8.0
2011-06-13,7.89,8.02,7.85,7.98,1293700,7.9
2011-06-10,7.91,8.03,7.73,8.02,2884400,7.9
2011-06-09,8.08,8.10,7.90,7.90,2852300,7.8
2011-06-08,8.08,8.14,7.90,8.13,2533600,8.0
2011-06-07,8.01,8.14,8.01,8.09,2064000,8.0
2011-06-03,7.87,8.18,7.84,8.07,3248100,8.0
2011-06-02,7.85,7.95,7.70,7.83,2696200,7.7
2011-06-01,7.89,8.01,7.81,8.01,3014400,7.9
2011-05-31,7.75,7.93,7.72,7.89,2361400,7.8
2011-05-30,7.79,7.90,7.67,7.70,2437900,7.6
2011-05-27,8.12,8.18,7.79,7.84,3374600,7.7
2011-05-26,8.24,8.34,8.16,8.16,2442000,8.1
2011-05-25,8.30,8.32,8.14,8.18,2377100,8.1
2011-05-24,8.27,8.33,8.10,8.30,2892300,8.2
2011-05-23,8.86,8.86,8.27,8.28,7261700,8.2
2011-05-19,9.11,9.15,8.94,8.95,4977400,8.8
2011-05-18,8.85,9.14,8.81,9.11,6486000,9.0
2011-05-17,8.80,9.05,8.80,8.85,6124100,8.7
2011-05-16,8.78,8.97,8.76,8.85,5873800,8.7
2011-05-13,8.44,8.92,8.44,8.84,8320000,8.7
2011-05-12,8.60,8.67,8.40,8.40,3850900,8.3
2011-05-11,8.67,8.72,8.53,8.68,4255600,8.6
2011-05-10,8.53,8.71,8.50,8.69,4196400,8.6
2011-05-09,8.53,8.59,8.46,8.51,4074900,8.4
2011-05-06,8.37,8.60,8.31,8.54,3585300,8.4
2011-05-05,8.33,8.53,8.28,8.44,3230300,8.3
2011-05-04,8.74,8.75,8.28,8.33,7047000,8.2
2011-05-03,8.75,8.84,8.63,8.81,4272300,8.7
2011-04-29,8.61,8.75,8.46,8.75,3940000,8.7
2011-04-28,9.07,9.12,8.50,8.55,5703200,8.5
2011-04-27,9.08,9.15,8.96,9.05,4290100,8.9
2011-04-26,9.24,9.24,9.00,9.04,4811000,8.9
2011-04-25,9.68,9.70,9.10,9.24,9177900,9.1
2011-04-22,9.67,9.97,9.60,9.68,14666200,9.6
2011-04-21,9.44,9.81,9.36,9.73,15020900,9.6
2011-04-20,9.48,9.56,9.30,9.36,6250900,9.3
2011-04-19,9.32,9.69,9.24,9.49,10540600,9.4
2011-04-18,9.37,9.45,9.10,9.41,7731900,9.3
2011-04-14,9.33,9.50,9.30,9.39,8302200,9.3
2011-04-13,9.14,9.30,9.11,9.30,5626700,9.2
2011-04-12,9.38,9.45,9.10,9.16,7807700,9.1
2011-04-11,9.55,9.59,9.20,9.36,9737600,9.3
2011-04-08,9.46,9.70,9.42,9.52,6430300,9.4
2011-04-07,9.44,9.50,9.34,9.46,6039800,9.4
2011-04-06,9.40,9.55,9.26,9.44,8454600,9.3
2011-04-01,9.36,9.43,9.19,9.42,8577300,9.3
2011-03-31,9.49,9.59,9.17,9.37,10560700,9.3
2011-03-30,9.88,10.09,9.45,9.47,18005500,9.4
2011-03-29,10.40,10.40,9.88,9.95,19805900,9.8
2011-03-28,10.30,10.57,10.17,10.48,24056300,10.4
2011-03-25,10.00,10.45,9.97,10.22,24230100,10.1
2011-03-24,10.10,10.30,10.05,10.10,12598400,10.0
2011-03-23,10.21,10.26,9.96,10.15,18062000,10.0
2011-03-22,10.08,10.44,9.92,10.32,19940700,10.2
2011-03-21,10.14,10.25,9.91,10.02,14648400,9.9
2011-03-18,10.01,10.17,9.73,9.99,22898200,9.9
2011-03-17,10.55,10.65,9.90,9.99,24843200,9.9
2011-03-16,10.66,10.90,10.23,10.54,29245200,10.4
2011-03-15,10.60,10.90,10.38,10.60,30794500,10.5
2011-03-14,10.80,11.23,10.49,10.64,45586500,10.5
2011-03-11,9.79,10.80,9.72,10.80,34145800,10.7
2011-03-10,9.90,10.04,9.61,9.82,17070400,9.7
2011-03-09,9.55,10.17,9.48,9.76,28402300,9.7
2011-03-08,9.08,9.63,9.01,9.57,18247600,9.5
2011-03-07,9.17,9.29,8.97,9.16,16219400,9.1
2011-03-04,8.83,9.25,8.76,9.15,21306900,9.0
2011-03-03,8.65,8.94,8.51,8.90,19540200,8.8
2011-03-02,8.35,8.76,8.30,8.72,18249100,8.6
2011-03-01,8.29,8.38,8.20,8.35,7554400,8.3
2011-02-28,8.15,8.37,8.12,8.27,8746500,8.2
2011-02-25,8.02,8.20,8.01,8.17,6115700,8.1
2011-02-24,7.93,8.07,7.91,8.06,4711600,8.0
2011-02-23,7.81,8.03,7.74,7.95,4747000,7.9
2011-02-22,8.14,8.15,7.75,7.82,5877700,7.7
2011-02-21,7.97,8.14,7.93,8.13,4859500,8.0
2011-02-18,8.01,8.07,7.91,8.01,4070900,7.9
2011-02-17,8.04,8.07,7.92,8.03,4372700,7.9
2011-02-16,7.88,8.07,7.85,8.04,4790100,7.9
2011-02-15,7.87,8.10,7.87,7.90,6557800,7.8
2011-02-14,7.80,7.96,7.79,7.91,5266600,7.8
2011-02-11,7.70,7.83,7.70,7.78,4308700,7.7
2011-02-10,7.55,7.77,7.52,7.76,5673200,7.7
2011-02-09,7.45,7.58,7.45,7.54,5822800,7.4
2011-02-01,7.59,7.61,7.50,7.55,2944500,7.5
2011-01-31,7.53,7.61,7.43,7.60,3520500,7.5
2011-01-28,7.53,7.61,7.48,7.60,2763200,7.5
2011-01-27,7.40,7.58,7.38,7.55,4167300,7.5
2011-01-26,7.35,7.51,7.35,7.46,3751700,7.4
2011-01-25,7.59,7.77,7.34,7.44,6551100,7.3
2011-01-24,7.25,7.60,7.15,7.58,6395100,7.5
2011-01-21,7.42,7.51,7.30,7.41,2565500,7.3
2011-01-20,7.45,7.51,7.26,7.38,2911400,7.3
2011-01-19,7.34,7.50,7.28,7.49,2551000,7.4
2011-01-18,7.25,7.34,7.24,7.33,1711200,7.2
2011-01-17,7.51,7.57,7.19,7.25,3679100,7.2
2011-01-14,7.83,7.83,7.55,7.57,4035100,7.5
2011-01-13,7.94,7.97,7.81,7.85,3397600,7.8
2011-01-12,7.82,7.86,7.71,7.85,3054900,7.8
2011-01-11,7.84,7.87,7.66,7.85,3705800,7.8
2011-01-10,8.15,8.15,7.82,7.87,4497200,7.8
2011-01-07,8.10,8.18,7.98,8.17,5248700,8.1
2011-01-06,8.14,8.17,8.01,8.12,4021600,8.0
2011-01-05,8.07,8.18,8.03,8.13,3859100,8.0
2011-01-04,8.06,8.12,8.00,8.11,4466500,8.0
