Date,Open,High,Low,Close,Volume,Adj Clos
2011-12-30,23.51,24.39,23.51,24.18,1308500,24.1
2011-12-29,23.60,23.94,23.40,23.48,551200,23.4
2011-12-28,23.40,23.98,23.03,23.61,622200,23.6
2011-12-27,23.80,24.30,23.20,23.70,791500,23.7
2011-12-26,23.96,24.26,23.80,23.80,666700,23.8
2011-12-23,23.30,24.39,23.08,23.95,815900,23.9
2011-12-22,24.10,24.17,22.89,23.38,1115600,23.3
2011-12-21,25.25,25.88,24.29,24.29,964600,24.2
2011-12-20,25.29,25.72,24.88,25.14,1082100,25.1
2011-12-19,24.80,25.38,24.05,25.25,1597100,25.2
2011-12-16,23.70,24.58,23.40,24.55,1265100,24.5
2011-12-15,24.10,24.45,23.37,23.37,1104500,23.3
2011-12-14,25.00,25.50,24.18,24.24,839400,24.2
2011-12-13,26.44,26.70,25.32,25.32,725900,25.3
2011-12-12,26.50,26.70,26.12,26.56,495200,26.5
2011-12-09,26.59,26.80,26.03,26.33,747500,26.3
2011-12-08,27.00,27.34,26.00,26.90,1206500,26.9
2011-12-07,26.88,27.43,26.79,27.00,1394900,27.0
2011-12-06,27.00,27.18,26.00,26.90,1502500,26.9
2011-12-05,29.90,30.20,26.95,26.99,1996300,26.9
2011-12-02,32.01,32.01,29.86,29.89,2101800,29.8
2011-12-01,31.93,32.90,31.61,32.03,2267300,32.0
2011-11-29,31.87,32.06,31.55,31.95,898800,31.9
2011-11-28,31.61,31.96,31.30,31.47,627000,31.4
2011-11-25,31.33,31.98,31.24,31.46,935000,31.4
2011-11-24,31.00,31.50,30.60,31.25,947200,31.2
2011-11-23,31.50,31.80,31.15,31.17,993200,31.1
2011-11-22,31.69,32.00,31.18,31.77,1281600,31.7
2011-11-21,31.80,32.19,31.50,31.92,899100,31.9
2011-11-18,32.02,32.30,31.55,31.55,1325600,31.5
2011-11-17,33.00,33.49,32.29,32.47,1184800,32.4
2011-11-16,34.50,34.68,32.55,33.00,1899800,33.0
2011-11-15,34.40,34.78,34.13,34.48,1587900,34.4
2011-11-14,34.01,34.77,34.01,34.30,1769400,34.3
2011-11-11,34.08,34.57,33.53,33.87,1641700,33.8
2011-11-10,34.75,34.81,34.06,34.08,1505100,34.0
2011-11-09,34.91,35.32,34.02,35.05,2871500,35.0
2011-11-08,35.25,35.78,34.85,34.91,1369700,34.9
2011-11-07,35.10,36.28,34.71,35.70,2334800,35.7
2011-11-04,35.50,36.19,34.70,35.30,3554600,35.3
2011-11-03,35.96,37.48,35.49,35.77,4974600,35.7
2011-11-02,35.40,36.30,35.01,35.96,4000300,35.9
2011-11-01,33.68,37.40,33.52,36.33,5958300,36.3
2011-10-31,35.50,35.87,33.90,34.30,8384900,34.3
2011-10-28,34.51,34.51,34.46,34.51,5113100,34.5
2011-10-25,30.77,31.60,30.38,31.37,961200,31.3
2011-10-24,30.51,31.00,29.51,30.65,1111600,30.6
2011-10-21,31.24,31.50,30.18,30.51,494900,30.5
2011-10-20,32.10,32.50,30.89,31.20,840100,31.2
2011-10-19,33.40,33.50,32.40,32.52,788800,32.5
2011-10-18,34.08,34.08,33.00,33.20,911100,33.2
2011-10-17,33.18,34.55,33.00,33.70,839900,33.7
2011-10-14,33.03,33.50,32.00,33.20,568300,33.2
2011-10-13,32.00,33.60,31.99,33.30,1055000,33.3
2011-10-12,31.09,32.53,30.60,32.38,969400,32.3
2011-10-11,32.21,32.28,30.50,31.09,751400,31.0
2011-10-10,32.29,32.29,31.05,31.27,370600,31.2
2011-09-30,31.49,32.50,30.66,31.90,1117000,31.9
2011-09-27,31.41,31.82,31.26,31.30,333200,31.3
2011-09-26,31.83,32.27,31.03,31.26,556700,31.2
2011-09-23,30.95,31.98,30.65,31.95,867200,31.9
2011-09-22,32.68,33.30,32.01,32.06,1038900,32.0
2011-09-21,32.07,33.08,31.79,33.00,1263900,33.0
2011-09-20,33.29,33.29,31.81,32.30,1207300,32.3
2011-09-19,33.40,34.25,32.60,33.37,1591800,33.3
2011-09-16,31.65,34.46,31.65,33.49,2876500,33.4
2011-09-15,30.75,31.85,30.75,31.33,1139100,31.3
2011-09-14,30.67,31.48,29.80,30.66,946400,30.6
2011-09-13,30.00,31.25,30.00,30.62,588900,30.6
2011-09-09,31.50,31.87,31.21,31.36,831800,31.3
2011-09-08,31.70,32.19,31.40,31.48,665200,31.4
2011-09-07,32.00,32.30,31.12,31.70,1580800,31.7
2011-09-06,32.28,32.28,30.12,32.00,3119400,32.0
2011-09-05,33.51,33.54,32.00,32.58,1711500,32.5
2011-09-02,35.14,35.49,33.70,33.80,937400,33.8
2011-09-01,34.99,35.86,34.89,35.19,933700,35.1
2011-08-30,35.29,36.18,35.06,35.20,1785200,35.2
2011-08-29,35.12,35.60,34.90,34.91,1285700,34.9
2011-08-26,35.60,35.77,35.00,35.22,1301900,35.2
2011-08-25,35.30,35.73,34.88,35.68,975900,35.6
2011-08-24,35.50,35.88,35.08,35.34,986200,35.3
2011-08-23,34.58,35.29,34.58,34.98,971300,34.9
2011-08-22,35.12,36.68,34.18,34.76,2211000,34.7
2011-08-19,35.59,35.59,34.05,35.20,2087000,35.2
2011-08-18,36.55,36.90,35.50,35.70,3051900,35.7
2011-08-17,37.53,37.85,36.60,36.71,2182300,36.7
2011-08-16,38.86,39.00,37.58,37.63,2277200,37.6
2011-08-15,38.66,39.00,38.20,38.78,2217000,38.7
2011-08-12,38.19,39.04,38.00,38.70,3361300,38.7
2011-08-11,37.56,38.88,37.11,37.85,2813500,37.8
2011-08-10,37.53,39.40,37.52,38.21,5792900,38.2
2011-08-09,36.00,37.88,35.10,37.29,3402000,37.2
2011-08-08,37.48,37.96,35.80,36.89,4096500,36.8
2011-08-05,36.50,38.80,34.50,37.90,3225000,37.9
2011-08-04,38.57,38.89,37.79,37.81,2411200,37.8
2011-08-03,38.77,39.50,38.23,38.67,2239000,38.6
2011-08-02,38.42,39.09,37.33,39.05,3023700,39.0
2011-08-01,37.82,39.12,37.78,38.72,4603900,38.7
2011-07-29,39.74,39.99,37.89,38.28,5111300,38.2
2011-07-28,36.20,39.82,35.40,39.82,9589900,39.8
2011-07-27,34.10,36.49,34.01,36.20,3273300,36.2
2011-07-26,34.93,35.89,33.70,35.07,2537200,35.0
2011-07-25,35.79,36.80,34.20,34.97,3413000,34.9
2011-07-22,35.28,36.95,34.80,36.11,4605500,36.1
2011-07-21,34.00,35.50,33.68,35.00,4242900,35.0
2011-07-20,34.70,35.03,33.60,34.08,1515300,34.0
2011-07-19,34.12,35.47,34.12,34.70,2920400,34.7
2011-07-18,34.71,35.10,34.00,34.63,2648900,34.6
2011-07-15,34.49,35.19,34.11,34.70,2820900,34.7
2011-07-14,34.68,35.15,33.74,34.80,3489200,34.8
2011-07-13,34.00,35.20,33.52,34.70,4072500,34.7
2011-07-12,33.08,36.00,32.67,34.30,5957200,34.3
2011-07-11,30.50,33.30,30.00,33.25,5803500,33.2
2011-07-08,31.11,31.15,30.36,30.55,1989000,30.5
2011-07-07,30.02,31.52,30.00,31.11,4752300,31.1
2011-07-06,29.40,30.28,28.62,30.10,2968600,30.1
2011-07-05,28.55,29.89,28.26,29.57,4093400,29.5
2011-07-04,26.76,29.20,26.76,28.80,3380800,28.8
2011-07-01,26.59,27.15,26.12,26.61,1663000,26.6
2011-06-30,26.10,26.65,25.64,26.36,1936600,26.3
2011-06-29,26.60,26.80,26.10,26.10,1442200,26.1
2011-06-28,27.62,27.89,26.32,26.77,2522800,26.7
2011-06-27,26.58,28.00,26.58,27.24,1386800,27.2
2011-06-24,25.37,26.60,25.05,26.42,1804900,26.4
2011-06-23,24.95,25.49,24.50,25.38,973600,25.3
2011-06-22,24.89,25.12,24.72,24.94,775500,24.9
2011-06-21,25.18,25.18,24.31,24.89,1108400,24.8
2011-06-20,25.60,25.60,24.56,25.00,1259900,25.0
2011-06-17,26.50,26.80,25.70,25.73,936200,25.7
2011-06-16,27.62,27.95,26.48,26.48,882700,26.4
2011-06-15,28.10,28.10,27.64,27.70,524900,27.7
2011-06-14,27.90,28.38,27.78,28.19,737800,28.1
2011-06-13,27.22,28.14,27.12,28.08,875500,28.0
2011-06-10,27.11,27.66,27.02,27.20,571300,27.2
2011-06-09,28.16,28.18,27.30,27.30,834400,27.3
2011-06-08,27.35,28.40,27.22,28.15,1012200,28.1
2011-06-07,27.65,27.72,27.30,27.49,594500,27.4
2011-06-03,27.22,27.70,26.88,27.70,1100400,27.7
2011-06-02,27.50,27.50,26.67,27.02,660200,27.0
2011-06-01,27.50,27.95,27.06,27.85,869900,27.8
2011-05-31,27.00,27.68,27.00,27.50,753100,27.5
2011-05-30,27.90,28.35,26.00,27.00,1132000,27.0
2011-05-27,29.39,29.40,28.30,28.30,1012300,28.3
2011-05-26,30.64,30.64,29.21,29.49,1029800,29.4
2011-05-24,30.88,31.20,29.90,30.65,1054700,30.6
2011-05-23,32.67,32.67,30.85,30.90,1150800,30.9
2011-05-20,32.31,32.88,32.05,32.26,1262500,32.2
2011-05-19,31.92,33.87,31.80,32.70,2450300,32.7
2011-05-18,32.00,32.88,31.69,31.92,1558100,31.9
2011-05-17,33.50,33.90,31.60,32.90,3886000,32.9
2011-05-13,30.95,31.18,30.50,30.90,747300,30.9
2011-05-12,30.85,31.11,30.60,30.95,932800,30.9
2011-05-11,31.10,31.20,30.62,30.95,606500,30.9
2011-05-10,31.00,31.00,30.55,30.78,609400,30.7
2011-05-09,29.90,30.98,29.90,30.79,888200,30.7
2011-05-06,30.40,30.40,29.00,29.98,635000,29.9
2011-05-05,30.20,30.40,30.00,30.10,661800,30.1
2011-05-04,31.00,31.00,30.05,30.42,823200,30.4
2011-05-03,30.68,31.27,30.30,31.10,544500,31.1
2011-04-29,30.40,30.65,29.80,30.65,823000,30.6
2011-04-28,31.61,31.99,30.11,30.21,1057600,30.2
2011-04-27,32.20,32.70,31.57,31.60,786100,31.6
2011-04-26,33.70,34.00,31.45,32.13,1619600,32.1
2011-04-25,35.08,35.08,33.60,33.70,1646800,33.7
2011-04-22,35.20,35.83,34.80,35.24,1495300,35.2
2011-04-21,35.80,35.95,35.10,35.20,1882600,35.2
2011-04-20,36.75,36.75,35.50,35.97,1827700,35.9
2011-04-19,35.20,37.79,34.30,36.80,3460100,36.8
2011-04-18,36.10,36.18,34.81,35.18,1611400,35.1
2011-04-15,72.60,73.22,72.22,72.56,502900,72.5
2011-04-14,72.51,73.30,72.30,72.51,597900,72.5
2011-04-13,70.80,73.10,70.05,72.30,636900,72.3
2011-04-12,71.61,72.32,70.50,70.80,391900,70.8
2011-04-11,72.60,73.30,71.53,71.61,456300,71.6
2011-04-08,72.75,72.95,71.13,72.40,483200,72.4
2011-04-07,71.00,72.50,67.90,71.88,970300,71.8
2011-04-06,72.00,73.78,70.90,71.00,547700,71.0
2011-04-01,73.90,75.16,72.37,73.00,352600,73.0
2011-03-31,71.62,76.09,70.60,73.80,1179900,73.8
2011-03-30,71.65,72.99,70.00,70.80,739000,70.8
2011-03-28,75.91,76.30,73.50,73.69,915000,73.6
2011-03-25,75.31,76.00,75.30,75.64,517900,75.6
2011-03-24,74.40,76.08,74.10,75.31,696700,75.3
2011-03-23,74.49,74.96,73.84,74.20,393000,74.2
2011-03-22,74.15,74.81,73.78,74.16,337900,74.1
2011-03-21,73.85,75.49,73.85,74.15,425500,74.1
2011-03-18,74.80,75.80,74.30,74.60,483100,74.6
2011-03-17,75.00,75.22,73.60,74.60,668000,74.6
2011-03-16,74.00,75.68,74.00,75.29,586700,75.2
2011-03-15,76.98,77.49,73.58,74.54,979800,74.5
2011-03-14,78.08,78.49,76.66,76.92,856400,76.9
2011-03-11,78.70,79.49,77.80,78.08,926700,78.0
2011-03-10,78.42,80.20,78.42,78.79,1075000,78.7
2011-03-09,79.02,79.79,77.50,78.42,922000,78.4
2011-03-08,77.25,80.45,77.25,79.00,1582100,79.0
2011-03-07,74.96,76.38,74.15,76.38,868300,76.3
2011-03-04,76.00,76.94,74.10,74.96,1177300,74.9
2011-03-03,78.62,78.62,76.00,76.50,683100,76.5
2011-03-02,77.80,79.98,77.22,78.62,898100,78.6
2011-03-01,78.40,78.46,77.02,77.80,746100,77.8
2011-02-28,79.80,79.80,77.12,78.40,852100,78.4
2011-02-25,79.81,80.00,77.81,78.45,762000,78.4
2011-02-24,82.00,82.00,78.05,80.25,1376200,80.2
2011-02-23,79.40,85.01,78.90,81.70,3095600,81.7
2011-02-22,80.91,80.91,77.56,80.91,3873100,80.9
2011-02-21,72.70,73.79,72.10,73.55,690800,73.5
2011-02-18,74.50,75.44,72.98,73.00,540900,73.0
2011-02-17,75.70,76.00,74.50,74.81,558300,74.8
2011-02-16,75.44,76.15,74.61,75.59,542900,75.5
2011-02-15,73.96,76.86,73.02,75.45,810000,75.4
2011-02-14,71.50,74.00,71.06,73.96,881100,73.9
2011-02-11,71.01,71.70,70.46,71.00,464900,71.0
2011-02-10,69.50,71.55,69.00,71.00,532900,71.0
2011-02-09,68.90,72.00,66.90,69.90,716200,69.9
2011-02-01,69.88,69.88,68.40,68.90,355900,68.9
2011-01-31,69.00,69.98,68.13,69.00,485600,69.0
2011-01-28,69.10,69.88,68.51,69.06,375000,69.0
2011-01-27,68.11,69.79,67.10,69.05,393500,69.0
2011-01-26,65.60,68.45,65.60,68.10,621900,68.1
2011-01-25,64.99,68.00,63.00,65.98,1061600,65.9
2011-01-24,71.10,71.63,64.90,64.99,1279500,64.9
2011-01-21,71.00,73.30,70.00,71.10,645200,71.1
2011-01-20,74.34,74.34,70.33,71.00,628800,71.0
2011-01-19,72.55,74.58,71.99,74.35,582000,74.3
2011-01-18,73.15,73.16,71.08,71.89,529300,71.8
2011-01-17,76.79,76.79,70.00,73.17,1029500,73.1
2011-01-14,79.70,79.70,76.00,76.19,682900,76.1
2011-01-13,79.33,79.99,78.80,78.86,561200,78.8
2011-01-12,80.00,82.36,78.16,79.51,879100,79.5
2011-01-11,82.06,82.60,79.50,80.23,939200,80.2
2011-01-10,85.90,86.18,81.90,82.06,1056800,82.0
2011-01-07,85.56,85.99,84.28,85.87,795000,85.8
2011-01-06,87.12,87.87,85.60,85.70,567000,85.7
2011-01-05,88.44,89.50,86.60,87.01,746300,87.0
2011-01-04,90.30,90.99,88.00,88.55,984600,88.5
