Date,Open,High,Low,Close,Volume,Adj Clos
2011-12-30,23.61,24.30,23.61,24.00,729600,24.0
2011-12-29,22.60,23.94,22.31,23.94,785200,23.9
2011-12-28,23.40,23.63,22.52,22.90,1206600,22.9
2011-12-27,23.72,23.90,23.45,23.70,1184300,23.7
2011-12-26,23.78,24.10,23.61,23.85,1404600,23.8
2011-12-23,23.26,23.88,22.10,23.88,1136900,23.8
2011-12-22,23.56,23.77,22.90,23.26,589800,23.2
2011-12-21,24.30,24.55,23.65,23.88,736600,23.8
2011-12-20,24.38,24.80,24.20,24.20,705200,24.2
2011-12-19,24.18,24.49,23.73,24.40,766000,24.4
2011-12-16,23.35,24.18,22.90,24.18,620900,24.1
2011-12-15,23.49,23.49,22.60,23.35,1199500,23.3
2011-12-14,23.65,23.77,23.12,23.72,523100,23.7
2011-12-13,24.01,24.19,23.08,23.77,706500,23.7
2011-12-12,24.20,24.40,23.80,24.29,457200,24.2
2011-12-09,24.10,24.57,23.95,24.39,274500,24.3
2011-12-08,24.58,24.81,24.06,24.36,398300,24.3
2011-12-07,24.44,24.68,23.95,24.59,401000,24.5
2011-12-06,24.02,24.45,23.69,24.12,329300,24.1
2011-12-05,25.20,25.22,24.36,24.53,452800,24.5
2011-12-02,26.05,26.15,25.08,25.50,631500,25.5
2011-12-01,25.80,26.50,25.70,26.28,847400,26.2
2011-11-30,25.88,26.07,24.56,25.30,1090000,25.3
2011-11-29,26.06,26.10,25.74,25.85,777900,25.8
2011-11-28,25.94,26.18,25.73,25.89,590000,25.8
2011-11-25,26.67,26.67,25.60,26.25,989100,26.2
2011-11-24,26.49,27.00,26.10,26.52,764200,26.5
2011-11-23,27.39,27.50,26.37,26.67,954200,26.6
2011-11-22,26.92,27.29,25.83,27.18,1028700,27.1
2011-11-21,27.62,27.70,26.93,27.19,592800,27.1
2011-11-18,27.80,28.14,27.20,27.78,839600,27.7
2011-11-17,27.00,27.95,27.00,27.89,1592300,27.8
2011-11-16,27.13,27.68,26.72,27.13,1486800,27.1
2011-11-15,26.75,27.33,26.75,27.13,1692100,27.1
2011-11-14,26.17,27.00,26.05,26.99,1954600,26.9
2011-11-11,26.20,26.20,25.81,26.15,651000,26.1
2011-11-10,26.28,26.28,25.95,26.28,478500,26.2
2011-11-09,26.50,26.94,25.94,26.55,840400,26.5
2011-11-08,26.30,26.95,26.30,26.55,1229500,26.5
2011-11-07,25.66,26.57,25.66,26.33,1341500,26.3
2011-11-04,25.80,26.12,25.54,26.01,2341500,26.0
2011-11-03,25.69,26.28,25.41,25.90,2266000,25.9
2011-11-02,24.89,25.55,24.52,25.55,1258200,25.5
2011-11-01,25.39,25.50,25.00,25.09,664300,25.0
2011-10-31,25.48,25.84,25.19,25.68,599700,25.6
2011-10-28,24.80,25.68,24.71,25.68,914800,25.6
2011-10-27,24.41,24.67,24.20,24.65,596900,24.6
2011-10-26,24.00,24.43,23.51,24.42,1085400,24.4
2011-10-25,23.51,24.37,23.10,24.37,862100,24.3
2011-10-24,22.51,24.03,21.75,23.88,1088100,23.8
2011-10-21,23.54,23.55,22.66,22.89,1799700,22.8
2011-10-20,24.61,24.61,23.67,23.85,950000,23.8
2011-10-19,25.06,25.30,24.38,24.92,563400,24.9
2011-10-18,25.69,25.69,24.70,25.10,429000,25.1
2011-10-17,25.76,25.76,25.50,25.74,286300,25.7
2011-10-14,25.40,25.88,24.95,25.80,907200,25.8
2011-10-13,25.60,25.60,24.92,25.40,524600,25.4
2011-10-12,24.60,25.74,24.43,25.60,554600,25.6
2011-10-11,25.00,25.19,24.50,24.86,288600,24.8
2011-10-10,24.88,25.09,24.69,24.69,131700,24.6
2011-09-30,24.66,25.00,23.97,24.95,645300,24.9
2011-09-29,23.84,24.54,23.41,24.48,750700,24.4
2011-09-28,24.01,24.24,23.52,23.74,248600,23.7
2011-09-27,24.34,24.75,23.98,24.07,567900,24.0
2011-09-26,24.50,24.70,23.81,24.18,526800,24.1
2011-09-23,24.61,24.87,24.31,24.66,481800,24.6
2011-09-22,25.01,25.20,24.64,25.00,574800,25.0
2011-09-21,24.00,25.19,23.90,25.10,480600,25.1
2011-09-20,24.16,24.20,23.58,24.00,621400,24.0
2011-09-19,24.57,24.61,24.10,24.16,444700,24.1
2011-09-16,24.23,24.95,24.22,24.64,772500,24.6
2011-09-15,24.00,24.55,23.71,24.23,613100,24.2
2011-09-14,23.88,24.44,23.58,24.00,240200,24.0
2011-09-13,24.08,24.47,23.38,24.09,437100,24.0
2011-09-09,24.63,25.19,24.02,24.50,645200,24.5
2011-09-07,24.96,25.18,24.38,24.99,685100,24.9
2011-09-06,24.22,25.23,24.22,24.61,369600,24.6
2011-09-05,25.89,25.89,24.90,25.00,550200,25.0
2011-09-02,26.38,26.57,25.61,26.06,941900,26.0
2011-09-01,26.73,26.93,26.20,26.37,370000,26.3
2011-08-31,26.91,27.39,26.20,26.68,707100,26.6
2011-08-30,27.68,27.85,27.10,27.10,796700,27.1
2011-08-29,27.29,27.65,27.08,27.32,958800,27.3
2011-08-26,27.40,27.58,27.08,27.20,486600,27.2
2011-08-25,26.94,27.68,26.70,27.68,1202400,27.6
2011-08-24,26.45,26.96,26.38,26.89,664300,26.8
2011-08-23,25.99,26.73,25.95,26.45,311600,26.4
2011-08-22,26.83,27.00,26.01,26.26,566200,26.2
2011-08-19,27.10,27.26,26.32,26.72,761900,26.7
2011-08-18,27.59,27.59,27.21,27.40,237100,27.4
2011-08-17,27.56,27.62,27.26,27.40,644500,27.4
2011-08-16,27.60,27.79,27.23,27.41,546700,27.4
2011-08-15,27.40,28.02,27.40,27.56,739300,27.5
2011-08-12,27.77,27.95,27.30,27.37,697000,27.3
2011-08-10,27.10,27.90,27.02,27.20,540600,27.2
2011-08-09,26.80,27.21,25.94,26.94,1020500,26.9
2011-08-08,28.20,28.46,27.31,27.31,684600,27.3
2011-08-05,29.30,29.30,28.43,28.75,554200,28.7
2011-08-04,29.42,29.86,29.35,29.50,278900,29.5
2011-08-03,29.57,30.00,29.21,29.55,490800,29.5
2011-08-02,29.78,30.01,29.20,29.79,261300,29.7
2011-08-01,29.76,30.21,29.70,29.79,333500,29.7
2011-07-29,29.90,30.13,29.74,29.80,544400,29.8
2011-07-28,30.13,30.14,29.80,30.10,581800,30.1
2011-07-27,29.88,30.30,29.81,30.06,612200,30.0
2011-07-26,30.55,30.55,29.86,30.20,568800,30.2
2011-07-25,30.70,30.90,30.00,30.70,793400,30.7
2011-07-22,30.80,31.17,30.61,30.90,440400,30.9
2011-07-21,30.23,30.95,29.92,30.92,1138900,30.9
2011-07-20,30.34,30.68,29.90,30.04,681000,30.0
2011-07-19,30.35,30.50,30.00,30.11,1020100,30.1
2011-07-18,30.72,30.92,30.43,30.65,962400,30.6
2011-07-15,31.20,31.20,30.10,30.96,1776900,30.9
2011-07-13,30.70,31.18,30.69,31.05,1404000,31.0
2011-07-12,30.36,30.95,30.05,30.68,1351700,30.6
2011-07-11,30.28,30.42,29.61,30.38,1623700,30.3
2011-07-08,30.66,30.66,29.92,30.30,1311800,30.3
2011-07-07,31.19,31.25,30.46,30.66,1540900,30.6
2011-07-06,31.43,31.68,31.01,31.22,1032700,31.2
2011-07-05,31.87,32.14,31.34,31.35,1217300,31.3
2011-07-04,31.60,32.04,31.40,31.87,1948800,31.8
2011-07-01,30.81,31.99,30.81,31.88,3016500,31.8
2011-06-30,33.50,33.52,31.81,31.81,2660900,31.8
2011-06-29,35.00,35.00,32.70,33.48,2891600,33.4
2011-06-28,31.35,33.68,31.10,33.57,3954200,33.5
2011-06-27,31.55,33.00,31.55,32.70,1528000,32.7
2011-06-24,31.34,31.68,31.22,31.52,665600,31.5
2011-06-23,31.40,31.49,31.00,31.36,642000,31.3
2011-06-22,31.00,31.38,30.81,31.29,636800,31.2
2011-06-21,29.82,31.00,29.58,31.00,462900,31.0
2011-06-20,31.05,31.20,30.20,30.22,416300,30.2
2011-06-17,31.37,31.50,30.93,31.00,249200,31.0
2011-06-16,31.40,31.66,31.00,31.10,360000,31.1
2011-06-15,31.48,32.00,31.34,31.50,1114400,31.5
2011-06-14,31.28,31.41,30.82,31.34,1141400,31.3
2011-06-13,31.45,31.45,30.76,30.98,756900,30.9
2011-06-10,32.00,32.00,30.51,31.43,502700,31.4
2011-06-09,30.94,31.55,30.94,31.20,625300,31.2
2011-06-08,31.21,31.48,31.04,31.26,564200,31.2
2011-06-07,31.24,31.75,30.98,31.21,810200,31.2
2011-06-03,29.83,31.50,29.81,31.29,1873000,31.2
2011-06-02,30.02,30.23,29.61,30.00,351000,30.0
2011-06-01,30.39,30.49,29.86,30.42,303000,30.4
2011-05-31,30.33,30.50,29.33,30.41,660900,30.4
2011-05-30,30.72,31.00,29.70,29.86,1104400,29.8
2011-05-27,30.78,31.70,30.42,30.60,1412400,30.6
2011-05-26,29.98,30.80,29.01,30.68,1390400,30.6
2011-05-25,30.00,30.38,29.60,29.72,515300,29.7
2011-05-24,29.68,30.45,29.68,30.00,570800,30.0
2011-05-23,31.39,31.40,29.82,29.82,1203400,29.8
2011-05-20,31.90,31.90,31.39,31.39,325300,31.3
2011-05-19,32.02,32.48,31.52,31.75,602200,31.7
2011-05-18,31.98,32.00,31.30,31.85,679500,31.8
2011-05-17,31.58,32.10,31.30,31.98,421900,31.9
2011-05-16,32.10,32.10,31.18,31.88,850000,31.8
2011-05-13,32.29,32.45,31.81,32.21,618100,32.2
2011-05-12,31.61,32.50,31.61,32.29,897700,32.2
2011-05-11,32.19,33.49,31.85,32.19,1456300,32.1
2011-05-10,31.80,32.23,31.58,32.15,1575000,32.1
2011-05-09,31.15,32.02,31.07,31.31,1219300,31.3
2011-05-06,30.90,31.26,30.64,31.15,2161800,31.1
2011-05-05,30.52,31.30,30.35,30.90,1169000,30.9
2011-05-04,30.48,31.47,30.14,30.82,1854100,30.8
2011-05-03,29.45,30.60,29.01,30.60,2065100,30.6
2011-04-29,29.60,30.05,28.81,29.18,3375200,29.1
2011-04-28,30.70,30.93,29.15,29.17,1282700,29.1
2011-04-27,31.00,31.40,30.33,30.68,901700,30.6
2011-04-26,30.70,31.65,30.44,30.85,1454500,30.8
2011-04-25,30.94,31.00,30.50,30.70,751700,30.7
2011-04-22,30.73,31.34,30.29,30.94,1871700,30.9
2011-04-21,30.52,31.29,30.52,30.96,1967700,30.9
2011-04-20,32.70,32.70,30.98,30.98,4966800,30.9
2011-04-19,33.71,34.04,32.56,32.61,1549600,32.6
2011-04-18,34.44,34.60,33.63,33.98,1319700,33.9
2011-04-15,33.45,34.69,33.45,34.25,1597200,34.2
2011-04-14,33.00,33.99,32.71,33.68,1801500,33.6
2011-04-13,33.14,33.19,32.41,32.90,926000,32.9
2011-04-12,31.71,33.72,31.71,33.14,893700,33.1
2011-04-11,32.70,34.08,32.31,33.38,2230000,33.3
2011-04-08,32.05,32.80,31.99,32.70,770200,32.7
2011-04-07,32.90,33.10,32.44,32.62,1085700,32.6
2011-04-06,32.48,32.90,32.15,32.77,1849100,32.7
2011-04-01,31.20,32.50,31.20,32.50,1297900,32.5
2011-03-31,32.10,32.14,30.98,31.35,856700,31.3
2011-03-30,32.30,32.75,31.73,32.06,1317400,32.0
2011-03-29,32.65,32.95,31.71,32.20,1974200,32.2
2011-03-28,31.50,32.78,31.39,32.38,2468500,32.3
2011-03-25,30.70,31.50,30.61,31.27,1650500,31.2
2011-03-24,31.00,31.20,30.63,30.69,980000,30.6
2011-03-23,31.18,31.50,30.50,31.04,658800,31.0
2011-03-22,31.45,31.79,30.70,31.12,642800,31.1
2011-03-21,30.82,31.88,30.62,31.11,1344200,31.1
2011-03-18,30.00,31.00,30.00,30.86,1087500,30.8
2011-03-17,29.82,30.40,29.44,29.95,869500,29.9
2011-03-16,29.51,29.97,29.51,29.93,881700,29.9
2011-03-15,29.90,29.99,29.00,29.51,1488300,29.5
2011-03-14,30.95,31.00,29.55,29.85,2443900,29.8
2011-03-11,32.00,32.00,30.75,31.10,1916400,31.1
2011-03-09,32.30,32.74,32.00,32.10,1820400,32.1
2011-03-08,31.82,32.57,31.80,32.00,1509500,32.0
2011-03-07,30.87,31.95,30.68,31.92,1693100,31.9
2011-03-04,30.34,31.16,30.31,30.85,727100,30.8
2011-03-03,31.28,32.00,30.20,30.30,1201900,30.3
2011-03-02,31.35,31.85,30.82,31.21,1140800,31.2
2011-03-01,31.65,31.95,31.13,31.37,1534100,31.3
2011-02-28,30.47,31.52,30.47,31.44,1879900,31.4
2011-02-25,30.05,30.79,29.81,30.57,1318900,30.5
2011-02-24,30.25,30.99,29.66,30.11,3073500,30.1
2011-02-23,28.19,29.64,28.13,29.64,3127800,29.6
2011-02-22,28.15,29.32,27.48,28.23,3876600,28.2
2011-02-21,28.00,28.59,27.60,28.35,3050100,28.3
2011-02-18,27.30,29.27,26.82,28.20,5788700,28.2
2011-02-16,28.30,28.40,27.80,27.88,3900700,27.8
2011-02-15,29.00,29.23,28.00,28.64,3610300,28.6
2011-02-14,28.61,29.38,28.13,29.00,1724100,29.0
2011-02-11,27.55,29.42,27.55,28.61,1379300,28.6
2011-02-10,27.03,27.63,27.02,27.55,542700,27.5
2011-02-09,27.39,27.77,27.10,27.30,385500,27.3
2011-02-01,27.80,28.50,27.30,27.50,783300,27.5
2011-01-31,27.72,28.40,26.24,27.90,2046500,27.9
2011-01-28,27.85,28.29,27.15,27.72,1299900,27.7
2011-01-27,27.40,28.30,27.40,27.90,1375600,27.9
2011-01-26,26.35,27.51,26.00,27.44,1272700,27.4
2011-01-25,26.38,26.97,25.15,26.48,835500,26.4
2011-01-24,27.51,27.51,26.39,26.39,821400,26.3
2011-01-21,27.13,27.91,26.51,27.46,960000,27.4
2011-01-20,27.60,27.76,27.12,27.20,683600,27.2
2011-01-19,26.75,27.77,26.75,27.60,1150300,27.6
2011-01-18,26.68,27.05,26.31,26.70,834900,26.7
2011-01-17,29.38,29.38,27.00,27.09,1463700,27.0
2011-01-14,30.05,30.49,28.61,29.16,1001700,29.1
2011-01-13,29.80,30.28,29.02,30.25,1828900,30.2
2011-01-12,29.98,30.08,28.01,29.86,1905500,29.8
2011-01-11,30.70,31.43,29.87,30.00,1879300,30.0
2011-01-10,31.08,31.66,29.88,30.60,1842600,30.6
2011-01-07,30.55,31.47,30.50,31.00,1750900,31.0
2011-01-06,31.30,32.24,30.37,30.49,3082300,30.4
2011-01-05,32.94,33.44,31.80,31.80,2207900,31.8
2011-01-04,32.39,33.60,32.39,32.88,2829200,32.8
