Date,Open,High,Low,Close,Volume,Adj Clos
2005-12-30,2.25,2.25,2.20,2.23,640400,2.2
2005-12-29,2.21,2.25,2.21,2.24,1272400,2.2
2005-12-28,2.23,2.24,2.20,2.22,463100,2.2
2005-12-27,2.23,2.23,2.19,2.23,653900,2.2
2005-12-26,2.24,2.26,2.21,2.23,999300,2.2
2005-12-23,2.21,2.26,2.20,2.24,1674100,2.2
2005-12-22,2.17,2.23,2.16,2.22,3224000,2.2
2005-12-21,2.16,2.19,2.16,2.16,597200,2.1
2005-12-20,2.19,2.19,2.14,2.18,582800,2.1
2005-12-19,2.17,2.19,2.14,2.18,687300,2.1
2005-12-16,2.16,2.17,2.13,2.17,385900,2.1
2005-12-15,2.17,2.19,2.15,2.16,573900,2.1
2005-12-14,2.16,2.18,2.13,2.17,675100,2.1
2005-12-13,2.18,2.18,2.11,2.16,444000,2.1
2005-12-12,2.14,2.19,2.12,2.18,1016500,2.1
2005-12-09,2.10,2.14,2.10,2.14,565900,2.1
2005-12-08,2.11,2.11,2.08,2.11,267800,2.1
2005-12-07,2.08,2.11,2.08,2.11,401200,2.1
2005-12-06,2.08,2.10,2.07,2.09,260100,2.0
2005-12-05,2.08,2.12,2.06,2.09,484500,2.0
2005-12-02,2.09,2.12,2.08,2.09,369700,2.0
2005-12-01,2.11,2.12,2.09,2.09,354000,2.0
2005-11-30,2.11,2.12,2.10,2.11,465600,2.1
2005-11-29,2.13,2.15,2.11,2.12,309500,2.1
2005-11-28,2.16,2.17,2.13,2.15,1113600,2.1
2005-11-25,2.16,2.16,2.14,2.16,437900,2.1
2005-11-24,2.16,2.17,2.13,2.16,587600,2.1
2005-11-23,2.14,2.17,2.14,2.17,513700,2.1
2005-11-22,2.19,2.20,2.13,2.16,695400,2.1
2005-11-21,2.18,2.22,2.16,2.19,916100,2.1
2005-11-18,2.11,2.20,2.11,2.19,1633300,2.1
2005-11-17,2.13,2.16,2.12,2.13,803000,2.1
2005-11-16,2.11,2.14,2.09,2.14,537800,2.1
2005-11-15,2.11,2.16,2.11,2.12,448200,2.1
2005-11-14,2.11,2.13,2.08,2.13,441300,2.1
2005-11-11,2.09,2.12,2.05,2.11,839800,2.1
2005-11-10,2.19,2.19,2.08,2.10,791500,2.1
2005-11-09,2.21,2.21,2.18,2.19,482700,2.1
2005-11-08,2.18,2.23,2.16,2.21,847800,2.2
2005-11-07,2.17,2.20,2.15,2.19,343100,2.1
2005-11-04,2.16,2.19,2.14,2.18,557500,2.1
2005-11-03,2.16,2.21,2.14,2.17,1090000,2.1
2005-11-02,2.09,2.17,2.09,2.15,1077800,2.1
2005-11-01,2.12,2.13,2.06,2.09,469100,2.0
2005-10-31,2.07,2.14,2.07,2.12,472300,2.1
2005-10-28,2.12,2.14,2.07,2.09,973800,2.0
2005-10-27,2.17,2.20,2.10,2.12,956000,2.1
2005-10-26,2.30,2.30,2.12,2.18,1045000,2.1
2005-10-25,2.32,2.35,2.29,2.29,731800,2.2
2005-10-24,2.35,2.35,2.31,2.32,675900,2.3
2005-10-21,2.34,2.38,2.31,2.36,963500,2.3
2005-10-20,2.35,2.35,2.30,2.33,581000,2.3
2005-10-19,2.39,2.39,2.31,2.35,1874000,2.3
2005-10-18,2.34,2.40,2.33,2.39,776500,2.3
2005-10-17,2.38,2.38,2.33,2.35,766700,2.3
2005-10-14,2.47,2.47,2.38,2.39,798200,2.3
2005-10-13,2.47,2.51,2.43,2.47,964300,2.4
2005-10-12,2.45,2.51,2.44,2.48,794100,2.4
2005-10-11,2.39,2.48,2.35,2.48,1007700,2.4
2005-10-10,2.44,2.46,2.36,2.39,670800,2.3
2005-10-07,2.44,2.44,2.44,2.44,000,2.4
2005-10-06,2.44,2.44,2.44,2.44,000,2.4
2005-10-05,2.44,2.44,2.44,2.44,000,2.4
2005-10-04,2.44,2.44,2.44,2.44,000,2.4
2005-10-03,2.44,2.44,2.44,2.44,000,2.4
2005-09-30,2.45,2.48,2.41,2.44,1028900,2.4
2005-09-29,2.38,2.51,2.37,2.45,1655100,2.4
2005-09-28,2.60,2.60,2.34,2.42,3201800,2.4
2005-09-27,2.72,2.73,2.59,2.60,2468800,2.6
2005-09-26,2.68,2.73,2.62,2.70,5061400,2.7
2005-09-23,2.56,2.70,2.55,2.68,11520500,2.6
2005-09-22,2.65,2.65,2.44,2.51,4331300,2.5
2005-09-21,2.57,2.68,2.51,2.63,5291200,2.6
2005-09-20,2.59,2.61,2.52,2.53,1772700,2.5
2005-09-19,2.61,2.64,2.55,2.59,2865000,2.5
2005-09-16,2.61,2.61,2.51,2.58,2849800,2.5
2005-09-15,2.52,2.59,2.49,2.56,3923300,2.5
2005-09-14,2.50,2.51,2.46,2.50,1963600,2.5
2005-09-13,2.45,2.50,2.42,2.49,1533300,2.4
2005-09-12,2.42,2.47,2.40,2.44,895800,2.4
2005-09-09,2.44,2.45,2.40,2.40,1174300,2.4
2005-09-08,2.47,2.49,2.42,2.45,1501900,2.4
2005-09-07,2.42,2.48,2.38,2.47,1982100,2.4
2005-09-06,2.49,2.51,2.40,2.43,2707600,2.4
2005-09-05,2.46,2.51,2.45,2.49,2799900,2.4
2005-09-02,2.55,2.63,2.46,2.50,10586000,2.5
2005-09-01,2.42,2.56,2.38,2.55,6033500,2.5
2005-08-31,2.33,2.45,2.27,2.44,6006900,2.4
2005-08-30,2.30,2.35,2.30,2.33,987000,2.3
2005-08-29,2.35,2.36,2.27,2.31,1233900,2.3
2005-08-26,2.26,2.40,2.24,2.35,3495100,2.3
2005-08-25,2.24,2.26,2.21,2.25,837000,2.2
2005-08-24,2.20,2.25,2.20,2.23,713400,2.2
2005-08-23,2.27,2.27,2.20,2.22,681700,2.2
2005-08-22,2.24,2.28,2.21,2.27,772600,2.2
2005-08-19,2.23,2.27,2.21,2.24,932300,2.2
2005-08-18,2.29,2.37,2.24,2.25,2245900,2.2
2005-08-17,2.27,2.31,2.21,2.31,1592100,2.3
2005-08-16,2.34,2.34,2.25,2.30,1517100,2.3
2005-08-15,2.27,2.34,2.26,2.33,1643600,2.3
2005-08-12,2.45,2.45,2.28,2.31,3209300,2.3
2005-08-11,2.41,2.42,2.35,2.41,7455100,2.4
2005-08-10,2.25,2.35,2.21,2.35,3615300,2.3
2005-08-09,2.19,2.26,2.16,2.24,1794100,2.2
2005-08-08,2.17,2.22,2.14,2.19,2001800,2.1
2005-08-05,2.10,2.16,2.10,2.16,1105200,2.1
2005-08-04,2.16,2.16,2.09,2.10,1208700,2.1
2005-08-03,2.14,2.20,2.12,2.16,2205600,2.1
2005-08-02,2.09,2.14,2.07,2.14,1134000,2.1
2005-08-01,2.08,2.10,2.06,2.09,758200,2.0
2005-07-29,2.09,2.12,2.04,2.06,1095400,2.0
2005-07-28,2.13,2.20,2.09,2.10,1920200,2.1
2005-07-27,2.13,2.13,2.07,2.12,1183800,2.1
2005-07-26,2.06,2.11,2.05,2.11,1891900,2.1
2005-07-25,1.99,2.14,1.98,2.09,2214000,2.0
2005-07-22,1.98,2.02,1.96,2.00,932600,2.0
2005-07-21,1.97,1.99,1.94,1.96,330100,1.9
2005-07-20,1.95,1.98,1.94,1.97,310100,1.9
2005-07-19,1.92,1.97,1.92,1.94,310000,1.9
2005-07-18,2.01,2.03,1.92,1.95,406000,1.9
2005-07-15,1.98,2.03,1.98,1.99,576500,1.9
2005-07-14,2.00,2.03,1.99,1.99,548400,1.9
2005-07-13,2.06,2.06,2.00,2.02,799400,2.0
2005-07-12,1.99,2.08,1.94,2.08,1866000,2.0
2005-07-11,1.93,1.98,1.92,1.95,487200,1.9
2005-07-08,2.01,2.01,1.91,1.93,365100,1.9
2005-07-07,1.95,2.00,1.95,2.00,531400,2.0
2005-07-06,1.94,1.98,1.92,1.94,327900,1.9
2005-07-05,1.91,1.98,1.90,1.93,703800,1.9
2005-07-04,2.00,2.00,1.88,1.93,863100,1.9
2005-07-01,2.17,2.17,2.02,2.03,1221100,2.0
2005-06-30,2.25,2.25,2.17,2.18,635500,2.1
2005-06-29,2.25,2.27,2.25,2.25,321200,2.2
2005-06-28,2.30,2.31,2.25,2.27,552200,2.2
2005-06-27,2.30,2.35,2.29,2.33,1041400,2.3
2005-06-24,2.28,2.28,2.25,2.28,380800,2.2
2005-06-23,2.26,2.31,2.26,2.30,620100,2.3
2005-06-22,2.27,2.31,2.25,2.29,317500,2.2
2005-06-21,2.33,2.35,2.28,2.28,504500,2.2
2005-06-20,2.29,2.33,2.25,2.33,769200,2.3
2005-06-17,2.27,2.29,2.25,2.28,369900,2.2
2005-06-16,2.25,2.30,2.23,2.27,425600,2.2
2005-06-15,2.33,2.35,2.26,2.26,610800,2.2
2005-06-14,2.38,2.40,2.35,2.36,679000,2.3
2005-06-13,2.35,2.38,2.31,2.37,597400,2.3
2005-06-10,2.44,2.44,2.35,2.37,1022000,2.3
2005-06-09,2.42,2.49,2.37,2.44,2523800,2.4
2005-06-08,2.24,2.43,2.24,2.40,1833000,2.4
2005-06-07,2.28,2.31,2.25,2.25,554300,2.2
2005-06-06,2.23,2.28,2.21,2.27,472100,2.2
2005-06-03,2.27,2.27,2.22,2.24,350600,2.2
2005-06-02,2.27,2.28,2.24,2.27,264800,2.2
2005-06-01,2.32,2.33,2.27,2.28,239300,2.2
2005-05-31,2.32,2.36,2.30,2.32,485400,2.3
2005-05-30,2.27,2.34,2.25,2.30,379400,2.3
2005-05-27,2.27,2.31,2.25,2.29,259200,2.2
2005-05-26,2.30,2.32,2.27,2.28,302300,2.2
2005-05-25,2.33,2.36,2.27,2.29,546000,2.2
2005-05-24,2.25,2.33,2.25,2.33,548500,2.3
2005-05-23,2.33,2.33,2.20,2.24,505300,2.2
2005-05-20,2.37,2.37,2.37,2.37,000,2.3
2005-05-19,2.35,2.38,2.33,2.37,599100,2.3
2005-05-18,2.30,2.38,2.29,2.37,759500,2.3
2005-05-17,2.26,2.32,2.24,2.30,710900,2.3
2005-05-16,2.28,2.28,2.20,2.26,365000,2.2
2005-05-13,2.30,2.33,2.28,2.31,496100,2.3
2005-05-12,2.28,2.31,2.25,2.30,468500,2.3
2005-05-11,2.30,2.33,2.27,2.28,433800,2.2
2005-05-10,2.30,2.34,2.17,2.30,709600,2.3
2005-05-09,2.47,2.56,2.29,2.33,619100,2.3
2005-05-06,2.47,2.47,2.47,2.47,000,2.4
2005-05-05,2.47,2.47,2.47,2.47,000,2.4
2005-05-04,2.47,2.47,2.47,2.47,000,2.4
2005-05-03,2.47,2.47,2.47,2.47,000,2.4
2005-05-02,2.47,2.47,2.47,2.47,000,2.4
2005-04-29,2.45,2.55,2.45,2.47,1242700,2.4
2005-04-28,2.38,2.45,2.35,2.43,925500,2.4
2005-04-27,2.50,2.50,2.25,2.38,687800,2.3
2005-04-26,2.43,2.50,2.37,2.48,690500,2.4
2005-04-25,2.63,2.63,2.37,2.43,1316800,2.4
2005-04-22,2.68,2.68,2.61,2.63,683200,2.6
2005-04-21,2.75,2.75,2.68,2.68,942200,2.6
2005-04-20,2.87,2.87,2.76,2.77,521600,2.7
2005-04-19,2.90,2.90,2.81,2.85,284600,2.8
2005-04-18,2.84,2.87,2.80,2.80,658400,2.8
2005-04-15,2.90,2.90,2.80,2.84,485600,2.8
2005-04-14,2.98,2.98,2.85,2.87,1065600,2.8
2005-04-13,3.00,3.08,2.92,2.98,2486200,2.9
2005-04-12,2.99,3.02,2.96,2.99,1188500,2.9
2005-04-11,2.99,3.14,2.96,2.98,1936800,2.9
2005-04-08,2.97,3.02,2.92,3.00,1298800,3.0
2005-04-07,2.86,2.98,2.84,2.97,1538100,2.9
2005-04-06,2.80,2.95,2.77,2.87,753500,2.8
2005-04-05,2.80,2.83,2.77,2.80,258000,2.8
2005-04-04,2.85,2.85,2.73,2.80,626400,2.8
2005-04-01,2.77,2.93,2.77,2.89,805100,2.8
2005-03-31,2.80,2.85,2.60,2.81,714700,2.8
2005-03-30,2.96,2.98,2.81,2.82,1330900,2.8
2005-03-29,3.01,3.01,3.01,3.01,000,3.0
2005-03-28,2.99,3.03,2.94,3.01,1797000,3.0
2005-03-25,2.89,3.05,2.85,3.00,2365100,3.0
2005-03-24,2.82,2.89,2.80,2.89,583300,2.8
2005-03-23,2.80,2.90,2.76,2.83,837200,2.8
2005-03-22,2.79,2.89,2.75,2.86,1026100,2.8
2005-03-21,2.80,2.82,2.75,2.81,488800,2.8
2005-03-18,2.83,2.85,2.79,2.80,369500,2.8
2005-03-17,2.82,2.88,2.80,2.83,400900,2.8
2005-03-16,2.89,2.91,2.82,2.85,478300,2.8
2005-03-15,2.88,2.94,2.88,2.90,467000,2.9
2005-03-14,2.94,2.96,2.88,2.91,622400,2.9
2005-03-11,2.97,3.00,2.94,2.96,530400,2.9
2005-03-10,3.05,3.05,2.95,2.96,744300,2.9
2005-03-09,3.08,3.09,3.03,3.05,794300,3.0
2005-03-08,3.07,3.09,3.03,3.08,748100,3.0
2005-03-07,3.02,3.10,3.01,3.07,844500,3.0
2005-03-04,3.05,3.08,3.00,3.03,613800,3.0
2005-03-03,3.08,3.08,2.99,3.05,867300,3.0
2005-03-02,3.12,3.15,3.06,3.08,4064500,3.0
2005-03-01,3.00,3.07,2.96,3.06,1494900,3.0
2005-02-28,2.99,2.99,2.95,2.96,490700,2.9
2005-02-25,3.00,3.03,2.98,2.99,865500,2.9
2005-02-24,3.01,3.02,2.97,2.99,542500,2.9
2005-02-23,2.97,3.03,2.95,3.00,1207100,3.0
2005-02-22,2.93,2.99,2.91,2.97,798700,2.9
2005-02-21,2.89,2.94,2.89,2.92,520900,2.9
2005-02-18,2.91,2.95,2.88,2.89,327200,2.8
2005-02-17,2.90,2.94,2.88,2.91,363500,2.9
2005-02-16,2.85,2.95,2.83,2.90,650800,2.9
2005-02-15,2.83,2.83,2.83,2.83,000,2.8
2005-02-14,2.83,2.83,2.83,2.83,000,2.8
2005-02-11,2.83,2.83,2.83,2.83,000,2.8
2005-02-10,2.83,2.83,2.83,2.83,000,2.8
2005-02-09,2.83,2.83,2.83,2.83,000,2.8
2005-02-08,2.83,2.83,2.83,2.83,000,2.8
2005-02-07,2.83,2.83,2.83,2.83,000,2.8
2005-02-04,2.77,2.85,2.76,2.83,397500,2.8
2005-02-03,2.83,2.86,2.78,2.78,532900,2.7
2005-02-02,2.72,2.86,2.72,2.84,547900,2.8
2005-02-01,2.76,2.79,2.72,2.72,471100,2.7
2005-01-31,2.80,2.84,2.77,2.78,396700,2.7
2005-01-28,2.88,2.91,2.79,2.82,548500,2.8
2005-01-27,2.95,2.99,2.88,2.89,611200,2.8
2005-01-26,2.95,3.04,2.95,2.97,1361200,2.9
2005-01-25,3.00,3.01,2.90,2.95,980800,2.9
2005-01-24,3.01,3.09,2.95,2.98,801400,2.9
2005-01-21,2.86,2.99,2.82,2.98,759200,2.9
2005-01-20,2.83,2.86,2.81,2.85,231500,2.8
2005-01-19,2.90,2.90,2.83,2.85,244700,2.8
2005-01-18,2.82,2.89,2.79,2.86,261200,2.8
2005-01-17,2.88,2.88,2.80,2.82,307300,2.8
2005-01-14,2.90,2.95,2.89,2.90,234500,2.9
2005-01-13,2.98,2.98,2.91,2.93,371400,2.9
2005-01-12,2.93,2.97,2.92,2.97,393900,2.9
2005-01-11,2.93,2.95,2.89,2.93,213300,2.9
2005-01-10,2.85,2.94,2.85,2.93,220200,2.9
2005-01-07,2.84,2.91,2.84,2.88,354100,2.8
2005-01-06,2.81,2.83,2.80,2.83,167500,2.8
2005-01-05,2.78,2.89,2.78,2.83,192400,2.8
2005-01-04,2.80,2.84,2.78,2.79,173200,2.7
2005-01-03,2.82,2.82,2.82,2.82,000,2.8
