Date,Open,High,Low,Close,Volume,Adj Clos
2007-12-28,16.20,16.55,16.00,16.11,5509300,15.8
2007-12-27,16.01,16.38,15.90,16.08,4470100,15.8
2007-12-26,15.85,16.06,15.60,15.94,5816200,15.6
2007-12-25,16.29,16.29,15.72,15.76,5201500,15.5
2007-12-24,15.81,16.48,15.68,16.27,7279900,16.0
2007-12-21,15.67,16.02,15.55,15.85,3853800,15.5
2007-12-20,15.99,16.05,15.65,15.85,3919400,15.5
2007-12-19,15.10,15.82,14.82,15.82,7177600,15.5
2007-12-18,15.38,15.57,14.73,14.96,2857000,14.7
2007-12-17,15.20,15.72,15.05,15.26,5378400,15.0
2007-12-14,14.56,15.30,14.21,15.20,4892200,14.9
2007-12-13,15.15,15.32,14.50,14.60,4432900,14.3
2007-12-12,15.40,15.57,15.06,15.10,4347000,14.8
2007-12-11,15.35,15.57,15.00,15.51,5238600,15.2
2007-12-10,14.78,15.60,14.70,15.31,5722200,15.0
2007-12-07,15.00,15.39,14.71,15.13,4885200,14.8
2007-12-06,14.90,15.20,14.65,15.02,4696800,14.7
2007-12-05,14.80,15.09,14.50,14.87,4267700,14.6
2007-12-04,14.50,15.43,14.25,14.92,8384800,14.6
2007-12-03,14.20,15.08,13.98,14.70,14751000,14.4
2007-11-30,13.15,13.80,13.15,13.71,7422000,13.4
2007-11-29,13.50,13.50,12.85,13.15,4644800,12.9
2007-11-28,13.68,14.06,13.01,13.30,4505000,13.0
2007-11-27,12.95,13.23,12.90,13.21,2518100,12.9
2007-11-26,12.61,13.22,12.61,12.91,3177200,12.7
2007-11-23,12.28,12.53,12.25,12.45,1183900,12.2
2007-11-22,12.99,12.99,12.25,12.30,1921300,12.1
2007-11-21,13.56,13.78,13.08,13.15,1768400,12.9
2007-11-20,13.30,13.59,13.20,13.55,1368000,13.3
2007-11-19,13.30,13.47,13.11,13.40,1399700,13.1
2007-11-16,12.80,13.50,12.75,13.25,2200700,13.0
2007-11-14,13.18,13.27,12.85,13.01,3511300,12.8
2007-11-13,12.85,13.18,12.70,12.94,1500600,12.7
2007-11-12,12.78,12.86,12.38,12.70,946200,12.4
2007-11-09,12.61,12.99,12.50,12.79,1159700,12.5
2007-11-08,12.92,13.32,12.66,12.70,2965500,12.4
2007-11-07,13.01,13.15,12.77,13.00,1117100,12.7
2007-11-06,12.76,13.13,12.75,12.89,1421800,12.6
2007-11-05,12.61,12.90,12.40,12.65,2764300,12.4
2007-11-02,13.35,13.38,12.55,12.81,2560800,12.6
2007-11-01,13.90,13.90,13.38,13.51,2367100,13.2
2007-10-31,13.51,14.05,13.38,14.00,5287900,13.7
2007-10-30,13.80,14.09,13.00,13.39,2474600,13.1
2007-10-29,14.42,14.48,13.50,13.57,2448700,13.3
2007-10-26,13.18,14.42,13.12,14.42,3881200,14.1
2007-10-25,14.05,14.10,13.02,13.11,3215600,12.8
2007-10-24,14.51,14.80,14.38,14.38,1394100,14.1
2007-10-23,14.84,15.00,14.19,14.53,1641500,14.2
2007-10-22,15.80,15.81,14.80,14.88,2892500,14.6
2007-10-19,15.80,16.25,15.51,15.98,2203100,15.7
2007-10-18,15.90,16.13,15.60,15.71,2694800,15.4
2007-10-17,16.20,16.38,15.80,15.93,3912600,15.6
2007-10-11,16.67,16.78,16.10,16.10,5230700,15.8
2007-10-10,17.50,17.55,16.52,16.60,5123700,16.3
2007-10-09,16.37,17.33,16.36,17.20,6104000,16.9
2007-10-08,16.30,16.71,16.03,16.23,2939200,15.9
2007-09-28,16.44,17.00,16.10,16.21,5143700,15.9
2007-09-27,15.96,16.39,15.90,16.36,2138100,16.0
2007-09-26,15.92,16.44,15.75,16.19,3350100,15.9
2007-09-25,16.10,16.15,15.56,15.70,2245600,15.4
2007-09-24,16.01,16.68,15.61,16.15,2945600,15.8
2007-09-21,16.53,16.85,15.70,16.16,3955700,15.8
2007-09-20,16.88,16.97,16.32,16.74,3366500,16.4
2007-09-19,17.10,17.30,16.51,16.88,4163100,16.6
2007-09-18,16.29,17.30,16.02,17.08,8131400,16.8
2007-09-17,16.23,16.98,16.01,16.31,7563400,16.0
2007-09-14,15.01,16.60,14.70,16.48,7373500,16.2
2007-09-13,14.50,15.20,14.37,15.20,3260700,14.9
2007-09-12,14.53,15.18,14.05,14.43,3451100,14.1
2007-09-11,16.21,16.33,14.80,14.80,4640400,14.5
2007-09-10,15.40,16.28,15.37,16.21,5216300,15.9
2007-09-07,15.40,15.89,15.12,15.45,2871100,15.2
2007-09-06,15.30,15.60,15.30,15.38,2530100,15.1
2007-09-05,15.55,15.79,15.13,15.45,3239100,15.2
2007-09-04,16.03,16.03,15.50,15.55,4162000,15.2
2007-09-03,15.65,16.29,15.40,16.00,8399700,15.7
2007-08-31,14.80,15.35,14.60,15.10,7261400,14.8
2007-08-30,13.88,14.41,13.88,14.40,2615600,14.1
2007-08-29,14.12,14.37,13.78,13.93,3813700,13.7
2007-08-28,14.39,14.90,14.10,14.50,3301700,14.2
2007-08-27,14.90,14.95,13.90,14.52,4178900,14.2
2007-08-24,14.40,14.96,14.40,14.57,4266300,14.3
2007-08-23,14.39,14.96,14.36,14.40,4773100,14.1
2007-08-22,13.60,14.68,13.52,14.37,7110800,14.1
2007-08-21,13.90,14.00,13.58,13.68,3167800,13.4
2007-08-20,13.84,13.98,13.60,13.88,3287800,13.6
2007-08-17,13.40,13.74,13.30,13.50,2963000,13.2
2007-08-16,13.20,13.40,13.00,13.40,3108600,13.1
2007-08-15,13.61,13.68,13.01,13.19,1832300,12.9
2007-08-14,13.01,13.51,12.99,13.47,2218100,13.2
2007-08-10,13.37,13.37,12.81,13.11,2874700,12.8
2007-08-09,13.34,13.80,13.34,13.41,2220000,13.1
2007-08-08,13.50,13.50,13.06,13.34,2562000,13.1
2007-08-07,13.74,13.86,13.05,13.33,3991300,13.1
2007-08-06,13.41,13.99,13.41,13.73,3225700,13.5
2007-08-03,13.60,13.69,13.10,13.36,4417300,13.1
2007-08-02,13.17,13.67,13.00,13.46,2204400,13.2
2007-08-01,14.07,14.25,13.10,13.11,3373600,12.8
2007-07-31,14.08,14.29,13.70,14.02,3275400,13.7
2007-07-27,13.40,14.20,13.28,14.03,8286000,13.8
2007-07-26,12.98,13.38,12.88,13.28,5063900,13.0
2007-07-25,12.65,12.98,12.61,12.98,2731200,12.7
2007-07-24,12.95,12.99,12.65,12.72,6966200,12.5
2007-07-23,12.48,12.90,12.30,12.83,6247200,12.6
2007-07-20,12.15,12.50,12.13,12.21,2604200,12.0
2007-07-19,11.98,12.18,11.90,12.10,2612600,11.9
2007-07-18,11.79,12.10,11.70,12.01,1252200,11.8
2007-07-17,11.70,11.94,11.60,11.80,660400,11.6
2007-07-13,11.85,12.05,11.56,12.01,1007600,11.8
2007-07-12,12.01,12.05,11.81,11.85,1027100,11.6
2007-07-11,12.21,12.39,11.69,11.90,1962700,11.7
2007-07-10,12.51,12.98,12.10,12.20,951300,12.0
2007-07-09,12.65,13.15,12.65,12.85,1812300,12.6
2007-07-06,12.05,12.73,11.81,12.65,1008700,12.4
2007-07-05,12.70,12.70,12.00,12.07,1149000,11.8
2007-07-04,13.00,13.39,12.70,12.74,1557300,12.5
2007-07-03,12.28,12.98,12.26,12.85,1401300,12.6
2007-07-02,11.80,12.28,11.48,12.28,1083300,12.0
2007-06-29,12.20,12.37,11.62,11.90,1743300,11.7
2007-06-28,13.39,13.54,12.38,12.39,2113000,12.1
2007-06-27,13.17,13.70,13.16,13.43,2631900,13.2
2007-06-26,12.30,13.00,12.00,13.00,2282700,12.7
2007-06-25,13.61,13.68,12.58,12.60,3510100,12.3
2007-06-22,14.28,14.40,13.20,13.51,2499000,13.2
2007-06-21,14.52,14.80,14.15,14.33,2200700,14.0
2007-06-20,15.36,15.63,14.31,14.52,2627200,14.2
2007-06-19,14.97,15.50,14.81,15.32,3134300,15.0
2007-06-18,14.98,15.50,14.96,15.05,3464000,14.8
2007-06-15,14.18,15.20,13.98,14.76,3987200,14.5
2007-06-14,14.45,14.85,14.20,14.20,2883900,13.9
2007-06-13,14.40,14.90,14.20,14.60,5247300,14.3
2007-06-12,14.05,14.35,13.39,14.18,3781900,13.9
2007-06-11,14.00,14.20,13.80,13.98,3773900,13.7
2007-06-08,13.20,14.30,13.13,14.00,7659300,13.7
2007-06-07,12.02,13.15,11.90,13.15,6146600,12.9
2007-06-06,11.60,12.22,11.58,11.95,2410300,11.7
2007-06-05,11.80,11.98,10.52,11.56,4025800,11.3
2007-06-04,12.71,12.89,11.60,11.60,6535900,11.4
2007-05-31,16.00,17.10,15.02,16.73,5600700,16.3
2007-05-30,16.00,17.29,15.80,16.00,5371600,15.6
2007-05-29,17.65,17.85,17.00,17.50,5164300,17.1
2007-05-28,16.48,17.30,16.44,16.85,4917300,16.4
2007-05-25,16.10,16.45,15.96,16.43,3281000,16.0
2007-05-24,16.75,16.78,15.80,16.21,4280300,15.8
2007-05-23,16.43,16.88,16.22,16.81,5938100,16.4
2007-05-22,15.50,16.58,15.50,16.40,8357300,16.0
2007-05-21,14.71,15.54,14.70,15.38,4923600,15.0
2007-05-18,15.14,15.67,15.00,15.26,4632300,14.9
2007-05-17,14.62,15.41,14.55,15.18,6349300,14.8
2007-05-16,14.20,14.55,13.88,14.52,3132300,14.2
2007-05-15,14.68,14.75,13.90,13.92,3317100,13.6
2007-05-14,14.35,14.75,14.30,14.56,3596100,14.2
2007-05-11,15.00,15.00,14.31,14.65,3428300,14.3
2007-05-10,14.76,15.19,14.50,15.00,4629900,14.6
2007-05-09,15.35,15.40,14.45,14.77,4739900,14.4
2007-05-08,15.00,15.38,14.69,15.28,5127500,14.9
2007-04-30,14.49,14.85,14.35,14.63,3219300,14.3
2007-04-27,15.02,15.09,14.50,14.58,3425800,14.2
2007-04-26,14.89,15.10,14.62,15.00,3087600,14.6
2007-04-24,15.61,15.80,15.00,15.21,4886400,14.8
2007-04-23,14.84,15.60,14.69,15.58,5256600,15.2
2007-04-20,14.35,14.88,14.30,14.69,4850200,14.3
2007-04-19,14.90,14.98,13.50,14.10,5061800,13.7
2007-04-18,14.31,15.26,14.31,14.99,6420100,14.6
2007-04-17,14.55,14.79,13.90,14.26,4433600,13.9
2007-04-13,14.20,14.80,14.10,14.14,4470000,13.8
2007-04-12,14.16,14.39,13.97,14.32,3731100,14.0
2007-04-11,14.20,14.45,13.91,14.15,5117600,13.8
2007-04-10,14.45,14.45,13.81,14.22,2923700,13.9
2007-04-09,14.65,14.65,14.18,14.50,3935000,14.1
2007-04-06,13.85,14.64,13.80,14.44,5413800,14.1
2007-04-05,13.68,14.06,13.52,14.00,4672900,13.6
2007-04-04,13.56,13.70,13.35,13.65,3165500,13.3
2007-04-03,13.71,13.71,13.40,13.55,3895900,13.2
2007-04-02,13.71,13.82,13.41,13.70,2739500,13.3
2007-03-30,13.15,13.97,13.00,13.58,4785000,13.2
2007-03-29,13.65,13.65,13.10,13.10,2788300,12.8
2007-03-28,13.50,13.65,12.90,13.45,4118600,13.1
2007-03-27,13.90,14.10,13.30,13.55,3476200,13.2
2007-03-26,13.61,14.20,13.50,13.91,4352400,13.6
2007-03-23,13.30,13.68,12.95,13.51,4966400,13.2
2007-03-22,13.51,13.58,13.02,13.26,6396700,12.9
2007-03-21,13.35,13.35,12.81,13.35,7361000,13.0
2007-03-20,11.52,12.23,11.31,12.14,3465700,11.8
2007-03-19,11.20,11.78,11.02,11.50,1899600,11.2
2007-03-16,11.77,11.85,11.37,11.41,2012300,11.1
2007-03-15,11.70,11.90,11.61,11.76,1758600,11.5
2007-03-14,11.91,11.95,11.52,11.80,3458300,11.5
2007-03-13,12.20,12.50,11.92,12.05,3056000,11.7
2007-03-12,12.26,12.34,11.95,12.23,1650800,11.9
2007-03-09,12.08,12.38,11.70,12.28,4913600,12.0
2007-03-08,12.22,12.25,11.87,12.09,2017200,11.8
2007-03-07,11.71,12.30,11.60,12.10,2441900,11.8
2007-03-06,11.60,12.08,11.40,11.78,2013700,11.5
2007-03-05,12.30,12.46,11.25,11.70,4360500,11.4
2007-03-02,10.88,11.87,10.80,11.87,6305500,11.6
2007-03-01,10.78,11.15,10.40,10.79,4832400,10.5
2007-02-28,9.80,10.74,9.78,10.59,3514600,10.3
2007-02-27,11.11,11.24,9.87,9.87,4743700,9.6
2007-02-26,10.47,10.98,10.21,10.97,3131500,10.7
2007-02-16,10.14,10.50,10.07,10.35,2676300,10.1
2007-02-15,9.92,10.18,9.90,10.05,3022700,9.8
2007-02-14,9.78,9.90,9.62,9.81,3706000,9.5
2007-02-13,9.78,9.86,9.62,9.78,2277300,9.5
2007-02-12,9.75,9.85,9.65,9.78,2079900,9.5
2007-02-09,9.58,9.87,9.47,9.75,3630100,9.5
2007-02-08,9.55,9.70,9.36,9.48,3303700,9.2
2007-02-07,9.33,9.70,9.22,9.61,4658500,9.4
2007-02-06,9.05,9.25,8.98,9.23,3005500,9.0
2007-02-05,8.80,9.09,8.75,8.98,1960100,8.7
2007-02-02,8.80,8.94,8.62,8.79,3136900,8.5
2007-02-01,8.59,8.85,8.40,8.77,2507600,8.5
2007-01-31,8.92,9.26,8.72,8.72,5027600,8.5
2007-01-30,9.15,9.19,8.79,8.90,2813000,8.7
2007-01-29,8.91,9.09,8.75,9.09,3202100,8.8
2007-01-26,9.10,9.16,8.32,8.83,3198600,8.6
2007-01-25,9.35,9.51,9.10,9.15,3859800,8.9
2007-01-24,9.45,9.78,9.30,9.59,3191800,9.3
2007-01-23,9.85,9.85,9.21,9.50,3621300,9.2
2007-01-22,9.40,10.20,9.20,9.84,7512200,9.6
2007-01-19,8.69,9.52,8.68,9.36,10586800,9.1
2007-01-18,8.65,8.75,8.34,8.65,3434000,8.4
2007-01-17,8.87,9.04,8.50,8.60,4198600,8.4
2007-01-16,8.97,9.08,8.68,8.86,3534700,8.6
2007-01-15,8.28,8.88,8.15,8.88,3871800,8.6
2007-01-12,8.75,8.85,8.15,8.29,2958500,8.1
2007-01-11,8.61,9.00,8.61,8.74,5438400,8.5
2007-01-10,8.45,8.62,8.25,8.60,4294600,8.4
2007-01-09,8.25,8.74,8.25,8.50,4277400,8.3
2007-01-05,7.96,8.23,7.86,8.18,2624100,8.0
2007-01-04,8.56,8.56,7.86,7.95,7849200,7.7
