Date,Open,High,Low,Close,Volume,Adj Clos
2011-12-30,6.25,6.35,6.20,6.33,2534100,6.3
2011-12-29,6.03,6.63,6.01,6.25,5566200,6.2
2011-12-28,5.85,6.09,5.81,6.03,1662000,6.0
2011-12-27,6.20,6.20,5.92,5.95,1433200,5.9
2011-12-26,6.18,6.23,6.10,6.13,1217500,6.1
2011-12-23,6.07,6.25,6.00,6.20,2080900,6.2
2011-12-22,6.28,6.28,5.87,6.10,2575200,6.1
2011-12-21,6.58,6.63,6.36,6.36,1811500,6.3
2011-12-20,6.50,6.64,6.43,6.49,2133200,6.4
2011-12-19,6.50,6.58,6.33,6.56,1968300,6.5
2011-12-16,6.41,6.63,6.38,6.61,1470500,6.6
2011-12-15,6.74,6.74,6.40,6.40,2008000,6.4
2011-12-14,6.92,7.00,6.71,6.76,1289800,6.7
2011-12-13,7.26,7.26,6.85,6.91,2156400,6.9
2011-12-12,7.42,7.45,7.25,7.27,997000,7.2
2011-12-09,7.40,7.46,7.33,7.41,914100,7.4
2011-12-08,7.47,7.59,7.32,7.46,1545800,7.4
2011-12-07,7.47,7.60,7.42,7.47,1089300,7.4
2011-12-06,7.45,7.53,7.33,7.47,1448600,7.4
2011-12-05,7.79,7.79,7.45,7.48,2347100,7.4
2011-12-02,7.92,8.03,7.79,7.88,2277000,7.8
2011-12-01,8.18,8.25,7.99,8.00,3795500,8.0
2011-11-30,8.47,8.47,7.75,7.82,4559800,7.8
2011-11-29,8.48,8.55,8.35,8.52,4956900,8.5
2011-11-28,8.18,8.46,8.13,8.46,3857400,8.4
2011-11-25,8.18,8.28,8.02,8.15,2163200,8.1
2011-11-24,8.20,8.40,8.14,8.25,4254200,8.2
2011-11-23,8.13,8.35,8.08,8.33,3779100,8.3
2011-11-22,8.23,8.23,7.96,8.10,2432300,8.1
2011-11-21,8.13,8.32,8.07,8.28,2339100,8.2
2011-11-18,8.57,8.57,8.10,8.15,4416000,8.1
2011-11-17,8.68,8.83,8.61,8.66,3476000,8.6
2011-11-16,8.85,8.97,8.60,8.68,6048200,8.6
2011-11-14,8.70,8.84,8.60,8.79,4964700,8.7
2011-11-11,8.55,8.69,8.48,8.59,2368500,8.5
2011-11-10,8.63,8.84,8.54,8.55,5010500,8.5
2011-11-09,8.59,8.75,8.51,8.74,3275800,8.7
2011-11-08,8.74,8.80,8.53,8.56,3492300,8.5
2011-11-07,8.76,8.87,8.72,8.75,2546700,8.7
2011-11-04,8.86,8.93,8.70,8.81,4657700,8.8
2011-11-03,9.05,9.10,8.81,8.81,7836200,8.8
2011-11-02,8.50,9.03,8.44,8.98,6616600,8.9
2011-11-01,8.70,8.88,8.50,8.68,4319400,8.6
2011-10-31,8.72,8.95,8.66,8.83,6152600,8.8
2011-10-28,8.64,8.78,8.46,8.77,7430400,8.7
2011-10-27,8.22,8.46,8.22,8.35,3171100,8.3
2011-10-26,8.21,8.55,8.10,8.27,4288800,8.2
2011-10-25,7.95,8.32,7.85,8.25,4222200,8.2
2011-10-24,7.85,7.97,7.60,7.93,1949900,7.9
2011-10-21,7.82,8.05,7.80,7.83,1786700,7.8
2011-10-20,8.08,8.09,7.73,7.90,3690400,7.9
2011-10-19,8.12,8.49,7.90,8.18,3656700,8.1
2011-10-18,8.55,8.55,8.08,8.09,2937500,8.0
2011-10-17,8.63,8.70,8.50,8.54,2070500,8.5
2011-10-14,8.69,8.71,8.48,8.59,2783300,8.5
2011-10-13,8.61,8.80,8.49,8.75,5010400,8.7
2011-10-12,8.29,8.74,8.18,8.66,5521300,8.6
2011-10-11,8.24,8.52,8.00,8.18,3672700,8.1
2011-10-10,8.10,8.11,7.90,8.04,1423700,8.0
2011-09-30,8.25,8.40,7.90,8.04,3246000,8.0
2011-09-29,8.83,8.83,8.14,8.21,3574900,8.2
2011-09-28,9.23,9.31,8.83,8.85,3230600,8.8
2011-09-27,9.29,9.33,9.13,9.27,1652600,9.2
2011-09-26,9.20,9.37,9.13,9.17,2160200,9.1
2011-09-23,9.10,9.38,9.10,9.25,2328500,9.2
2011-09-22,9.60,9.62,9.30,9.31,3307600,9.3
2011-09-21,9.39,9.82,9.33,9.65,5320100,9.6
2011-09-20,9.22,9.41,9.06,9.33,3553800,9.3
2011-09-19,9.82,9.99,9.46,9.49,5978000,9.4
2011-09-16,9.42,9.48,9.37,9.43,1577200,9.4
2011-09-15,9.39,9.57,9.28,9.40,2307500,9.4
2011-09-14,9.28,9.32,9.06,9.32,1522200,9.3
2011-09-13,9.10,9.24,8.97,9.21,1498800,9.2
2011-09-09,9.44,9.56,9.20,9.29,1551600,9.2
2011-09-08,9.68,9.80,9.45,9.46,2431400,9.4
2011-09-07,9.32,9.62,9.31,9.57,2204200,9.5
2011-09-06,9.11,9.32,9.11,9.26,1468200,9.2
2011-09-05,9.50,9.50,9.22,9.23,2101800,9.2
2011-09-02,9.64,9.80,9.48,9.56,2131100,9.5
2011-09-01,9.72,9.92,9.60,9.67,2070300,9.6
2011-08-31,9.90,9.99,9.70,9.74,2589200,9.7
2011-08-30,10.20,10.23,9.92,9.92,3656400,9.9
2011-08-29,10.05,10.25,10.00,10.11,3852100,10.1
2011-08-26,10.01,10.23,9.97,10.12,4166500,10.1
2011-08-25,9.97,10.13,9.85,10.05,4727200,10.0
2011-08-24,9.99,10.10,9.75,9.80,3231600,9.8
2011-08-23,9.68,10.20,9.55,9.94,3815000,9.9
2011-08-22,9.75,9.89,9.61,9.68,3341400,9.6
2011-08-19,9.51,9.75,9.41,9.70,3699300,9.7
2011-08-18,10.20,10.33,9.85,9.86,7938000,9.8
2011-08-17,10.55,10.88,10.34,10.42,14009400,10.4
2011-08-16,9.96,10.29,9.86,10.27,9533100,10.2
2011-08-15,9.72,9.98,9.67,9.91,4679300,9.9
2011-08-12,9.68,9.97,9.65,9.79,6206400,9.7
2011-08-11,9.00,9.79,8.94,9.68,7699700,9.6
2011-08-10,9.56,9.62,9.37,9.39,5343000,9.3
2011-08-09,8.90,9.40,8.80,9.29,5780700,9.2
2011-08-08,9.78,9.86,9.06,9.26,7021700,9.2
2011-08-05,9.96,10.12,9.88,9.96,7558600,9.9
2011-08-04,10.25,10.49,10.19,10.32,4786500,10.3
2011-08-03,9.99,10.34,9.92,10.21,5874800,10.2
2011-08-02,10.40,10.41,9.80,10.13,7570200,10.1
2011-08-01,10.45,10.63,10.37,10.48,6070600,10.4
2011-07-29,10.86,10.92,10.30,10.39,9988600,10.3
2011-07-28,10.78,10.97,10.59,10.88,8543300,10.8
2011-07-27,10.70,11.08,10.64,10.96,13420400,10.9
2011-07-26,10.88,10.89,10.54,10.80,11888600,10.8
2011-07-25,11.78,11.95,11.02,11.02,21867800,11.0
2011-07-22,12.43,12.43,12.00,12.24,10300900,12.2
2011-07-21,12.52,12.60,12.15,12.40,13293900,12.4
2011-07-20,12.61,12.78,12.10,12.65,18481500,12.6
2011-07-19,12.72,13.06,12.35,12.58,30369000,12.5
2011-07-18,11.40,12.65,11.40,12.65,28592000,12.6
2011-07-15,11.21,11.98,11.21,11.50,22312200,11.5
2011-07-14,10.64,10.91,10.56,10.89,6035900,10.8
2011-07-13,10.50,10.65,10.50,10.63,3752000,10.6
2011-07-12,10.62,10.81,10.49,10.50,4617200,10.5
2011-07-11,10.66,10.78,10.56,10.70,3275100,10.7
2011-07-08,10.90,10.97,10.51,10.69,6478400,10.6
2011-07-07,11.01,11.28,10.90,10.98,7895900,10.9
2011-07-06,11.00,11.09,10.90,11.08,5566500,11.0
2011-07-05,10.95,11.09,10.82,11.05,6542800,11.0
2011-07-04,10.75,11.14,10.73,10.99,10308000,10.9
2011-07-01,10.80,10.84,10.67,10.77,5888600,10.7
2011-06-30,10.61,10.88,10.59,10.76,8426800,10.7
2011-06-29,10.74,11.01,10.57,10.61,8114600,10.6
2011-06-28,10.55,11.09,10.48,10.71,11223900,10.7
2011-06-27,10.54,11.10,10.35,10.70,14716700,10.7
2011-06-24,10.26,10.86,10.08,10.51,18866100,10.5
2011-06-23,10.80,10.80,10.21,10.53,25223700,10.5
2011-06-22,10.24,10.34,10.15,10.34,8646900,10.3
2011-06-21,9.03,9.43,9.02,9.40,3669800,9.4
2011-06-20,9.18,9.28,8.93,9.03,2151400,9.0
2011-06-17,9.50,9.54,9.13,9.17,1915700,9.1
2011-06-16,9.58,9.73,9.38,9.42,2612500,9.4
2011-06-15,9.90,10.10,9.79,9.82,2733900,9.8
2011-06-14,9.80,9.96,9.76,9.93,2305600,9.9
2011-06-13,9.70,9.80,9.57,9.77,1577800,9.7
2011-06-10,9.70,9.80,9.50,9.73,2593600,9.7
2011-06-09,10.09,10.17,9.70,9.72,4185500,9.7
2011-06-08,9.88,10.25,9.85,10.14,5485800,10.1
2011-06-07,9.70,10.04,9.63,9.94,5207600,9.9
2011-06-03,9.50,9.71,9.46,9.68,2911900,9.6
2011-06-02,9.52,9.72,9.32,9.48,3179700,9.4
2011-06-01,9.58,9.65,9.50,9.59,2550900,9.5
2011-05-31,9.39,9.59,9.29,9.56,2850000,9.5
2011-05-30,9.66,9.75,9.34,9.36,2384500,9.3
2011-05-27,10.00,10.08,9.63,9.64,4103200,9.6
2011-05-26,10.40,10.51,10.03,10.03,4455600,10.0
2011-05-25,10.16,10.90,10.02,10.45,7842900,10.4
2011-05-24,10.20,10.29,9.95,10.17,5157200,10.1
2011-05-23,10.60,10.84,10.31,10.32,3943000,10.3
2011-05-20,10.70,10.79,10.55,10.58,3055500,10.5
2011-05-19,10.91,11.05,10.78,10.80,3308700,10.8
2011-05-18,10.94,11.10,10.75,10.94,4043200,10.9
2011-05-17,10.75,10.90,10.51,10.90,4026600,10.9
2011-05-16,10.66,10.84,10.61,10.72,2743100,10.7
2011-05-13,10.60,10.79,10.45,10.66,3235300,10.6
2011-05-12,11.20,11.20,10.62,10.63,6857500,10.6
2011-05-11,11.28,11.55,11.23,11.27,4294700,11.2
2011-05-10,11.30,11.38,11.15,11.35,5091000,11.3
2011-05-09,11.00,11.75,11.00,11.39,10826000,11.3
2011-05-06,10.55,10.93,10.45,10.90,5759000,10.9
2011-05-05,10.43,10.76,10.28,10.69,5333800,10.6
2011-05-04,10.52,10.79,10.19,10.57,7509400,10.5
2011-05-03,10.46,10.59,10.35,10.56,4253600,10.5
2011-04-29,10.40,10.59,10.18,10.55,5242600,10.5
2011-04-28,11.23,11.38,10.35,10.41,8763800,10.4
2011-04-27,11.25,11.35,11.08,11.26,4813600,11.2
2011-04-26,11.13,11.32,11.10,11.21,4590000,11.2
2011-04-25,11.37,11.69,11.10,11.26,7840200,11.2
2011-04-22,11.50,11.50,11.30,11.37,6657900,11.3
2011-04-21,11.60,11.85,11.41,11.57,9166100,11.5
2011-04-20,11.73,12.04,11.70,11.78,16568600,11.7
2011-04-19,11.55,11.55,11.21,11.29,8978500,11.2
2011-04-18,11.75,11.76,11.40,11.57,12999700,11.5
2011-04-15,12.25,12.25,11.70,11.85,11318600,11.8
2011-04-14,12.68,12.81,12.33,12.34,16925300,12.3
2011-04-13,12.00,12.46,11.41,12.40,20603400,12.4
2011-04-11,12.20,12.56,12.10,12.38,12666600,12.3
2011-04-08,12.17,12.28,12.00,12.19,8612700,12.1
2011-04-07,12.20,12.37,12.11,12.25,7314200,12.2
2011-04-06,12.28,12.40,11.96,12.11,11023700,12.1
2011-04-01,12.49,12.69,12.28,12.49,8438800,12.4
2011-03-31,12.45,12.61,12.02,12.48,12175200,12.4
2011-03-30,12.95,13.38,12.39,12.45,19786800,12.4
2011-03-29,13.51,13.99,13.10,13.15,19268500,13.1
2011-03-28,13.95,14.68,13.60,13.74,30477200,13.7
2011-03-25,12.90,13.60,12.89,13.47,17947000,13.4
2011-03-24,12.93,13.14,12.72,12.95,10873700,12.9
2011-03-23,12.92,13.12,12.83,12.99,7495200,12.9
2011-03-22,13.13,13.20,12.60,12.86,10030900,12.8
2011-03-21,12.83,13.29,12.83,13.13,8017900,13.1
2011-03-18,13.09,13.12,12.80,12.90,6658900,12.9
2011-03-17,13.12,13.27,12.73,12.89,14099900,12.8
2011-03-16,13.18,13.44,13.07,13.32,11681800,13.3
2011-03-15,13.24,13.35,12.90,13.18,13797600,13.1
2011-03-14,13.70,13.82,13.13,13.24,18162500,13.2
2011-03-11,13.75,14.34,13.68,13.82,25753600,13.8
2011-03-10,13.83,14.40,13.62,13.93,32261900,13.9
2011-03-09,13.28,14.20,13.24,13.81,31717400,13.8
2011-03-08,13.22,13.35,13.10,13.24,11073200,13.2
2011-03-07,12.93,13.40,12.80,13.29,17022000,13.2
2011-03-04,12.64,12.95,12.63,12.91,10189300,12.9
2011-03-03,12.89,13.16,12.65,12.67,12996500,12.6
2011-03-02,13.35,13.35,12.74,12.97,18806200,12.9
2011-03-01,13.54,13.77,13.40,13.49,13805100,13.4
2011-02-28,13.13,13.74,13.13,13.56,18389400,13.5
2011-02-25,13.18,13.40,12.97,13.16,14021800,13.1
2011-02-24,13.11,13.60,12.89,13.40,20601000,13.4
2011-02-23,13.20,13.59,12.88,13.24,18822100,13.2
2011-02-22,14.24,14.24,13.01,13.13,36718900,13.1
2011-02-21,13.78,14.64,13.71,14.26,25103200,14.2
2011-02-18,14.15,14.65,13.71,13.93,31032500,13.9
2011-02-17,14.18,14.89,13.89,14.39,49925200,14.3
2011-02-16,14.28,14.58,14.05,14.36,51754200,14.3
2011-02-15,13.10,14.32,13.05,14.32,69995500,14.3
2011-02-14,13.45,13.45,12.71,13.02,39414600,13.0
2011-02-11,13.54,14.10,13.29,13.35,39884600,13.3
2011-02-10,13.30,14.29,13.10,13.78,56989400,13.7
2011-02-09,12.35,13.90,12.32,13.53,60495500,13.5
2011-02-01,12.95,13.18,12.25,12.64,44474300,12.6
2011-01-31,11.50,12.79,11.32,12.79,50942300,12.7
2011-01-28,10.95,12.16,10.90,11.63,41183000,11.6
2011-01-27,10.44,11.65,10.35,11.13,33935400,11.1
2011-01-26,10.05,10.74,9.95,10.64,25698300,10.6
2011-01-25,11.09,11.09,10.15,10.15,34276800,10.1
2011-01-24,11.39,11.65,10.93,11.28,43135600,11.2
2011-01-21,10.66,11.94,10.66,11.58,65916100,11.5
2011-01-20,10.75,11.45,10.50,10.85,59335600,10.8
2011-01-19,9.81,10.71,9.72,10.71,29802800,10.7
2011-01-18,9.78,10.00,9.60,9.74,11815100,9.7
2011-01-17,10.51,10.86,9.98,10.00,18343200,10.0
2011-01-14,10.41,10.90,10.24,10.70,24697000,10.7
2011-01-13,10.15,10.64,10.02,10.58,15699100,10.5
2011-01-12,10.06,10.27,9.92,10.10,6845700,10.1
2011-01-11,10.21,10.34,9.96,10.08,10339000,10.0
2011-01-10,10.29,10.78,10.15,10.43,22213500,10.4
2011-01-07,10.06,10.36,9.80,10.30,12207100,10.3
2011-01-06,10.15,10.28,9.95,10.11,7711400,10.1
2011-01-05,10.18,10.58,10.12,10.20,14068900,10.2
2011-01-04,9.76,10.28,9.70,10.27,10725100,10.2
