Date,Open,High,Low,Close,Volume,Adj Clos
2011-12-30,9.91,10.07,9.84,10.04,303400,10.0
2011-12-29,9.85,9.97,9.80,9.89,195000,9.8
2011-12-28,9.83,10.07,9.68,9.87,324800,9.8
2011-12-27,10.04,10.25,9.98,9.98,239600,9.9
2011-12-26,10.19,10.24,10.03,10.15,125500,10.1
2011-12-23,10.13,10.32,10.13,10.19,236900,10.1
2011-12-22,10.28,10.33,9.83,10.12,444800,10.1
2011-12-21,10.76,10.76,10.31,10.34,200800,10.3
2011-12-20,10.46,10.74,10.19,10.58,666900,10.5
2011-12-19,10.30,10.48,10.26,10.46,273700,10.4
2011-12-16,10.19,10.48,10.05,10.45,241800,10.4
2011-12-15,10.38,10.52,10.17,10.18,266000,10.1
2011-12-14,10.72,10.76,10.39,10.49,183600,10.4
2011-12-13,11.11,11.11,10.58,10.72,421800,10.7
2011-12-12,11.25,11.29,10.93,11.07,189100,11.0
2011-12-09,11.12,11.23,11.03,11.19,193500,11.1
2011-12-08,11.12,11.27,10.98,11.21,338500,11.2
2011-12-07,11.15,11.18,10.91,11.12,204400,11.1
2011-12-06,11.18,11.19,10.94,11.13,245500,11.1
2011-12-05,11.29,11.29,10.95,10.98,351200,10.9
2011-12-02,11.28,11.41,11.21,11.30,394000,11.3
2011-12-01,11.57,11.57,11.38,11.40,681500,11.4
2011-11-30,11.85,11.85,11.15,11.16,892000,11.1
2011-11-29,11.75,11.88,11.70,11.85,680700,11.8
2011-11-28,11.53,11.65,11.48,11.65,381500,11.6
2011-11-25,11.54,11.62,11.51,11.55,412600,11.5
2011-11-24,11.43,11.62,11.32,11.54,417400,11.5
2011-11-23,11.53,11.63,11.45,11.51,448700,11.5
2011-11-22,11.50,11.56,11.37,11.51,551200,11.5
2011-11-18,11.92,11.94,11.56,11.57,723700,11.5
2011-11-17,11.87,12.08,11.84,11.95,796300,11.9
2011-11-16,12.30,12.32,11.78,11.84,1401200,11.8
2011-11-15,12.34,12.35,12.19,12.30,1407800,12.3
2011-11-14,12.17,12.39,12.14,12.35,1788500,12.3
2011-11-11,12.03,12.22,11.89,12.14,1144300,12.1
2011-11-10,11.97,12.17,11.95,12.01,1798400,12.0
2011-11-09,11.95,12.08,11.91,12.07,1033300,12.0
2011-11-08,12.09,12.15,11.86,11.88,664000,11.8
2011-11-07,12.04,12.24,12.03,12.08,790300,12.0
2011-11-04,12.07,12.18,11.96,12.11,932200,12.1
2011-11-03,11.99,12.29,11.88,12.06,1869900,12.0
2011-11-02,11.45,11.89,11.33,11.89,1184100,11.8
2011-11-01,11.63,11.79,11.61,11.63,734200,11.6
2011-10-31,11.66,11.83,11.57,11.80,734900,11.8
2011-10-28,11.70,11.79,11.58,11.70,858000,11.7
2011-10-27,11.51,11.84,11.51,11.61,1106100,11.6
2011-10-26,11.30,11.60,11.22,11.57,1076300,11.5
2011-10-25,11.06,11.59,11.01,11.35,822700,11.3
2011-10-24,10.90,11.18,10.90,11.10,818100,11.1
2011-10-21,11.30,11.31,10.85,10.90,552800,10.9
2011-10-20,11.61,11.70,11.18,11.25,566700,11.2
2011-10-19,11.71,11.84,11.68,11.72,293200,11.7
2011-10-18,12.07,12.09,11.67,11.72,590800,11.7
2011-10-17,12.14,12.23,12.01,12.11,635900,12.1
2011-10-14,12.11,12.13,11.92,12.05,471300,12.0
2011-10-13,12.05,12.15,11.97,12.12,695900,12.1
2011-10-12,11.60,12.06,11.55,12.06,758100,12.0
2011-10-11,11.91,12.00,11.63,11.69,402700,11.6
2011-10-10,11.89,11.90,11.65,11.65,329500,11.6
2011-09-30,11.61,11.80,11.60,11.73,417400,11.7
2011-09-29,12.00,12.08,11.56,11.61,752200,11.6
2011-09-28,12.35,12.40,12.07,12.09,424800,12.0
2011-09-27,12.25,12.38,12.22,12.28,391400,12.2
2011-09-26,12.30,12.39,12.15,12.18,445300,12.1
2011-09-23,12.14,12.45,12.06,12.26,547800,12.2
2011-09-22,12.77,12.81,12.49,12.51,655700,12.5
2011-09-21,12.59,12.90,12.50,12.87,692000,12.8
2011-09-20,12.49,12.67,12.49,12.55,354800,12.5
2011-09-19,12.88,12.88,12.53,12.53,460500,12.5
2011-09-16,12.90,12.98,12.81,12.81,361300,12.8
2011-09-15,12.88,12.92,12.83,12.86,489700,12.8
2011-09-14,12.75,12.88,12.63,12.87,682900,12.8
2011-09-13,12.46,12.85,12.46,12.73,606400,12.7
2011-09-09,12.71,12.80,12.60,12.65,370100,12.6
2011-09-08,12.86,12.98,12.66,12.67,684800,12.6
2011-09-07,12.73,12.86,12.63,12.84,785500,12.8
2011-09-06,12.51,12.76,12.46,12.60,664700,12.6
2011-09-05,13.14,13.14,12.55,12.65,1395900,12.6
2011-09-02,13.05,13.17,13.05,13.16,752400,13.1
2011-09-01,13.18,13.30,13.00,13.10,832000,13.1
2011-08-31,13.32,13.42,13.02,13.10,1549900,13.1
2011-08-30,13.48,13.54,13.36,13.38,1799000,13.3
2011-08-29,13.62,13.75,13.35,13.39,2155300,13.3
2011-08-26,13.48,13.71,13.45,13.61,1523300,13.6
2011-08-25,13.33,13.52,13.25,13.50,1689200,13.5
2011-08-24,13.57,13.67,13.26,13.28,2237100,13.2
2011-08-23,13.40,13.50,13.24,13.48,1583700,13.4
2011-08-22,13.80,14.07,13.36,13.37,2493600,13.3
2011-08-19,13.82,14.08,13.68,13.94,2217400,13.9
2011-08-18,14.25,14.26,13.81,14.14,2786600,14.1
2011-08-17,13.82,14.50,13.75,14.19,6740300,14.1
2011-08-16,14.08,14.24,13.70,13.82,3616900,13.8
2011-08-15,13.72,14.12,13.63,14.08,3581100,14.0
2011-08-12,13.68,13.80,13.41,13.77,2230300,13.7
2011-08-11,13.08,13.74,13.02,13.74,1590500,13.7
2011-08-10,13.99,14.11,13.49,13.59,2657900,13.5
2011-08-09,13.48,14.24,13.21,13.85,2990100,13.8
2011-08-08,14.10,14.10,13.20,13.97,1548400,13.9
2011-08-05,13.62,14.35,13.34,14.28,2214300,14.2
2011-08-04,13.60,14.04,13.55,13.95,587900,13.9
2011-08-03,13.29,13.60,13.21,13.57,483900,13.5
2011-08-02,13.48,13.48,13.16,13.36,262700,13.3
2011-08-01,13.25,13.50,13.25,13.48,363600,13.4
2011-07-29,13.54,13.55,13.24,13.35,291200,13.3
2011-07-28,13.53,13.59,13.34,13.51,279700,13.5
2011-07-27,13.40,13.60,13.40,13.60,336300,13.6
2011-07-26,13.34,13.54,13.25,13.40,350400,13.4
2011-07-25,14.07,14.08,13.25,13.34,594600,13.3
2011-07-22,14.10,14.20,14.00,14.06,383500,14.0
2011-07-21,14.15,14.23,14.09,14.10,375400,14.1
2011-07-20,14.18,14.27,14.09,14.16,301600,14.1
2011-07-19,14.50,14.50,14.08,14.11,546000,14.1
2011-07-18,14.45,14.65,14.45,14.49,754500,14.4
2011-07-15,14.52,14.56,14.40,14.47,805900,14.4
2011-07-14,14.50,14.73,14.41,14.53,1029000,14.5
2011-07-13,14.36,14.60,14.30,14.50,1037400,14.5
2011-07-12,14.41,14.51,14.30,14.36,1452700,14.3
2011-07-11,14.78,15.10,14.57,14.60,5207200,14.6
2011-07-08,13.68,15.08,13.68,15.07,3239900,15.0
2011-07-07,13.56,14.16,13.55,13.81,1911100,13.8
2011-07-06,13.52,13.75,13.40,13.68,933000,13.6
2011-07-05,13.47,13.61,13.47,13.51,709300,13.5
2011-07-04,13.30,13.51,13.30,13.51,660200,13.5
2011-07-01,13.49,13.64,13.32,13.34,847000,13.3
2011-06-30,13.15,13.30,13.02,13.23,666200,13.2
2011-06-29,13.18,13.30,13.07,13.07,506200,13.0
2011-06-28,13.22,13.28,13.10,13.14,617600,13.1
2011-06-27,13.14,13.30,13.07,13.27,667300,13.2
2011-06-24,12.82,13.23,12.82,13.14,669600,13.1
2011-06-23,12.62,12.94,12.49,12.90,445600,12.9
2011-06-22,12.68,12.77,12.60,12.68,241800,12.6
2011-06-21,12.60,12.70,12.51,12.67,268700,12.6
2011-06-20,12.81,12.99,12.48,12.51,365000,12.5
2011-06-17,13.33,13.64,12.85,12.85,571600,12.8
2011-06-16,13.78,13.78,13.43,13.43,569700,13.4
2011-06-15,14.18,14.20,13.81,13.82,990000,13.8
2011-06-14,14.37,14.67,14.23,14.29,1771100,14.2
2011-06-13,14.00,14.49,13.72,14.41,990600,14.4
2011-06-10,14.25,14.50,13.70,14.00,901700,14.0
2011-06-09,14.72,14.86,14.25,14.28,2021900,14.2
2011-06-08,14.49,14.74,14.45,14.60,2105400,14.6
2011-06-07,14.43,14.57,14.27,14.43,341800,14.4
2011-06-03,14.26,14.47,14.18,14.44,327000,14.4
2011-06-02,14.17,14.30,13.89,14.22,348900,14.2
2011-06-01,14.12,14.46,14.02,14.34,1344100,14.3
2011-05-31,13.50,14.53,13.50,14.16,1730900,14.1
2011-05-30,13.52,13.68,13.50,13.52,351500,13.5
2011-05-27,13.95,14.04,13.53,13.59,303500,13.5
2011-05-26,14.06,14.27,14.00,14.02,370700,14.0
2011-05-25,14.15,14.16,14.00,14.05,228900,14.0
2011-05-24,13.81,14.17,13.81,14.13,464000,14.1
2011-05-23,14.41,14.44,13.98,14.04,569600,14.0
2011-05-20,14.33,14.45,14.32,14.40,298300,14.4
2011-05-19,14.50,14.56,14.36,14.41,243100,14.4
2011-05-18,14.40,14.66,14.40,14.44,279300,14.4
2011-05-17,14.46,14.52,14.31,14.46,339200,14.4
2011-05-16,14.48,14.63,14.40,14.49,271300,14.4
2011-05-13,14.45,14.51,14.31,14.47,417000,14.4
2011-05-12,14.47,14.58,14.40,14.47,440800,14.4
2011-05-11,14.47,14.62,14.40,14.54,281600,14.5
2011-05-10,14.44,14.63,14.35,14.60,564300,14.5
2011-05-09,14.35,14.49,14.30,14.44,343000,14.3
2011-05-06,14.26,14.36,14.15,14.30,363100,14.2
2011-05-05,14.15,14.45,14.15,14.27,529500,14.1
2011-05-04,14.70,14.80,14.21,14.29,655000,14.1
2011-05-03,14.62,14.70,14.30,14.70,597500,14.6
2011-04-29,14.70,14.70,14.45,14.64,592500,14.5
2011-04-28,15.83,16.15,14.47,14.49,2481500,14.3
2011-04-27,16.43,16.62,15.98,16.08,2460100,15.9
2011-04-26,16.19,16.75,16.06,16.43,4633000,16.3
2011-04-22,16.13,16.48,16.13,16.47,1510300,16.3
2011-04-21,16.15,16.26,16.07,16.15,807800,16.0
2011-04-20,16.07,16.20,16.00,16.15,674500,16.0
2011-04-19,15.99,16.11,15.91,16.02,617400,15.9
2011-04-18,16.10,16.15,15.87,16.00,1052800,15.8
2011-04-15,16.30,16.33,16.07,16.16,698400,16.0
2011-04-14,16.18,16.33,16.12,16.31,708100,16.2
2011-04-13,16.11,16.26,16.07,16.20,642300,16.0
2011-04-12,16.05,16.29,16.05,16.18,893100,16.0
2011-04-11,16.51,16.72,16.26,16.27,1422900,16.1
2011-04-08,16.55,16.83,16.44,16.52,2052600,16.4
2011-04-07,16.80,16.98,16.50,16.70,6781700,16.5
2011-04-06,16.29,16.66,16.29,16.61,2222400,16.5
2011-04-01,16.01,16.47,16.01,16.39,1356000,16.2
2011-03-31,16.00,16.18,15.85,16.10,1200700,15.9
2011-03-30,16.17,16.25,15.77,16.00,1219500,15.8
2011-03-29,16.21,16.43,16.16,16.24,1804500,16.1
2011-03-28,16.20,16.28,16.15,16.23,1149700,16.1
2011-03-25,16.21,16.30,16.11,16.20,1608800,16.0
2011-03-24,16.11,16.44,16.10,16.33,1515300,16.2
2011-03-23,16.00,16.17,16.00,16.13,502700,16.0
2011-03-22,16.19,16.19,15.88,16.00,431300,15.8
2011-03-21,16.05,16.16,16.03,16.13,550400,16.0
2011-03-18,16.07,16.16,15.97,16.05,424800,15.9
2011-03-17,16.20,16.26,15.81,16.00,683200,15.8
2011-03-16,16.14,16.28,16.01,16.26,778700,16.1
2011-03-15,16.34,16.34,15.78,16.10,987400,15.9
2011-03-14,16.05,16.36,16.05,16.31,881300,16.2
2011-03-11,16.32,16.45,16.21,16.32,861000,16.2
2011-03-10,16.43,16.50,16.26,16.36,946200,16.2
2011-03-09,16.38,16.42,16.22,16.41,855800,16.3
2011-03-08,16.32,17.15,16.28,16.39,2013700,16.2
2011-03-07,16.36,16.38,16.23,16.32,1477000,16.2
2011-03-04,16.18,16.33,16.12,16.29,866100,16.1
2011-03-03,16.11,16.34,16.11,16.19,1342300,16.0
2011-03-02,16.09,16.25,16.00,16.16,864900,16.0
2011-03-01,16.20,16.21,16.04,16.13,943300,16.0
2011-02-28,15.90,16.18,15.90,16.14,675800,16.0
2011-02-25,15.97,16.02,15.83,15.96,516400,15.8
2011-02-24,15.94,16.06,15.82,16.01,600600,15.9
2011-02-23,15.80,15.97,15.78,15.90,553100,15.7
2011-02-22,16.18,16.24,15.74,15.80,933100,15.6
2011-02-21,15.90,16.25,15.88,16.24,784400,16.1
2011-02-18,16.17,16.17,15.91,16.00,508200,15.8
2011-02-17,16.06,16.22,15.92,16.07,746400,15.9
2011-02-16,15.90,16.19,15.82,16.15,663200,16.0
2011-02-15,15.94,16.09,15.85,15.90,651700,15.7
2011-02-14,15.80,15.97,15.78,15.93,626100,15.8
2011-02-11,15.71,15.94,15.71,15.80,452300,15.6
2011-02-10,15.49,15.81,15.39,15.73,521300,15.6
2011-02-09,15.52,15.73,15.40,15.44,309200,15.3
2011-02-01,15.59,15.66,15.41,15.64,358800,15.5
2011-01-31,15.33,15.62,15.31,15.50,373400,15.3
2011-01-28,15.42,15.50,15.30,15.45,355300,15.3
2011-01-27,15.22,15.53,15.10,15.45,321100,15.3
2011-01-26,15.26,15.35,15.17,15.30,216700,15.2
2011-01-25,15.48,15.50,15.01,15.19,486400,15.0
2011-01-24,15.75,15.83,15.48,15.48,336900,15.3
2011-01-21,15.91,16.00,15.50,15.80,644400,15.6
2011-01-20,15.97,16.47,15.90,15.95,2146500,15.8
2011-01-19,15.56,15.99,15.56,15.88,454700,15.7
2011-01-18,15.47,15.78,15.36,15.62,320900,15.5
2011-01-17,15.91,15.95,15.40,15.42,591700,15.3
2011-01-14,16.20,16.20,15.86,15.96,642200,15.8
2011-01-13,16.15,16.27,16.03,16.19,377100,16.0
2011-01-12,16.08,16.21,15.93,16.11,400100,16.0
2011-01-11,16.15,16.15,15.84,16.03,695900,15.9
2011-01-10,16.52,16.56,16.15,16.15,633000,16.0
2011-01-07,16.60,16.78,16.48,16.56,633900,16.4
2011-01-06,16.78,16.78,16.57,16.62,668000,16.5
2011-01-05,16.71,16.80,16.62,16.73,696200,16.6
2011-01-04,16.70,16.77,16.60,16.70,1027800,16.5
