Date,Open,High,Low,Close,Volume,Adj Clos
2011-12-30,22.87,24.65,22.56,24.16,5891100,24.1
2011-12-29,23.08,23.47,22.60,22.65,2934600,22.6
2011-12-28,23.05,23.75,22.22,23.28,3451900,23.2
2011-12-27,24.60,24.93,23.15,23.18,3377900,23.1
2011-12-26,24.91,25.81,24.72,24.81,2367600,24.8
2011-12-23,25.10,25.94,24.82,25.15,3637100,25.1
2011-12-22,25.20,26.25,24.20,25.47,4556600,25.4
2011-12-21,27.90,28.00,25.75,25.77,5291700,25.7
2011-12-20,26.93,28.12,26.85,27.64,6400200,27.6
2011-12-19,26.40,27.33,25.57,27.26,4660600,27.2
2011-12-16,26.40,27.15,25.23,26.99,5094100,26.9
2011-12-15,26.21,26.89,25.80,26.36,3590800,26.3
2011-12-14,27.38,27.88,26.09,26.40,5336200,26.4
2011-12-13,29.51,29.71,27.23,27.30,5312100,27.3
2011-12-12,29.80,30.40,29.63,29.80,2466600,29.8
2011-12-09,30.70,31.26,29.90,29.92,4013600,29.9
2011-12-08,29.57,31.65,29.21,31.03,6356800,31.0
2011-12-07,30.00,30.44,29.35,29.88,3797600,29.8
2011-12-06,30.00,30.55,29.05,30.22,4899200,30.2
2011-12-05,32.72,33.28,29.85,29.85,6724700,29.8
2011-12-02,32.52,33.98,32.30,33.17,6792300,33.1
2011-12-01,33.12,33.35,32.20,32.52,7223200,32.5
2011-11-30,31.99,33.28,30.11,32.02,7764800,32.0
2011-11-29,31.99,32.37,31.25,32.07,5460000,32.0
2011-11-28,33.90,34.44,31.38,31.60,8672700,31.6
2011-11-25,33.31,34.77,33.30,34.01,6237500,34.0
2011-11-24,33.05,34.78,33.05,33.66,6562100,33.6
2011-11-23,34.80,36.08,33.80,33.87,8545000,33.8
2011-11-22,34.11,36.43,34.00,35.19,9833200,35.1
2011-11-21,32.25,34.56,31.46,34.51,7781700,34.5
2011-11-18,33.50,34.48,32.33,32.49,7626000,32.4
2011-11-17,33.17,35.15,32.83,34.10,11222100,34.1
2011-11-16,31.45,34.38,30.93,33.17,12751800,33.1
2011-11-15,30.46,33.30,30.30,31.55,10810600,31.5
2011-11-14,29.93,30.80,29.48,30.30,5275600,30.3
2011-11-11,30.15,30.56,29.10,29.48,4375800,29.4
2011-11-10,29.95,31.10,29.82,30.01,5933700,30.0
2011-11-09,29.38,30.77,29.20,30.47,6043700,30.4
2011-11-08,29.18,29.87,29.03,29.26,3590400,29.2
2011-11-07,29.88,29.88,29.00,29.19,4399100,29.1
2011-11-04,29.77,30.85,29.50,29.90,6459000,29.9
2011-11-03,30.60,32.98,30.01,30.02,10072400,30.0
2011-11-02,30.00,31.05,29.00,30.88,7269300,30.8
2011-11-01,31.10,31.50,30.38,30.85,9435200,30.8
2011-10-31,29.40,32.42,28.98,31.97,12805500,31.9
2011-10-28,29.12,29.88,28.50,29.47,7924800,29.4
2011-10-27,29.14,30.53,28.70,28.85,7946200,28.8
2011-10-26,29.60,29.76,28.60,29.26,8680900,29.2
2011-10-25,28.66,31.75,28.64,29.98,10393500,29.9
2011-10-24,27.93,30.28,26.85,29.40,8854500,29.4
2011-10-21,30.98,31.00,29.68,29.68,6663900,29.6
2011-10-20,29.77,33.01,29.32,32.98,12583100,32.9
2011-10-19,30.00,30.40,29.00,30.01,8093000,30.0
2011-10-18,31.07,31.28,29.52,29.78,9437600,29.7
2011-10-17,31.81,32.60,30.80,31.70,12672200,31.7
2011-10-14,28.50,31.81,28.40,31.81,14083500,31.8
2011-10-13,28.00,29.87,27.41,28.92,13248600,28.9
2011-10-12,24.22,27.27,24.12,27.27,10536200,27.2
2011-10-11,25.75,26.29,23.89,24.79,8746200,24.7
2011-10-10,25.01,25.80,24.56,25.30,9470400,25.3
2011-09-30,23.93,23.93,23.93,23.93,2857300,23.9
2011-09-29,22.15,22.98,21.32,21.75,3826600,21.7
2011-09-28,23.85,24.65,22.50,22.72,4456100,22.7
2011-09-27,24.20,24.99,23.63,23.95,5206100,23.9
2011-09-26,23.00,24.20,22.82,23.57,4167900,23.5
2011-09-23,22.00,23.84,21.70,23.35,4016300,23.3
2011-09-22,24.00,24.20,22.80,22.80,4744600,22.8
2011-09-21,23.01,24.54,22.78,24.37,5652400,24.3
2011-09-20,22.30,23.39,22.30,23.30,4095700,23.3
2011-09-19,24.00,24.00,22.60,22.60,4084100,22.6
2011-09-16,24.48,24.88,23.60,24.09,5846100,24.0
2011-09-15,25.05,25.27,24.33,24.49,6020200,24.4
2011-09-14,24.10,25.69,24.10,25.11,7996200,25.1
2011-09-13,24.00,24.73,23.53,24.00,6268000,24.0
2011-09-09,22.55,25.10,22.50,24.74,10340300,24.7
2011-09-08,22.51,23.85,22.40,22.82,7129800,22.8
2011-09-07,21.73,23.10,21.49,22.72,5658100,22.7
2011-09-06,20.35,21.30,20.35,21.15,2016800,21.1
2011-09-05,22.08,22.08,20.20,20.90,2890800,20.9
2011-09-02,21.50,23.05,21.50,22.23,5241200,22.2
2011-09-01,21.34,21.99,21.18,21.60,2441600,21.6
2011-08-31,21.10,21.68,20.68,21.37,2375400,21.3
2011-08-30,22.13,22.30,21.11,21.13,2445900,21.1
2011-08-29,22.29,22.49,21.90,21.94,2664300,21.9
2011-08-26,22.26,23.30,22.02,22.58,4416200,22.5
2011-08-25,22.38,22.78,21.53,22.57,5283200,22.5
2011-08-24,22.79,24.30,22.52,22.71,7417900,22.7
2011-08-23,21.70,23.45,21.25,22.79,6133100,22.7
2011-08-22,21.47,22.40,21.24,21.70,4602400,21.7
2011-08-19,21.10,22.45,21.00,21.89,8355800,21.8
2011-08-18,19.92,21.44,19.89,21.44,5449300,21.4
2011-08-17,19.46,19.94,19.37,19.49,1447900,19.4
2011-08-16,20.02,20.28,19.56,19.62,1720100,19.6
2011-08-15,19.41,20.34,19.25,20.02,2544600,20.0
2011-08-12,19.34,19.88,19.33,19.36,2335100,19.3
2011-08-11,18.20,19.35,17.80,19.18,1963400,19.1
2011-08-10,18.80,19.40,18.62,18.77,2314500,18.7
2011-08-09,17.21,18.95,16.68,18.61,3148800,18.6
2011-08-08,19.50,19.69,17.95,18.00,3138000,18.0
2011-08-05,19.81,20.63,19.50,19.94,1856500,19.9
2011-08-04,21.70,21.97,20.79,20.90,2685000,20.9
2011-08-03,21.17,22.20,21.10,21.49,1616800,21.4
2011-08-02,21.69,21.95,21.00,21.46,2023000,21.4
2011-08-01,21.50,22.58,21.40,22.19,2322600,22.1
2011-07-29,22.59,23.51,21.80,22.07,3694100,22.0
2011-07-28,22.68,22.89,22.35,22.69,2030600,22.6
2011-07-27,22.58,23.48,22.30,23.14,4207000,23.1
2011-07-26,20.85,23.11,20.85,22.80,4448400,22.8
2011-07-25,21.08,21.64,20.14,21.10,2804200,21.1
2011-07-22,22.10,22.43,21.35,21.41,3122100,21.4
2011-07-21,23.01,23.20,21.74,21.85,3512700,21.8
2011-07-20,22.55,23.98,22.39,23.44,5163400,23.4
2011-07-19,22.45,22.99,22.25,22.33,3022100,22.3
2011-07-18,22.81,24.57,22.60,23.18,6151800,23.1
2011-07-15,22.03,24.03,21.82,22.97,7265900,22.9
2011-07-14,22.45,23.40,21.64,22.49,8926300,22.4
2011-07-13,19.36,21.48,19.17,21.48,5222100,21.4
2011-07-12,18.59,19.74,18.43,19.53,4350000,19.5
2011-07-11,18.42,18.86,18.42,18.75,1000400,18.7
2011-07-08,18.80,18.94,18.40,18.53,1383800,18.5
2011-07-07,18.36,19.44,18.34,18.95,2708900,18.9
2011-07-06,18.32,18.52,18.19,18.50,1009100,18.5
2011-07-05,18.69,18.70,18.28,18.52,1077700,18.5
2011-07-04,18.48,18.79,18.23,18.69,1254200,18.6
2011-07-01,18.17,18.33,18.06,18.17,840800,18.1
2011-06-30,17.75,18.35,17.73,18.14,1156100,18.1
2011-06-29,18.25,19.04,18.10,18.10,3237700,18.1
2011-06-28,17.85,18.24,17.67,17.99,1274500,17.9
2011-06-27,17.60,18.12,17.50,17.83,1430200,17.8
2011-06-24,16.92,17.77,16.92,17.66,1687600,17.6
2011-06-23,16.48,17.17,16.20,17.05,1364300,17.0
2011-06-22,16.40,16.78,16.40,16.50,307800,16.5
2011-06-21,16.50,16.52,16.25,16.44,298700,16.4
2011-06-20,16.71,16.76,16.20,16.34,457400,16.3
2011-06-17,17.10,17.22,16.67,16.71,569900,16.7
2011-06-16,16.80,17.73,16.66,17.23,1012200,17.2
2011-06-15,17.20,17.26,16.82,16.83,502100,16.8
2011-06-14,17.01,17.27,16.99,17.22,407100,17.2
2011-06-13,16.61,17.14,16.61,17.02,380900,17.0
2011-06-10,17.17,17.27,16.60,16.99,671800,16.9
2011-06-09,17.89,17.90,17.16,17.21,1125500,17.2
2011-06-08,18.12,18.19,17.73,17.90,986600,17.9
2011-06-07,18.12,18.50,18.11,18.25,847000,18.2
2011-06-03,17.85,18.48,17.85,18.30,1063500,18.3
2011-06-02,17.71,18.13,17.52,18.13,1321800,18.1
2011-06-01,17.85,18.37,17.65,18.10,1621800,18.1
2011-05-31,17.40,17.89,17.29,17.85,817200,17.8
2011-05-30,17.18,17.65,17.18,17.34,509300,17.3
2011-05-27,17.71,17.77,17.28,17.30,495300,17.3
2011-05-26,17.86,18.50,17.63,17.69,458700,17.6
2011-05-25,18.60,18.65,17.81,17.87,907400,17.8
2011-05-24,18.33,18.98,17.36,18.86,1547700,18.8
2011-05-23,19.05,19.05,18.25,18.32,772300,18.3
2011-05-20,18.93,19.17,18.90,19.05,789900,19.0
2011-05-19,18.95,19.10,18.70,18.79,417600,18.7
2011-05-18,18.62,19.35,18.53,18.92,516400,18.9
2011-05-17,18.66,18.81,18.40,18.71,489700,18.7
2011-05-16,18.81,18.96,18.70,18.70,379400,18.7
2011-05-13,18.70,18.82,18.50,18.77,490600,18.7
2011-05-12,19.28,19.28,18.60,18.63,718900,18.6
2011-05-11,19.69,19.69,19.25,19.32,611600,19.3
2011-05-10,19.59,19.74,19.40,19.71,773700,19.7
2011-05-09,19.50,19.67,19.30,19.52,606100,19.5
2011-05-06,19.08,19.68,18.80,19.30,834500,19.3
2011-05-05,19.00,19.23,18.80,19.11,728200,19.1
2011-05-04,19.14,19.99,19.07,19.30,1848400,19.3
2011-05-03,19.06,19.36,19.06,19.36,528300,19.0
2011-04-29,18.85,19.18,18.71,19.10,407800,18.8
2011-04-28,19.30,19.80,18.85,18.85,811300,18.5
2011-04-27,20.05,20.26,19.24,19.26,1108100,18.9
2011-04-26,20.65,20.89,19.89,19.99,917700,19.7
2011-04-25,21.40,21.40,20.61,20.67,856500,20.3
2011-04-21,21.60,21.68,21.40,21.47,999400,21.1
2011-04-20,20.94,21.78,20.88,21.70,1577400,21.3
2011-04-19,21.02,21.23,20.60,20.90,777400,20.6
2011-04-18,21.22,21.26,21.08,21.15,831400,20.8
2011-04-15,21.17,21.45,20.85,21.41,1446700,21.1
2011-04-14,21.54,21.54,21.13,21.19,1083700,20.8
2011-04-13,21.32,21.65,21.06,21.58,881300,21.2
2011-04-12,21.68,21.68,21.13,21.45,2571200,21.1
2011-04-11,21.88,22.05,21.58,21.61,1540500,21.3
2011-04-08,21.74,22.20,21.71,21.94,1020100,21.6
2011-04-07,21.99,22.06,21.75,21.83,982300,21.5
2011-04-06,21.58,22.31,21.48,22.12,1362000,21.8
2011-04-01,21.61,21.90,21.40,21.73,1111700,21.4
2011-03-31,22.00,22.25,21.45,21.71,2279700,21.4
2011-03-30,23.70,23.98,22.19,22.24,3960200,21.9
2011-03-29,23.50,24.61,23.17,24.45,4137600,24.1
2011-03-28,23.49,23.86,23.37,23.65,1585400,23.3
2011-03-25,23.21,23.50,23.10,23.36,1238500,23.0
2011-03-24,23.24,23.53,23.20,23.21,782900,22.8
2011-03-23,23.01,23.32,22.92,23.24,574200,22.9
2011-03-22,23.29,23.29,22.88,23.05,609000,22.7
2011-03-21,23.29,23.39,23.10,23.31,724000,22.9
2011-03-18,23.35,23.60,23.13,23.30,759200,22.9
2011-03-17,23.76,23.76,22.93,23.30,1660500,22.9
2011-03-16,23.50,24.43,23.10,24.06,2492400,23.7
2011-03-15,23.28,23.53,22.88,23.37,1375200,23.0
2011-03-14,23.05,23.55,23.05,23.36,1479400,23.0
2011-03-11,23.81,24.12,23.70,23.89,1055000,23.5
2011-03-10,24.10,24.33,23.80,23.97,1237000,23.6
2011-03-09,24.56,24.59,24.18,24.20,1187800,23.8
2011-03-08,24.17,24.68,24.10,24.53,1232900,24.1
2011-03-07,23.89,24.18,23.66,24.15,1196600,23.8
2011-03-04,23.81,23.98,23.15,23.78,1169600,23.4
2011-03-03,24.13,24.57,23.70,23.72,1272400,23.3
2011-03-02,24.65,24.65,23.82,24.10,1193800,23.7
2011-03-01,24.35,24.94,24.33,24.60,1676700,24.2
2011-02-28,24.16,24.43,24.06,24.31,1036800,23.9
2011-02-25,24.55,24.59,24.01,24.11,1389200,23.7
2011-02-24,24.50,24.99,24.30,24.48,1417300,24.1
2011-02-23,24.31,24.75,24.18,24.62,1485300,24.2
2011-02-22,25.03,25.86,24.40,24.41,2772400,24.0
2011-02-21,24.52,25.00,24.50,24.98,1554900,24.6
2011-02-18,24.81,25.18,24.50,24.88,2282900,24.5
2011-02-17,25.16,26.18,24.83,24.90,4285900,24.5
2011-02-16,23.99,24.79,23.79,24.70,2594800,24.3
2011-02-15,23.55,24.66,23.39,23.89,2708200,23.5
2011-02-14,23.45,23.75,23.01,23.51,1923800,23.1
2011-02-11,23.16,23.79,22.98,23.25,1760800,22.9
2011-02-10,22.11,22.90,22.11,22.90,1372100,22.5
2011-02-09,22.80,22.80,22.05,22.18,1515400,21.8
2011-02-01,22.25,23.45,22.16,22.96,2488000,22.6
2011-01-31,21.70,22.07,21.32,22.07,1062800,21.7
2011-01-28,21.85,21.95,21.56,21.83,791500,21.5
2011-01-27,21.20,21.79,21.06,21.75,1045400,21.4
2011-01-26,21.00,21.54,20.98,21.48,925300,21.1
2011-01-25,21.40,21.49,20.60,20.88,852000,20.5
2011-01-24,21.99,22.13,21.20,21.50,982600,21.1
2011-01-21,21.60,22.33,21.50,21.93,1005100,21.6
2011-01-20,23.38,23.39,21.76,21.84,2086100,21.5
2011-01-19,23.02,23.85,22.77,23.54,1563300,23.2
2011-01-18,22.69,23.15,22.51,22.95,1232800,22.6
2011-01-17,23.15,23.45,22.60,22.74,1857500,22.4
2011-01-14,24.02,24.02,22.95,23.35,2968900,23.0
2011-01-13,25.80,25.80,24.03,24.30,5412300,23.9
2011-01-12,25.67,26.21,25.40,25.88,506100,25.5
2011-01-11,25.61,25.79,25.14,25.38,635600,25.0
2011-01-10,26.55,26.60,25.81,25.86,864600,25.4
2011-01-07,27.58,27.58,26.60,26.62,920700,26.2
2011-01-05,27.80,27.80,27.25,27.45,961400,27.0
2011-01-04,27.80,28.10,27.51,27.97,1264200,27.5
