Date,Open,High,Low,Close,Volume,Adj Clos
2011-12-30,9.46,9.48,9.28,9.47,771000,9.4
2011-12-29,9.11,9.85,9.11,9.40,1572100,9.4
2011-12-28,8.90,9.04,8.72,9.01,2063700,9.0
2011-12-27,9.07,9.19,8.81,8.96,660700,8.9
2011-12-26,9.08,9.18,8.95,9.17,757300,9.1
2011-12-23,8.91,9.20,8.31,9.03,628300,9.0
2011-12-22,9.24,9.24,8.85,8.97,1075100,8.9
2011-12-21,9.51,9.60,9.22,9.22,470400,9.2
2011-12-20,9.45,9.58,9.35,9.46,528300,9.4
2011-12-19,9.75,9.75,9.38,9.52,893800,9.5
2011-12-16,9.50,9.74,9.40,9.69,1023100,9.6
2011-12-15,9.36,9.50,9.28,9.46,1525600,9.4
2011-12-14,9.35,9.51,9.23,9.30,802300,9.3
2011-12-13,9.55,9.59,9.15,9.49,1492200,9.4
2011-12-12,9.68,9.75,9.52,9.57,488800,9.5
2011-12-09,9.98,9.98,9.60,9.64,1320100,9.6
2011-12-08,10.32,10.32,9.83,10.02,1467300,10.0
2011-12-07,10.58,10.80,10.11,10.33,2678800,10.3
2011-12-06,10.60,11.10,10.50,10.69,522300,10.6
2011-12-05,10.65,10.66,10.47,10.66,361200,10.6
2011-12-02,10.89,10.89,10.60,10.69,458100,10.6
2011-12-01,10.93,11.08,10.81,10.84,815900,10.8
2011-11-30,11.30,11.30,10.50,10.72,990700,10.7
2011-11-29,11.28,11.32,11.12,11.31,901300,11.3
2011-11-28,11.39,11.39,11.08,11.19,549600,11.1
2011-11-25,11.44,11.44,11.08,11.23,570600,11.2
2011-11-24,11.37,11.51,11.25,11.38,872600,11.3
2011-11-23,11.67,11.84,11.46,11.52,2182200,11.5
2011-11-22,11.46,11.64,11.35,11.63,854300,11.6
2011-11-21,11.26,11.49,11.20,11.49,556600,11.4
2011-11-18,11.10,11.30,11.10,11.26,1055000,11.2
2011-11-16,11.59,11.64,11.37,11.40,2102800,11.4
2011-11-15,11.48,11.52,11.34,11.52,1666800,11.5
2011-11-14,11.29,11.48,11.25,11.47,1632600,11.4
2011-11-11,11.13,11.52,11.12,11.26,1183100,11.2
2011-11-10,11.24,11.38,11.11,11.11,1337300,11.1
2011-11-09,11.10,11.29,11.10,11.28,941200,11.2
2011-11-08,11.17,11.33,11.05,11.10,708500,11.1
2011-11-07,11.38,11.38,11.17,11.20,958400,11.2
2011-11-04,11.59,11.60,11.31,11.38,1424100,11.3
2011-11-03,11.35,11.53,11.21,11.38,1732800,11.3
2011-11-02,11.02,11.35,11.00,11.33,1162300,11.3
2011-11-01,10.95,11.35,10.76,11.28,1419900,11.2
2011-10-31,11.42,11.42,11.06,11.14,1233700,11.1
2011-10-27,10.90,11.13,10.88,11.00,902000,11.0
2011-10-26,10.90,11.07,10.77,10.88,933400,10.8
2011-10-25,10.68,10.97,10.66,10.91,993500,10.9
2011-10-24,10.60,10.90,10.40,10.76,553300,10.7
2011-10-21,11.00,11.16,10.62,10.67,543300,10.6
2011-10-20,11.35,11.46,10.95,11.02,805900,11.0
2011-10-19,11.62,11.73,11.39,11.46,843100,11.4
2011-10-18,11.66,11.75,11.32,11.62,1247800,11.6
2011-10-17,11.65,11.83,11.57,11.61,882300,11.6
2011-10-14,12.01,12.01,11.61,11.76,1061400,11.7
2011-10-13,11.94,12.23,11.90,12.02,1790200,12.0
2011-10-12,11.60,12.41,11.08,12.29,3523200,12.2
2011-09-28,12.55,12.66,12.22,12.31,2091900,12.3
2011-09-27,12.83,12.85,12.24,12.54,2913400,12.5
2011-09-26,12.79,12.97,12.50,12.79,3153200,12.7
2011-09-23,12.13,12.86,12.13,12.79,2196000,12.7
2011-09-22,12.70,12.93,12.30,12.30,2470400,12.3
2011-09-21,12.56,12.83,12.42,12.83,2218100,12.8
2011-09-20,12.31,12.57,12.20,12.44,1034700,12.4
2011-09-19,12.25,12.48,12.11,12.35,896100,12.3
2011-09-16,12.52,12.59,12.27,12.31,1060700,12.3
2011-09-15,12.57,12.64,12.43,12.43,927400,12.4
2011-09-14,12.35,12.66,12.31,12.53,1160400,12.5
2011-09-13,12.11,12.43,12.00,12.35,779700,12.3
2011-09-09,12.50,12.69,12.30,12.38,1247300,12.3
2011-09-08,12.95,12.95,12.50,12.60,1740100,12.6
2011-09-07,12.43,12.93,12.43,12.83,1693700,12.8
2011-09-06,12.30,12.39,12.12,12.34,1283700,12.3
2011-09-05,12.80,12.80,12.43,12.43,1673400,12.4
2011-09-02,13.14,13.14,12.73,12.85,1516900,12.8
2011-09-01,13.36,13.51,12.95,13.04,2371800,13.0
2011-08-31,13.02,13.33,12.90,13.29,2638800,13.2
2011-08-30,13.29,13.52,13.00,13.02,3419000,13.0
2011-08-29,13.15,13.41,13.09,13.20,3027900,13.2
2011-08-26,13.10,13.35,13.00,13.17,4186700,13.1
2011-08-25,12.84,13.04,12.68,12.99,2784400,12.9
2011-08-24,12.47,13.07,12.47,12.90,3329400,12.9
2011-08-23,12.43,12.50,12.21,12.47,1473200,12.4
2011-08-22,12.69,12.76,12.41,12.41,1605200,12.4
2011-08-19,12.60,12.98,12.45,12.59,2397500,12.5
2011-08-18,12.93,13.14,12.83,12.84,1554300,12.8
2011-08-17,12.89,13.08,12.87,12.92,1365500,12.9
2011-08-16,13.03,13.15,12.85,13.00,2340200,13.0
2011-08-15,13.01,13.24,12.82,13.02,3558000,13.0
2011-08-11,12.30,13.03,11.93,13.01,5256400,13.0
2011-08-10,12.30,12.84,12.30,12.51,2267200,12.5
2011-08-09,11.62,12.29,11.62,12.01,1149100,12.0
2011-08-08,12.51,12.61,11.50,12.20,2024200,12.2
2011-08-05,12.50,12.86,12.35,12.69,1663600,12.6
2011-08-04,12.83,12.90,12.66,12.87,1536200,12.8
2011-08-03,12.43,12.85,12.32,12.84,1810100,12.8
2011-08-02,12.75,12.75,12.45,12.68,1422500,12.6
2011-08-01,12.48,12.68,12.38,12.59,821700,12.5
2011-07-29,12.64,12.77,12.52,12.55,1606100,12.5
2011-07-28,12.50,12.67,12.32,12.65,2186700,12.6
2011-07-27,12.25,12.66,12.11,12.59,1339500,12.5
2011-07-26,12.16,12.30,12.00,12.23,928300,12.2
2011-07-25,12.60,12.90,12.15,12.17,1792700,12.1
2011-07-21,12.55,12.68,12.44,12.62,1194600,12.6
2011-07-20,12.50,12.69,12.41,12.55,796700,12.5
2011-07-19,12.57,12.70,12.45,12.49,942400,12.4
2011-07-18,12.80,13.00,12.59,12.64,1517900,12.6
2011-07-15,12.50,12.80,12.43,12.75,1942800,12.7
2011-07-14,12.41,12.77,12.40,12.53,1577400,12.5
2011-07-13,12.20,12.42,12.20,12.40,952000,12.4
2011-07-12,12.40,12.57,12.29,12.29,930500,12.2
2011-07-11,12.40,12.54,12.36,12.44,1021600,12.4
2011-07-08,12.57,12.68,12.37,12.54,1739300,12.5
2011-07-07,12.30,12.72,12.23,12.64,3184200,12.6
2011-07-06,12.32,12.32,12.17,12.31,1156900,12.3
2011-07-05,12.48,12.48,12.30,12.37,1364400,12.3
2011-07-04,12.32,12.43,12.20,12.39,1602800,12.3
2011-07-01,12.20,12.64,12.20,12.30,2988100,12.3
2011-06-30,12.02,12.31,12.00,12.22,1235100,12.2
2011-06-29,11.97,12.24,11.92,12.01,1066600,12.0
2011-06-28,12.00,12.08,11.88,11.97,801800,11.9
2011-06-27,11.85,12.18,11.81,12.01,952200,12.0
2011-06-24,11.60,12.03,11.50,11.87,1254800,11.8
2011-06-23,11.28,11.63,11.12,11.56,726600,11.5
2011-06-22,11.45,11.48,11.26,11.32,354600,11.3
2011-06-21,11.27,11.52,11.26,11.43,552800,11.4
2011-06-20,11.62,11.62,11.01,11.27,800400,11.2
2011-06-17,11.80,11.96,11.60,11.61,421600,11.6
2011-06-16,12.00,12.10,11.84,11.91,420400,11.9
2011-06-15,12.18,12.24,12.02,12.02,599900,12.0
2011-06-14,11.90,12.20,11.86,12.19,705300,12.1
2011-06-13,12.02,12.02,11.77,11.97,351100,11.9
2011-06-10,11.92,12.04,11.74,12.02,505400,12.0
2011-06-09,12.05,12.15,11.90,11.90,896900,11.9
2011-06-07,12.05,12.12,11.94,12.07,957500,12.0
2011-06-03,11.85,12.04,11.80,12.03,877700,12.0
2011-06-02,12.02,12.02,11.65,11.90,751300,11.9
2011-06-01,12.01,12.18,11.85,12.02,453100,12.0
2011-05-31,11.50,12.00,11.45,11.99,831000,11.9
2011-05-30,11.78,11.78,11.42,11.52,782200,11.5
2011-05-27,12.20,12.20,11.76,11.78,835300,11.7
2011-05-26,12.16,12.35,12.15,12.17,532600,12.1
2011-05-25,12.30,12.36,12.12,12.16,765900,12.1
2011-05-24,12.04,12.50,12.04,12.31,1099300,12.3
2011-05-20,13.00,13.10,12.90,12.96,600900,12.9
2011-05-19,13.21,13.28,12.93,12.99,1409900,12.9
2011-05-18,12.88,13.25,12.76,13.24,1362100,13.2
2011-05-17,13.05,13.12,12.70,12.81,946200,12.8
2011-05-16,13.05,13.12,12.95,13.02,821900,13.0
2011-05-13,12.86,13.14,12.85,12.99,978600,12.9
2011-05-12,12.90,13.09,12.87,12.91,1020500,12.9
2011-05-11,12.93,13.11,12.86,13.02,1248500,13.0
2011-05-10,12.84,12.91,12.71,12.91,968800,12.9
2011-05-09,12.74,12.85,12.70,12.77,1105100,12.7
2011-05-06,12.65,12.83,12.55,12.76,928600,12.7
2011-05-05,12.78,12.85,12.55,12.77,1369200,12.7
2011-05-04,13.30,13.30,12.85,12.85,1747400,12.8
2011-05-03,13.28,13.42,13.01,13.35,1315400,13.3
2011-04-29,13.36,13.48,12.90,13.35,1698900,13.3
2011-04-28,14.09,14.18,13.20,13.36,2599700,13.3
2011-04-27,14.04,14.19,13.86,14.12,1867300,14.1
2011-04-26,14.58,14.60,13.90,14.02,3864600,14.0
2011-04-25,14.82,15.19,14.67,14.73,8480600,14.7
2011-04-22,14.40,14.90,14.20,14.82,7770600,14.8
2011-04-21,14.46,14.68,14.40,14.45,2856600,14.4
2011-04-20,14.41,14.56,14.30,14.46,2514000,14.4
2011-04-18,14.55,14.75,14.45,14.69,3904200,14.6
2011-04-15,14.50,14.58,14.30,14.51,2673200,14.5
2011-04-14,14.70,14.75,14.45,14.50,3764800,14.5
2011-04-13,14.40,14.95,14.40,14.79,8288200,14.7
2011-04-12,14.25,14.44,14.15,14.36,2149000,14.3
2011-04-11,14.50,14.50,14.16,14.20,2568300,14.2
2011-04-08,14.06,14.39,14.06,14.31,3839700,14.3
2011-04-07,13.94,14.10,13.84,14.05,1451500,14.0
2011-04-06,14.00,14.05,13.78,13.93,1872900,13.9
2011-04-01,13.88,14.17,13.71,14.14,2721200,14.1
2011-03-31,13.89,14.05,13.75,13.84,1560700,13.8
2011-03-30,13.65,13.98,13.63,13.90,1710300,13.9
2011-03-29,14.18,14.24,13.65,13.68,3792800,13.6
2011-03-28,14.39,14.49,14.16,14.19,2639200,14.1
2011-03-25,14.30,14.54,14.23,14.33,2630000,14.3
2011-03-24,14.23,14.36,14.10,14.35,1901900,14.3
2011-03-23,14.30,14.37,14.00,14.24,2515100,14.2
2011-03-22,14.45,14.53,14.21,14.28,2114800,14.2
2011-03-21,14.30,14.58,14.16,14.45,2726600,14.4
2011-03-18,14.36,14.45,14.15,14.28,2891000,14.2
2011-03-17,14.58,14.89,14.20,14.25,5107800,14.2
2011-03-16,14.63,14.98,14.36,14.76,8954500,14.7
2011-03-15,14.59,14.93,14.13,14.67,10752800,14.6
2011-03-14,14.03,14.75,14.01,14.59,8616200,14.5
2011-03-11,13.77,14.27,13.75,14.10,3163900,14.1
2011-03-10,13.80,13.99,13.78,13.85,2076700,13.8
2011-03-09,14.04,14.12,13.81,13.85,2470000,13.8
2011-03-08,14.05,14.14,13.90,14.04,1906800,14.0
2011-03-07,13.85,14.36,13.81,14.00,2793200,14.0
2011-03-04,13.77,13.89,13.70,13.85,1164200,13.8
2011-03-03,14.21,14.38,13.71,13.76,2198100,13.7
2011-03-02,14.06,14.29,13.98,14.15,1647400,14.1
2011-03-01,14.29,14.46,14.01,14.17,2850000,14.1
2011-02-28,13.98,14.42,13.86,14.29,2912200,14.2
2011-02-25,13.90,14.08,13.75,13.98,2172500,13.9
2011-02-24,14.17,14.19,13.69,13.90,3087600,13.9
2011-02-23,14.29,14.62,14.14,14.18,4350400,14.1
2011-02-22,14.01,14.30,13.77,14.29,5542600,14.2
2011-02-21,13.43,14.45,13.43,14.26,7871500,14.2
2011-02-18,13.33,13.57,13.21,13.52,2169200,13.5
2011-02-17,13.45,13.45,13.19,13.32,1657500,13.3
2011-02-16,13.30,13.45,13.20,13.39,1975500,13.3
2011-02-15,13.20,13.82,13.12,13.35,3341500,13.3
2011-02-14,13.16,13.28,13.01,13.20,2045500,13.2
2011-02-11,12.80,13.30,12.63,13.15,2626400,13.1
2011-02-10,12.45,12.74,12.45,12.73,1020600,12.7
2011-02-09,12.84,12.93,12.50,12.50,1398300,12.5
2011-02-01,12.99,13.19,12.36,13.01,1520600,13.0
2011-01-31,12.68,13.25,12.63,12.99,1840300,12.9
2011-01-28,12.80,12.85,12.66,12.76,1098500,12.7
2011-01-27,12.43,12.92,12.43,12.79,1071800,12.7
2011-01-26,12.75,12.85,12.63,12.81,1047500,12.8
2011-01-25,12.44,12.85,12.29,12.75,1649000,12.7
2011-01-24,12.35,12.85,12.21,12.66,1729500,12.6
2011-01-21,12.26,12.50,12.12,12.27,612200,12.2
2011-01-20,12.61,12.76,12.20,12.26,723200,12.2
2011-01-19,12.40,12.98,12.39,12.80,610200,12.8
2011-01-18,12.25,12.45,12.10,12.43,466300,12.4
2011-01-17,12.89,12.89,12.27,12.27,1173700,12.2
2011-01-14,13.31,13.31,12.91,12.95,1025900,12.9
2011-01-13,13.45,13.46,13.29,13.31,670800,13.3
2011-01-12,13.20,13.29,13.13,13.29,876700,13.2
2011-01-11,13.18,13.25,13.05,13.23,706300,13.2
2011-01-10,13.42,13.54,13.16,13.20,992100,13.2
2011-01-07,13.44,13.59,13.34,13.52,1354100,13.5
2011-01-06,13.61,13.72,13.36,13.44,1407600,13.4
2011-01-05,13.84,13.85,13.61,13.66,1370900,13.6
2011-01-04,13.67,13.93,13.60,13.93,1892100,13.9
