Date,Open,High,Low,Close,Volume,Adj Clos
2005-12-30,22.18,22.68,22.10,22.43,193100,20.4
2005-12-29,21.60,22.28,21.60,22.18,508600,20.1
2005-12-28,21.85,21.85,21.58,21.59,115400,19.6
2005-12-27,21.95,21.95,21.45,21.72,276700,19.7
2005-12-26,21.24,21.65,21.00,21.55,330700,19.6
2005-12-23,21.33,21.39,20.82,21.07,126700,19.1
2005-12-22,20.81,21.30,20.70,21.30,368400,19.3
2005-12-21,20.88,20.94,20.76,20.80,434200,18.9
2005-12-20,20.70,20.96,19.00,20.88,399100,18.9
2005-12-19,20.71,21.48,20.58,20.73,26600,18.8
2005-12-16,20.95,21.10,20.67,20.76,94100,18.8
2005-12-15,20.40,20.98,20.15,20.95,1045900,19.0
2005-12-14,20.10,20.45,20.10,20.42,56200,18.5
2005-12-13,20.30,20.30,20.12,20.16,58700,18.3
2005-12-12,20.30,20.48,20.20,20.30,571900,18.4
2005-12-09,20.28,20.30,20.12,20.30,70100,18.4
2005-12-08,20.05,20.30,20.05,20.29,70600,18.4
2005-12-07,20.00,20.30,20.00,20.30,67600,18.4
2005-12-06,20.03,20.20,20.00,20.03,127000,18.2
2005-12-05,20.02,20.44,20.00,20.03,533300,18.2
2005-12-02,20.09,20.48,20.09,20.47,42100,18.6
2005-12-01,20.48,20.48,20.05,20.42,166100,18.5
2005-11-30,20.61,20.69,19.90,20.50,894600,18.6
2005-11-29,20.95,20.95,20.62,20.77,15900,18.8
2005-11-28,20.61,20.80,20.58,20.75,98100,18.8
2005-11-25,20.62,20.94,20.45,20.87,106800,18.9
2005-11-24,21.00,21.01,20.60,20.77,145200,18.8
2005-11-23,20.90,21.14,20.80,20.92,27400,19.0
2005-11-22,21.30,21.30,20.50,20.92,454800,19.0
2005-11-21,21.00,21.30,20.80,21.30,48700,19.3
2005-11-18,20.90,22.00,20.50,20.94,312600,19.0
2005-11-17,21.05,21.05,20.51,20.71,150500,18.8
2005-11-16,20.71,21.46,20.71,21.00,271900,19.1
2005-11-15,20.80,21.35,20.64,21.00,271100,19.1
2005-11-14,21.50,21.69,20.83,20.98,82500,19.0
2005-11-11,21.62,21.65,21.32,21.60,37400,19.6
2005-11-10,21.40,21.69,21.30,21.62,66900,19.6
2005-11-09,21.65,21.67,21.38,21.44,39000,19.5
2005-11-08,21.10,21.70,21.10,21.67,74600,19.7
2005-11-07,21.64,21.71,21.64,21.66,76300,19.7
2005-11-04,21.75,22.00,21.46,21.98,49900,19.9
2005-11-03,22.00,22.00,21.30,21.66,107000,19.7
2005-11-02,21.76,22.30,21.70,21.90,56300,19.9
2005-11-01,21.70,21.99,21.29,21.76,132000,19.7
2005-10-31,20.89,21.68,20.00,21.62,220800,19.6
2005-10-28,21.90,21.90,20.60,20.96,330600,19.0
2005-10-27,21.30,21.90,21.05,21.49,103800,19.5
2005-10-26,21.54,21.77,21.10,21.31,1343000,19.3
2005-10-25,23.00,23.18,21.50,21.78,562900,19.8
2005-10-24,22.02,23.30,22.02,22.99,1677300,20.9
2005-10-21,22.80,22.80,22.00,22.03,90300,20.0
2005-10-20,22.05,22.15,21.81,22.00,156800,20.0
2005-10-19,21.72,23.00,21.72,22.02,333300,20.0
2005-10-18,22.00,22.43,21.06,21.72,308500,19.7
2005-10-17,21.42,22.15,21.40,22.08,602300,20.0
2005-10-14,21.55,21.84,21.35,21.42,381900,19.4
2005-10-13,20.40,21.88,20.40,21.51,544100,19.5
2005-10-12,20.58,20.62,20.30,20.60,42600,18.7
2005-10-11,20.29,20.58,20.29,20.58,72800,18.7
2005-10-10,20.00,20.85,20.00,20.29,32600,18.4
2005-10-07,20.60,20.60,20.60,20.60,000,18.7
2005-10-06,20.60,20.60,20.60,20.60,000,18.7
2005-10-05,20.60,20.60,20.60,20.60,000,18.7
2005-10-04,20.60,20.60,20.60,20.60,000,18.7
2005-10-03,20.60,20.60,20.60,20.60,000,18.7
2005-09-30,20.65,20.77,20.40,20.60,143600,18.7
2005-09-29,20.99,21.10,20.61,20.88,493300,18.9
2005-09-28,20.78,21.00,20.58,20.98,105600,19.0
2005-09-27,20.50,20.92,20.40,20.80,220700,18.9
2005-09-26,20.59,20.60,20.32,20.55,235500,18.6
2005-09-23,19.70,20.79,19.70,20.60,225400,18.7
2005-09-22,20.00,20.60,19.99,20.17,1018100,18.3
2005-09-21,20.92,21.00,20.20,20.21,1331900,18.3
2005-09-20,21.40,21.40,20.60,20.94,852200,19.0
2005-09-19,20.77,21.36,20.58,21.20,703100,19.2
2005-09-16,20.56,20.80,20.28,20.77,162500,18.8
2005-09-15,20.70,20.78,20.00,20.55,347100,18.6
2005-09-14,21.08,21.08,20.60,20.76,277400,18.8
2005-09-13,20.45,20.98,20.20,20.85,696100,18.9
2005-09-12,20.00,20.88,19.80,20.47,376500,18.6
2005-09-09,20.15,20.15,19.80,20.00,221900,18.1
2005-09-08,19.35,20.35,19.35,20.15,1073000,18.3
2005-09-07,18.74,19.38,18.74,19.35,630300,17.6
2005-09-06,18.88,18.91,18.50,18.77,226100,17.0
2005-09-05,18.91,18.99,18.71,18.88,144100,17.1
2005-09-02,18.85,18.92,18.61,18.92,416400,17.2
2005-09-01,18.41,19.02,18.30,18.85,633400,17.1
2005-08-31,17.80,18.57,17.71,18.40,623800,16.7
2005-08-30,17.52,17.92,17.52,17.84,94200,16.2
2005-08-29,17.70,17.79,17.60,17.79,66500,16.1
2005-08-26,17.97,17.97,17.40,17.70,70100,16.1
2005-08-25,17.68,18.00,17.40,17.50,162600,15.9
2005-08-24,17.54,17.98,17.23,17.70,205500,16.1
2005-08-23,17.43,17.47,17.21,17.44,365300,15.8
2005-08-22,17.52,17.70,17.28,17.41,205700,15.8
2005-08-19,16.99,17.85,16.91,17.54,539000,15.9
2005-08-18,18.20,18.20,17.57,17.96,318400,16.3
2005-08-17,18.14,18.20,17.80,18.00,290400,16.3
2005-08-16,18.14,18.45,17.91,18.21,707300,16.5
2005-08-15,17.88,18.18,17.75,18.18,277100,16.5
2005-08-12,18.05,18.47,17.70,17.94,880400,16.3
2005-08-11,17.72,18.18,17.69,18.00,1038000,16.3
2005-08-10,17.85,17.85,17.65,17.70,166200,16.1
2005-08-09,18.26,18.26,17.80,17.80,171300,16.1
2005-08-08,17.70,18.39,17.62,18.10,534400,16.4
2005-08-05,17.28,17.68,17.28,17.67,265400,16.0
2005-08-04,17.63,17.65,17.36,17.45,154600,15.8
2005-08-03,17.57,17.89,17.31,17.65,194300,16.0
2005-08-02,17.35,17.57,17.32,17.57,58700,15.9
2005-08-01,17.18,17.53,17.02,17.41,87300,15.8
2005-07-29,17.70,17.88,17.21,17.48,727100,15.9
2005-07-28,17.55,17.95,17.55,17.75,400500,16.1
2005-07-27,17.50,17.70,17.30,17.49,447500,15.9
2005-07-26,17.47,17.89,17.31,17.50,562500,15.9
2005-07-25,16.50,17.30,16.50,17.26,271500,15.7
2005-07-22,16.35,17.30,16.35,16.82,137800,15.3
2005-07-21,17.06,17.06,16.75,17.00,140800,15.4
2005-07-20,16.50,17.10,16.30,17.00,1113400,15.4
2005-07-19,16.51,16.78,16.10,16.77,36800,15.2
2005-07-18,16.70,16.81,16.30,16.51,560900,15.0
2005-07-15,17.01,17.01,17.01,17.01,000,15.4
2005-07-14,17.20,17.42,17.01,17.01,281100,15.4
2005-07-13,17.88,17.88,17.16,17.41,362400,15.8
2005-07-12,17.32,17.83,17.08,17.78,451500,16.1
2005-07-11,17.65,18.00,17.50,17.50,146800,15.9
2005-07-08,17.10,17.60,17.10,17.50,341100,15.9
2005-07-07,16.82,17.05,16.82,17.05,73800,15.5
2005-07-06,17.01,17.27,16.80,16.99,64200,15.4
2005-07-05,17.14,17.14,16.90,16.92,25100,15.3
2005-07-04,16.81,17.15,16.72,16.86,21300,15.3
2005-07-01,16.86,16.98,16.78,16.81,251300,15.2
2005-06-30,16.80,17.10,16.80,17.01,88000,15.4
2005-06-29,17.29,17.52,16.97,16.98,462000,15.4
2005-06-28,17.69,17.97,17.22,17.33,221500,15.7
2005-06-27,17.65,18.00,17.58,17.70,906400,16.1
2005-06-24,17.61,17.65,17.30,17.60,148400,16.0
2005-06-23,17.72,17.98,17.60,17.79,182900,16.1
2005-06-22,17.60,17.99,17.50,17.79,565500,16.1
2005-06-21,18.30,18.50,17.50,17.75,517100,16.1
2005-06-20,17.51,19.18,17.50,18.30,474200,16.6
2005-06-17,17.40,18.35,17.34,17.65,175800,16.0
2005-06-16,17.31,17.79,16.86,17.51,91400,15.9
2005-06-15,17.75,18.48,17.20,17.35,562500,15.7
2005-06-14,18.40,18.42,17.81,17.81,392100,16.2
2005-06-13,18.55,18.55,18.10,18.33,184900,16.6
2005-06-10,18.95,18.95,18.43,18.55,373500,16.8
2005-06-09,19.00,19.60,18.68,19.00,939600,17.2
2005-06-08,17.88,19.35,17.80,19.14,1826200,17.4
2005-06-07,16.47,18.40,16.47,17.63,1494100,16.0
2005-06-06,16.35,17.10,16.00,17.05,621700,15.5
2005-06-03,16.30,16.80,16.10,16.50,692700,15.0
2005-06-02,17.21,18.00,16.60,16.75,729100,15.2
2005-06-01,18.34,18.34,18.34,18.34,000,16.6
2005-05-31,18.25,18.58,18.05,18.34,538500,16.6
2005-05-30,17.92,18.50,17.60,18.15,281600,16.5
2005-05-27,18.00,18.60,17.90,18.08,612100,16.4
2005-05-26,18.73,19.00,17.90,18.58,566500,16.9
2005-05-25,19.19,19.23,18.60,19.17,144200,17.4
2005-05-24,18.30,19.50,17.90,19.39,313500,17.6
2005-05-23,18.12,18.90,18.12,18.50,128300,16.8
2005-05-20,19.05,19.05,18.75,19.00,142900,17.2
2005-05-19,18.79,19.20,18.50,18.91,209800,17.2
2005-05-18,19.58,19.58,18.62,19.00,622100,17.2
2005-05-17,19.18,19.78,19.02,19.53,276800,17.7
2005-05-16,18.20,19.90,18.02,19.20,562600,17.4
2005-05-13,18.15,18.60,18.00,18.31,223900,16.6
2005-05-12,18.75,18.75,17.86,18.40,902300,16.7
2005-05-11,19.00,19.29,18.80,18.95,640800,17.2
2005-05-10,19.80,20.10,19.00,19.11,1273700,17.3
2005-05-09,20.09,20.12,19.50,19.80,226400,18.0
2005-05-06,19.86,19.86,19.86,19.86,000,18.0
2005-05-05,19.86,19.86,19.86,19.86,000,18.0
2005-05-04,19.86,19.86,19.86,19.86,000,18.0
2005-05-03,19.86,19.86,19.86,19.86,000,18.0
2005-05-02,19.86,19.86,19.86,19.86,000,18.0
2005-04-29,20.02,20.40,19.36,19.86,589900,18.0
2005-04-28,20.40,20.68,20.00,20.48,954300,18.1
2005-04-27,21.25,21.36,20.30,20.50,969500,18.1
2005-04-26,19.00,21.25,19.00,21.25,1331800,18.8
2005-04-25,18.40,19.72,18.32,19.32,638200,17.1
2005-04-22,18.00,18.85,18.00,18.79,459500,16.6
2005-04-21,18.19,19.00,17.90,18.68,1506900,16.5
2005-04-20,16.80,18.19,16.75,18.19,3426600,16.1
2005-04-19,16.54,16.54,16.54,16.54,000,14.6
2005-04-18,16.50,16.70,16.50,16.54,109300,14.6
2005-04-15,16.90,16.90,16.55,16.71,194200,14.8
2005-04-14,17.00,17.00,16.80,16.94,164300,15.0
2005-04-13,17.00,17.20,16.86,17.03,176100,15.1
2005-04-12,16.99,17.05,16.62,16.80,157300,14.9
2005-04-11,17.50,17.79,16.50,17.05,595700,15.1
2005-04-08,17.30,17.59,17.30,17.45,223400,15.4
2005-04-07,17.40,17.93,17.36,17.37,494400,15.4
2005-04-06,16.70,17.60,16.70,17.51,613100,15.5
2005-04-05,16.90,17.10,16.65,16.87,599400,14.9
2005-04-04,16.20,17.15,16.20,16.90,767600,14.9
2005-04-01,15.55,16.62,15.55,16.24,677800,14.4
2005-03-31,15.70,15.80,15.50,15.62,149900,13.8
2005-03-30,15.82,16.20,15.71,15.77,429100,13.9
2005-03-29,15.70,16.28,15.51,16.19,347100,14.3
2005-03-28,15.50,15.80,15.50,15.70,153000,13.9
2005-03-25,15.45,15.78,15.45,15.62,364000,13.8
2005-03-24,15.60,15.60,15.25,15.41,564900,13.6
2005-03-23,16.26,16.26,15.60,15.66,562000,13.8
2005-03-22,16.10,16.53,16.00,16.27,662000,14.4
2005-03-21,15.50,16.20,15.40,16.10,545900,14.2
2005-03-18,15.64,15.79,15.32,15.67,305000,13.9
2005-03-17,15.00,15.88,14.90,15.64,789200,13.8
2005-03-16,15.00,15.05,14.70,15.01,602200,13.3
2005-03-15,14.70,15.00,14.48,15.00,366400,13.3
2005-03-14,14.21,14.92,14.00,14.80,789000,13.1
2005-03-11,14.01,14.21,13.90,14.21,187500,12.6
2005-03-10,14.28,14.28,13.86,14.06,608900,12.4
2005-03-09,14.38,14.38,14.14,14.28,159600,12.6
2005-03-08,14.30,14.38,14.00,14.28,297900,12.6
2005-03-07,13.88,14.39,13.86,14.22,516300,12.6
2005-03-04,13.68,13.85,13.55,13.84,355000,12.2
2005-03-03,13.19,13.50,13.18,13.44,39200,11.9
2005-03-02,13.16,13.56,13.16,13.49,51700,11.9
2005-03-01,13.57,13.61,13.41,13.58,35200,12.0
2005-02-28,13.22,13.62,13.18,13.57,90100,12.0
2005-02-25,13.21,13.64,13.10,13.40,125300,11.8
2005-02-24,13.06,13.30,13.06,13.22,61300,11.7
2005-02-23,13.05,13.32,13.05,13.10,88800,11.6
2005-02-22,13.10,13.39,13.00,13.38,266400,11.8
2005-02-21,13.20,13.25,12.90,13.05,192500,11.5
2005-02-18,13.45,13.64,13.22,13.23,230500,11.7
2005-02-17,13.60,13.90,13.29,13.45,282500,11.9
2005-02-16,13.50,13.60,13.25,13.55,207300,12.0
2005-02-15,13.52,13.52,13.52,13.52,000,12.0
2005-02-14,13.52,13.52,13.52,13.52,000,12.0
2005-02-11,13.52,13.52,13.52,13.52,000,12.0
2005-02-10,13.52,13.52,13.52,13.52,000,12.0
2005-02-09,13.52,13.52,13.52,13.52,000,12.0
2005-02-08,13.52,13.52,13.52,13.52,000,12.0
2005-02-07,13.52,13.52,13.52,13.52,000,12.0
2005-02-04,13.13,13.60,13.11,13.52,360900,12.0
2005-02-03,13.35,13.35,13.01,13.14,52300,11.6
2005-02-02,13.08,13.26,13.00,13.25,176800,11.7
2005-02-01,12.85,13.03,12.68,12.90,33900,11.4
2005-01-31,12.58,12.88,12.58,12.87,46200,11.4
2005-01-28,13.00,13.00,12.85,12.99,17400,11.5
2005-01-27,13.17,13.25,12.83,13.01,54600,11.5
2005-01-26,13.20,13.21,12.95,13.17,54600,11.6
2005-01-25,12.80,13.28,12.45,13.12,241600,11.6
2005-01-24,12.77,12.98,12.66,12.77,25000,11.3
2005-01-21,12.40,12.72,12.10,12.60,158600,11.1
2005-01-20,12.60,12.64,12.40,12.57,68300,11.1
2005-01-19,12.60,12.76,12.58,12.76,24400,11.3
2005-01-18,12.58,12.80,12.58,12.80,62500,11.3
2005-01-17,13.13,13.13,12.58,12.61,100700,11.1
2005-01-14,12.93,12.97,12.85,12.87,24300,11.4
2005-01-13,13.00,13.00,12.80,12.93,109500,11.4
2005-01-12,12.89,12.90,12.75,12.90,430700,11.4
2005-01-11,12.80,12.85,12.61,12.84,86400,11.3
2005-01-10,12.65,12.88,12.51,12.79,188200,11.3
2005-01-07,12.60,12.78,12.55,12.65,21600,11.2
2005-01-06,12.63,12.78,12.51,12.58,76500,11.1
2005-01-05,12.52,12.78,12.50,12.68,15900,11.2
2005-01-04,12.50,12.60,12.37,12.60,25300,11.1
2005-01-03,12.79,12.79,12.79,12.79,000,11.3
