Date,Open,High,Low,Close,Volume,Adj Clos
2006-12-29,2.60,2.64,2.59,2.61,3390200,2.6
2006-12-28,2.66,2.70,2.60,2.60,2874900,2.6
2006-12-27,2.71,2.73,2.66,2.68,2027700,2.6
2006-12-26,2.77,2.78,2.70,2.71,2260700,2.7
2006-12-25,2.77,2.83,2.75,2.77,3423400,2.7
2006-12-22,2.73,2.79,2.72,2.77,4184100,2.7
2006-12-21,2.77,2.78,2.70,2.74,4074800,2.7
2006-12-20,2.66,2.75,2.63,2.75,3714800,2.7
2006-12-19,2.68,2.68,2.62,2.65,2670500,2.6
2006-12-18,2.70,2.71,2.67,2.68,2557400,2.6
2006-12-15,2.66,2.72,2.65,2.70,2089800,2.7
2006-12-14,2.64,2.69,2.62,2.67,2011300,2.6
2006-12-13,2.65,2.67,2.61,2.65,1376700,2.6
2006-12-12,2.67,2.69,2.60,2.65,1879200,2.6
2006-12-11,2.60,2.68,2.58,2.67,1699500,2.6
2006-12-08,2.80,2.80,2.60,2.62,3335900,2.6
2006-12-07,2.80,2.83,2.77,2.80,3050400,2.8
2006-12-06,2.81,2.86,2.75,2.82,4219400,2.8
2006-12-05,2.81,2.82,2.76,2.79,3010900,2.7
2006-12-04,2.78,2.81,2.74,2.81,3403300,2.8
2006-12-01,2.84,2.86,2.78,2.79,3343900,2.7
2006-11-30,2.76,2.86,2.76,2.82,8118100,2.8
2006-11-29,2.64,2.78,2.54,2.75,3462400,2.7
2006-11-28,2.64,2.66,2.63,2.65,1899700,2.6
2006-11-27,2.66,2.69,2.61,2.65,1905100,2.6
2006-11-24,2.62,2.66,2.60,2.65,2265700,2.6
2006-11-23,2.58,2.63,2.57,2.61,2138500,2.6
2006-11-22,2.57,2.60,2.52,2.58,2090000,2.5
2006-11-21,2.60,2.60,2.53,2.57,1448100,2.5
2006-11-20,2.54,2.61,2.51,2.60,2349900,2.6
2006-11-17,2.57,2.57,2.50,2.53,2184900,2.5
2006-11-16,2.63,2.64,2.55,2.56,1907200,2.5
2006-11-15,2.61,2.63,2.57,2.63,1327000,2.6
2006-11-14,2.58,2.61,2.54,2.61,1531900,2.6
2006-11-13,2.73,2.73,2.52,2.57,2368900,2.5
2006-11-10,2.83,2.84,2.70,2.73,2155300,2.7
2006-11-09,2.81,2.83,2.78,2.82,1326600,2.8
2006-11-08,2.83,2.85,2.79,2.81,1225000,2.8
2006-11-07,2.85,2.87,2.80,2.82,2581300,2.8
2006-11-06,2.88,2.88,2.84,2.86,1521000,2.8
2006-11-03,2.89,2.92,2.85,2.89,2074300,2.8
2006-11-02,2.94,2.99,2.85,2.88,3271100,2.8
2006-11-01,2.87,3.06,2.80,2.97,5267000,2.9
2006-10-31,2.79,2.92,2.75,2.89,3225800,2.8
2006-10-30,2.86,2.86,2.76,2.80,2578000,2.8
2006-10-27,2.90,2.93,2.85,2.86,2043200,2.8
2006-10-26,2.90,2.92,2.87,2.91,1467200,2.9
2006-10-25,3.00,3.01,2.85,2.90,3305800,2.9
2006-10-24,2.94,3.00,2.93,2.99,2004400,2.9
2006-10-23,3.05,3.07,2.85,2.94,3336500,2.9
2006-10-20,3.10,3.13,3.02,3.04,3495900,3.0
2006-10-19,3.12,3.13,3.10,3.11,2295200,3.1
2006-10-18,3.11,3.14,3.10,3.13,1579300,3.1
2006-10-17,3.11,3.14,3.09,3.13,1656300,3.1
2006-10-16,3.18,3.18,3.10,3.11,3192400,3.1
2006-10-13,3.14,3.22,3.12,3.16,2356600,3.1
2006-10-12,3.21,3.21,3.14,3.15,3513400,3.1
2006-10-11,3.21,3.24,3.15,3.21,2665500,3.2
2006-10-10,3.26,3.27,3.19,3.21,3783200,3.2
2006-10-09,3.21,3.26,3.15,3.25,9181800,3.2
2006-10-06,3.14,3.14,3.14,3.14,000,3.1
2006-10-05,3.14,3.14,3.14,3.14,000,3.1
2006-10-04,3.14,3.14,3.14,3.14,000,3.1
2006-10-03,3.14,3.14,3.14,3.14,000,3.1
2006-10-02,3.14,3.14,3.14,3.14,000,3.1
2006-09-29,3.14,3.15,3.11,3.14,2935300,3.1
2006-09-28,3.12,3.17,3.10,3.13,2548600,3.1
2006-09-27,3.12,3.12,3.07,3.10,2519400,3.1
2006-09-26,3.15,3.17,3.09,3.12,2300700,3.1
2006-09-25,3.13,3.14,3.08,3.13,2878200,3.1
2006-09-22,3.17,3.17,3.08,3.12,3156700,3.1
2006-09-21,3.17,3.19,3.10,3.14,3453800,3.1
2006-09-20,3.14,3.16,3.08,3.16,3543300,3.1
2006-09-19,3.13,3.21,3.10,3.14,4029900,3.1
2006-09-18,3.10,3.13,3.05,3.11,2851800,3.1
2006-09-15,3.07,3.12,3.05,3.07,2868500,3.0
2006-09-14,3.10,3.13,3.04,3.07,3641900,3.0
2006-09-13,3.20,3.21,3.10,3.11,3440500,3.1
2006-09-12,3.17,3.24,3.12,3.21,4429500,3.2
2006-09-11,3.12,3.19,3.07,3.17,2719300,3.1
2006-09-08,3.14,3.19,3.11,3.14,2207400,3.1
2006-09-07,3.25,3.25,3.10,3.14,4041300,3.1
2006-09-06,3.17,3.22,3.11,3.22,4166200,3.2
2006-09-05,3.22,3.23,3.14,3.18,3239700,3.1
2006-09-04,3.13,3.22,3.11,3.19,4183700,3.1
2006-09-01,3.26,3.28,3.11,3.14,6886900,3.1
2006-08-31,3.32,3.32,3.24,3.27,6103200,3.2
2006-08-30,3.37,3.37,3.29,3.32,7012000,3.3
2006-08-29,3.27,3.37,3.25,3.36,10102000,3.3
2006-08-28,3.22,3.36,3.22,3.28,11058800,3.2
2006-08-25,3.38,3.40,3.20,3.22,17137300,3.2
2006-08-24,3.01,3.31,2.96,3.31,19136800,3.3
2006-08-23,3.08,3.11,2.98,3.01,4755900,3.0
2006-08-22,3.09,3.14,3.07,3.08,6581200,3.0
2006-08-21,2.94,3.15,2.87,3.13,8819100,3.1
2006-08-18,2.96,3.05,2.90,3.02,5208800,3.0
2006-08-17,3.01,3.03,2.89,2.96,2883400,2.9
2006-08-16,2.92,3.06,2.91,3.03,3655000,3.0
2006-08-15,2.92,2.95,2.82,2.94,2505400,2.9
2006-08-14,3.03,3.06,2.90,2.91,3185000,2.9
2006-08-11,3.06,3.07,2.96,3.04,3108800,3.0
2006-08-10,3.04,3.13,3.03,3.06,4871200,3.0
2006-08-09,3.09,3.09,3.00,3.05,6743800,3.0
2006-08-08,2.86,3.10,2.85,3.10,11822100,3.1
2006-08-07,2.87,2.87,2.75,2.83,1625000,2.8
2006-08-04,2.94,2.94,2.79,2.80,2031600,2.8
2006-08-03,2.90,2.95,2.84,2.93,1859900,2.9
2006-08-02,2.90,2.90,2.78,2.84,1598100,2.8
2006-08-01,3.00,3.00,2.80,2.85,3685100,2.8
2006-07-31,3.05,3.05,2.89,2.97,3480500,2.9
2006-07-28,3.04,3.06,2.98,3.03,3535000,3.0
2006-07-27,2.97,3.06,2.95,3.05,5339900,3.0
2006-07-26,3.00,3.02,2.94,2.98,2030300,2.9
2006-07-25,3.01,3.05,2.98,3.00,2925200,3.0
2006-07-24,2.92,3.05,2.85,3.01,4910700,3.0
2006-07-21,2.82,2.96,2.82,2.96,3267300,2.9
2006-07-20,2.80,2.83,2.78,2.82,1633300,2.8
2006-07-19,2.87,2.88,2.79,2.80,1881300,2.8
2006-07-18,2.87,2.89,2.79,2.88,2172600,2.8
2006-07-17,2.86,2.89,2.84,2.88,1895000,2.8
2006-07-14,2.80,2.90,2.76,2.85,2962100,2.8
2006-07-13,3.06,3.13,2.85,2.85,6288200,2.8
2006-07-12,3.02,3.12,2.98,3.06,5153000,3.0
2006-07-11,2.99,3.05,2.95,3.02,2719800,3.0
2006-07-10,3.01,3.01,2.94,2.98,2901400,2.9
2006-07-07,3.07,3.08,3.00,3.01,3184900,3.0
2006-07-06,3.00,3.09,3.00,3.07,3242000,3.0
2006-07-05,3.11,3.14,2.98,3.03,3375600,3.0
2006-07-04,3.06,3.19,3.06,3.11,7199500,3.1
2006-07-03,3.06,3.08,3.00,3.06,4122500,3.0
2006-06-30,3.07,3.15,3.02,3.06,4817900,3.0
2006-06-29,3.06,3.10,3.01,3.07,6364700,3.0
2006-06-28,2.89,3.10,2.89,3.06,8639900,3.0
2006-06-27,2.86,2.88,2.80,2.88,2705600,2.8
2006-06-26,2.80,2.90,2.80,2.86,2746200,2.8
2006-06-23,2.78,2.83,2.76,2.80,1941100,2.8
2006-06-22,2.76,2.82,2.76,2.78,1887600,2.7
2006-06-21,2.83,2.84,2.77,2.81,2995800,2.8
2006-06-20,2.88,2.88,2.80,2.85,2735700,2.8
2006-06-19,2.86,2.90,2.82,2.88,2403800,2.8
2006-06-16,2.86,2.90,2.83,2.89,2078500,2.8
2006-06-15,2.80,2.87,2.79,2.85,2048200,2.8
2006-06-14,2.92,2.95,2.73,2.85,2988100,2.8
2006-06-13,3.03,3.07,2.95,2.97,3904800,2.9
2006-06-12,3.09,3.09,2.95,3.03,5959100,3.0
2006-06-09,2.95,3.18,2.95,3.11,20965500,3.1
2006-06-08,2.81,2.96,2.56,2.93,5648400,2.9
2006-06-07,3.07,3.09,2.80,2.80,4773200,2.8
2006-06-06,3.11,3.13,3.03,3.04,5383500,3.0
2006-06-05,3.06,3.11,3.00,3.10,6537000,3.1
2006-06-02,3.06,3.06,3.06,3.06,000,3.0
2006-06-01,2.94,3.06,2.89,3.06,7271100,3.0
2006-05-31,2.98,3.04,2.94,2.95,5872900,2.9
2006-05-30,2.90,2.99,2.87,2.99,5683500,2.9
2006-05-29,2.86,2.95,2.84,2.90,3722000,2.9
2006-05-26,2.84,2.88,2.80,2.85,2911300,2.8
2006-05-25,2.80,2.83,2.75,2.83,2557800,2.8
2006-05-24,2.89,2.98,2.73,2.78,4735900,2.7
2006-05-23,3.10,3.11,2.88,2.89,6041300,2.8
2006-05-22,2.90,3.18,2.90,3.10,7789300,3.1
2006-05-19,2.85,2.94,2.76,2.90,6720500,2.9
2006-05-18,2.91,2.91,2.69,2.86,8794200,2.8
2006-05-17,3.20,3.21,2.89,2.91,12281900,2.9
2006-05-16,3.50,3.70,3.10,3.21,28330500,3.2
2006-05-15,3.12,3.12,3.12,3.12,000,3.1
2006-05-12,3.12,3.12,3.12,3.12,000,3.1
2006-05-11,3.12,3.12,3.12,3.12,000,3.1
2006-05-10,3.12,3.12,3.12,3.12,000,3.1
2006-05-09,3.12,3.12,3.12,3.12,000,3.1
2006-05-08,3.12,3.12,3.12,3.12,000,3.1
2006-05-05,3.12,3.12,3.12,3.12,000,3.1
2006-05-04,3.12,3.12,3.12,3.12,000,3.1
2006-05-03,3.12,3.12,3.12,3.12,000,3.1
2006-05-02,3.12,3.12,3.12,3.12,000,3.1
2006-05-01,3.12,3.12,3.12,3.12,000,3.1
2006-04-28,3.12,3.12,3.12,3.12,000,3.1
2006-04-27,3.12,3.12,3.12,3.12,000,3.1
2006-04-26,3.12,3.12,3.12,3.12,000,3.1
2006-04-25,3.12,3.12,3.12,3.12,000,3.1
2006-04-24,3.12,3.12,3.12,3.12,000,3.1
2006-04-21,3.12,3.12,3.12,3.12,000,3.1
2006-04-20,3.12,3.12,3.12,3.12,000,3.1
2006-04-19,3.12,3.12,3.12,3.12,000,3.1
2006-04-18,3.01,3.12,2.98,3.12,6509100,3.1
2006-04-17,2.84,2.98,2.83,2.98,6507700,2.9
2006-04-14,2.88,2.91,2.78,2.84,11329000,2.8
2006-04-13,2.86,2.86,2.74,2.84,4109000,2.8
2006-04-12,2.76,2.86,2.74,2.78,5282800,2.7
2006-04-11,2.65,2.76,2.58,2.76,6263000,2.7
2006-04-10,2.50,2.63,2.46,2.63,3681200,2.6
2006-04-07,2.50,2.55,2.47,2.50,2010700,2.5
2006-04-06,2.49,2.54,2.48,2.50,1773300,2.5
2006-04-05,2.51,2.51,2.48,2.50,1717200,2.5
2006-04-04,2.49,2.53,2.46,2.51,1972600,2.5
2006-04-03,2.41,2.52,2.40,2.50,3073500,2.5
2006-03-31,2.45,2.46,2.40,2.43,1680900,2.4
2006-03-30,2.46,2.47,2.39,2.47,5473200,2.4
2006-03-29,2.35,2.35,2.35,2.35,000,2.3
2006-03-28,2.35,2.35,2.35,2.35,000,2.3
2006-03-27,2.35,2.35,2.35,2.35,000,2.3
2006-03-24,2.35,2.35,2.35,2.35,000,2.3
2006-03-23,2.35,2.35,2.35,2.35,000,2.3
2006-03-22,2.35,2.35,2.35,2.35,000,2.3
2006-03-21,2.35,2.35,2.35,2.35,000,2.3
2006-03-20,2.35,2.35,2.35,2.35,000,2.3
2006-03-17,2.35,2.37,2.33,2.35,791900,2.3
2006-03-16,2.34,2.40,2.29,2.37,1687100,2.3
2006-03-15,2.41,2.43,2.33,2.35,1571000,2.3
2006-03-14,2.33,2.42,2.30,2.41,1992900,2.4
2006-03-13,2.23,2.35,2.22,2.34,1311400,2.3
2006-03-10,2.27,2.30,2.25,2.28,837800,2.2
2006-03-09,2.25,2.30,2.24,2.30,995500,2.3
2006-03-08,2.31,2.36,2.24,2.26,1610100,2.2
2006-03-07,2.48,2.48,2.36,2.36,1269000,2.3
2006-03-06,2.46,2.50,2.44,2.48,1217700,2.4
2006-03-03,2.43,2.47,2.41,2.46,1283200,2.4
2006-03-02,2.45,2.49,2.42,2.43,1564500,2.4
2006-03-01,2.45,2.49,2.41,2.46,1512800,2.4
2006-02-28,2.44,2.50,2.42,2.46,1112700,2.4
2006-02-27,2.52,2.54,2.44,2.46,1972200,2.4
2006-02-24,2.54,2.57,2.50,2.52,1352200,2.5
2006-02-23,2.52,2.58,2.47,2.53,1444000,2.5
2006-02-22,2.58,2.59,2.52,2.52,1335000,2.5
2006-02-21,2.55,2.59,2.52,2.58,1673300,2.5
2006-02-20,2.46,2.59,2.44,2.57,2263500,2.5
2006-02-17,2.45,2.50,2.42,2.47,1848600,2.4
2006-02-16,2.57,2.60,2.46,2.47,2867900,2.4
2006-02-15,2.56,2.64,2.55,2.59,2130300,2.5
2006-02-14,2.55,2.59,2.50,2.59,2069200,2.5
2006-02-13,2.61,2.66,2.55,2.56,3954300,2.5
2006-02-10,2.62,2.71,2.55,2.63,6160900,2.6
2006-02-09,2.60,2.70,2.59,2.64,13541900,2.6
2006-02-08,2.48,2.58,2.44,2.57,3472800,2.5
2006-02-07,2.51,2.51,2.42,2.49,4813700,2.4
2006-02-06,2.38,2.49,2.37,2.48,5649700,2.4
2006-02-03,2.38,2.38,2.38,2.38,000,2.3
2006-02-02,2.38,2.38,2.38,2.38,000,2.3
2006-02-01,2.38,2.38,2.38,2.38,000,2.3
2006-01-31,2.38,2.38,2.38,2.38,000,2.3
2006-01-30,2.38,2.38,2.38,2.38,000,2.3
2006-01-27,2.38,2.38,2.38,2.38,000,2.3
2006-01-26,2.38,2.38,2.38,2.38,000,2.3
2006-01-25,2.28,2.38,2.22,2.38,5101400,2.3
2006-01-24,2.25,2.29,2.24,2.27,1975300,2.2
2006-01-23,2.29,2.29,2.22,2.25,3108200,2.2
2006-01-20,2.32,2.35,2.27,2.29,5124200,2.2
2006-01-19,2.21,2.32,2.19,2.32,5530600,2.3
2006-01-18,2.20,2.22,2.18,2.21,1609900,2.2
2006-01-17,2.18,2.21,2.16,2.21,1201900,2.2
2006-01-16,2.23,2.23,2.18,2.18,1509300,2.1
2006-01-13,2.24,2.24,2.20,2.23,1730000,2.2
2006-01-12,2.24,2.26,2.21,2.24,1659100,2.2
2006-01-11,2.22,2.27,2.21,2.24,2621100,2.2
2006-01-10,2.20,2.23,2.19,2.22,1453000,2.2
2006-01-09,2.19,2.21,2.16,2.21,1378400,2.2
2006-01-06,2.16,2.23,2.14,2.19,2381000,2.1
2006-01-05,2.16,2.17,2.13,2.16,1174400,2.1
2006-01-04,2.14,2.16,2.13,2.16,1120000,2.1
2006-01-03,2.15,2.15,2.15,2.15,000,2.1
2006-01-02,2.15,2.15,2.15,2.15,000,2.1
