Date,Open,High,Low,Close,Volume,Adj Clos
2005-12-30,3.05,3.05,3.05,3.05,000,3.0
2005-12-29,3.06,3.06,3.02,3.05,1707600,3.0
2005-12-28,3.10,3.10,3.02,3.05,1026500,3.0
2005-12-27,3.05,3.11,3.03,3.06,2615900,3.0
2005-12-26,2.96,3.06,2.95,3.04,3098300,3.0
2005-12-23,2.96,2.97,2.93,2.97,876200,2.9
2005-12-22,2.94,2.96,2.92,2.95,622400,2.9
2005-12-21,3.00,3.00,2.92,2.93,1278300,2.9
2005-12-20,2.98,3.01,2.97,3.00,840700,3.0
2005-12-19,2.99,3.04,2.96,3.00,1680000,3.0
2005-12-16,2.96,3.00,2.93,2.99,1197500,2.9
2005-12-15,2.98,2.98,2.92,2.96,905000,2.9
2005-12-14,2.96,2.98,2.92,2.97,1001500,2.9
2005-12-13,3.00,3.00,2.96,2.99,606100,2.9
2005-12-12,3.00,3.00,3.00,3.00,000,3.0
2005-12-09,2.94,3.00,2.92,3.00,1526700,3.0
2005-12-08,3.00,3.01,2.92,2.96,1774700,2.9
2005-12-07,2.90,2.99,2.83,2.98,1218300,2.9
2005-12-06,2.93,2.94,2.83,2.88,931400,2.8
2005-12-05,2.94,2.94,2.88,2.93,838400,2.9
2005-12-02,2.90,2.95,2.90,2.91,783700,2.9
2005-12-01,2.99,3.00,2.93,2.94,1644600,2.9
2005-11-30,3.05,3.05,2.88,2.97,2735300,2.9
2005-11-29,3.06,3.11,3.02,3.03,823000,3.0
2005-11-28,3.03,3.13,3.03,3.09,1541600,3.0
2005-11-25,3.03,3.04,3.00,3.03,839300,3.0
2005-11-24,3.06,3.06,3.00,3.03,1196000,3.0
2005-11-23,3.01,3.06,2.99,3.04,1274600,3.0
2005-11-22,3.04,3.06,3.01,3.02,1381500,3.0
2005-11-21,3.07,3.08,3.02,3.04,1225600,3.0
2005-11-18,3.03,3.10,3.01,3.06,2189900,3.0
2005-11-17,3.06,3.06,3.00,3.03,1381600,3.0
2005-11-16,3.07,3.07,2.98,3.06,1982100,3.0
2005-11-15,3.08,3.15,3.05,3.07,1914400,3.0
2005-11-14,3.19,3.19,3.03,3.08,4797000,3.0
2005-11-11,3.10,3.19,3.10,3.19,10055900,3.1
2005-11-10,3.00,3.14,2.99,3.04,4740800,3.0
2005-11-09,3.02,3.07,2.98,2.99,4319900,2.9
2005-11-08,2.90,2.97,2.90,2.96,1611400,2.9
2005-11-07,2.87,2.91,2.82,2.91,1144300,2.9
2005-11-04,2.92,2.92,2.83,2.87,970100,2.8
2005-11-03,2.89,2.94,2.87,2.92,2003300,2.9
2005-11-02,2.85,2.92,2.84,2.89,1885000,2.8
2005-11-01,2.80,2.87,2.76,2.86,1583200,2.8
2005-10-31,2.76,2.86,2.76,2.82,1511400,2.8
2005-10-28,2.93,2.95,2.80,2.81,2363200,2.8
2005-10-27,2.89,2.97,2.87,2.95,1823400,2.9
2005-10-26,3.00,3.06,2.90,2.90,2288300,2.9
2005-10-25,3.15,3.16,3.00,3.04,3098000,3.0
2005-10-24,3.19,3.19,3.14,3.16,1657600,3.1
2005-10-21,3.10,3.26,3.07,3.19,4224300,3.1
2005-10-20,3.19,3.20,3.05,3.11,3227400,3.1
2005-10-19,3.21,3.24,3.15,3.17,2884500,3.1
2005-10-18,3.19,3.26,3.12,3.21,4158800,3.2
2005-10-17,3.09,3.15,3.06,3.15,2890300,3.1
2005-10-14,3.11,3.16,3.06,3.06,2910700,3.0
2005-10-13,3.07,3.20,3.07,3.11,5794100,3.1
2005-10-12,3.00,3.05,2.98,3.05,2537700,3.0
2005-10-11,2.90,3.01,2.85,2.99,1749500,2.9
2005-10-10,3.08,3.09,2.92,2.92,1886500,2.9
2005-10-07,3.07,3.07,3.07,3.07,000,3.0
2005-10-06,3.07,3.07,3.07,3.07,000,3.0
2005-10-05,3.07,3.07,3.07,3.07,000,3.0
2005-10-04,3.07,3.07,3.07,3.07,000,3.0
2005-10-03,3.07,3.07,3.07,3.07,000,3.0
2005-09-30,3.04,3.08,3.02,3.07,1402900,3.0
2005-09-29,2.98,3.07,2.96,3.06,2551200,3.0
2005-09-28,3.17,3.17,3.01,3.01,3078800,3.0
2005-09-27,3.17,3.28,3.10,3.17,4262800,3.1
2005-09-26,3.04,3.14,3.01,3.14,4578300,3.1
2005-09-23,3.08,3.12,2.97,2.99,3584800,2.9
2005-09-22,3.25,3.25,3.13,3.13,2203200,3.1
2005-09-21,3.29,3.29,3.29,3.29,000,3.2
2005-09-20,3.31,3.31,3.21,3.29,3324900,3.2
2005-09-19,3.23,3.31,3.15,3.29,4760100,3.2
2005-09-16,3.21,3.27,3.15,3.22,2674500,3.2
2005-09-15,3.05,3.23,3.04,3.22,6164000,3.2
2005-09-14,3.13,3.15,3.05,3.08,3257500,3.0
2005-09-13,3.01,3.18,2.97,3.13,4628600,3.1
2005-09-12,2.98,3.03,2.90,3.03,1477300,3.0
2005-09-09,3.04,3.05,2.93,2.95,1911200,2.9
2005-09-08,3.04,3.09,3.00,3.04,2916000,3.0
2005-09-07,2.96,3.00,2.90,3.00,2853400,3.0
2005-09-06,3.10,3.12,2.95,2.96,3528700,2.9
2005-09-05,2.96,3.05,2.94,3.05,2573900,3.0
2005-09-02,3.01,3.04,2.93,2.96,2255500,2.9
2005-09-01,2.86,3.01,2.83,2.99,3913200,2.9
2005-08-31,2.82,2.89,2.76,2.87,2586300,2.8
2005-08-30,2.83,3.00,2.78,2.83,4196300,2.8
2005-08-29,3.21,3.21,2.91,2.92,8590600,2.9
2005-08-26,3.04,3.06,3.01,3.06,3667100,3.0
2005-08-25,2.79,2.91,2.79,2.91,4449600,2.9
2005-08-24,2.76,2.81,2.72,2.77,979100,2.7
2005-08-23,2.75,2.79,2.71,2.74,1489500,2.7
2005-08-22,2.68,2.77,2.66,2.72,807300,2.7
2005-08-19,2.65,2.74,2.61,2.70,1645900,2.7
2005-08-18,2.83,2.83,2.69,2.69,2632500,2.6
2005-08-17,2.85,2.87,2.77,2.83,2231900,2.8
2005-08-16,2.83,2.88,2.77,2.87,2515100,2.8
2005-08-15,2.76,2.83,2.72,2.83,2393400,2.8
2005-08-12,2.81,2.88,2.70,2.80,3010800,2.8
2005-08-11,2.82,2.91,2.76,2.84,4940800,2.8
2005-08-10,2.66,2.79,2.66,2.79,5154500,2.7
2005-08-09,2.64,2.71,2.61,2.66,1520400,2.6
2005-08-08,2.71,2.75,2.64,2.64,2187100,2.6
2005-08-05,2.63,2.69,2.58,2.66,1969000,2.6
2005-08-04,2.57,2.69,2.55,2.64,3222100,2.6
2005-08-03,2.53,2.58,2.53,2.56,1657400,2.5
2005-08-02,2.52,2.55,2.47,2.54,669300,2.5
2005-08-01,2.51,2.57,2.50,2.52,704200,2.5
2005-07-29,2.53,2.58,2.49,2.53,1002000,2.5
2005-07-28,2.53,2.60,2.53,2.54,1989200,2.5
2005-07-27,2.50,2.55,2.48,2.53,1302900,2.5
2005-07-26,2.42,2.52,2.42,2.50,1096500,2.5
2005-07-25,2.57,2.57,2.44,2.45,2480400,2.4
2005-07-22,2.42,2.51,2.34,2.51,2199100,2.5
2005-07-21,2.40,2.43,2.32,2.39,899000,2.3
2005-07-20,2.40,2.41,2.33,2.39,1293800,2.3
2005-07-19,2.58,2.59,2.44,2.44,1061100,2.4
2005-07-18,2.55,2.60,2.52,2.57,1423800,2.5
2005-07-15,2.48,2.55,2.48,2.53,1224000,2.5
2005-07-14,2.43,2.56,2.43,2.50,1231300,2.5
2005-07-13,2.44,2.50,2.42,2.45,494000,2.4
2005-07-12,2.35,2.44,2.35,2.43,610000,2.4
2005-07-11,2.41,2.46,2.35,2.36,470700,2.3
2005-07-08,2.33,2.46,2.29,2.42,1111700,2.4
2005-07-07,2.28,2.38,2.28,2.34,607900,2.3
2005-07-06,2.42,2.49,2.32,2.32,2260900,2.3
2005-07-05,2.39,2.51,2.39,2.44,1598400,2.4
2005-07-04,2.63,2.65,2.52,2.52,909300,2.5
2005-07-01,2.63,2.72,2.60,2.65,2110200,2.6
2005-06-30,2.58,2.65,2.53,2.65,2895800,2.6
2005-06-29,2.51,2.53,2.48,2.52,348500,2.5
2005-06-28,2.53,2.53,2.47,2.50,425900,2.5
2005-06-27,2.47,2.56,2.47,2.55,1012200,2.5
2005-06-24,2.42,2.48,2.42,2.48,284100,2.4
2005-06-23,2.50,2.50,2.38,2.44,994800,2.4
2005-06-22,2.50,2.53,2.47,2.50,445400,2.5
2005-06-21,2.51,2.54,2.49,2.52,611100,2.5
2005-06-20,2.44,2.53,2.44,2.50,938700,2.5
2005-06-17,2.47,2.52,2.44,2.47,352000,2.4
2005-06-16,2.39,2.52,2.38,2.47,1449700,2.4
2005-06-15,2.50,2.54,2.39,2.40,2336600,2.4
2005-06-14,2.64,2.69,2.52,2.52,2440300,2.5
2005-06-13,2.65,2.70,2.63,2.65,633200,2.6
2005-06-10,2.63,2.73,2.63,2.66,1768300,2.6
2005-06-09,2.65,2.70,2.62,2.66,1319600,2.6
2005-06-08,2.53,2.66,2.53,2.66,1499200,2.6
2005-06-07,2.55,2.57,2.50,2.53,724100,2.5
2005-06-06,2.50,2.56,2.44,2.55,749300,2.5
2005-06-03,2.58,2.58,2.47,2.51,1539500,2.5
2005-06-02,2.57,2.61,2.56,2.60,677000,2.6
2005-06-01,2.64,2.67,2.59,2.60,640600,2.6
2005-05-31,2.64,2.71,2.62,2.64,724100,2.6
2005-05-30,2.54,2.70,2.53,2.67,1578900,2.6
2005-05-27,2.60,2.68,2.57,2.57,3138300,2.5
2005-05-26,2.85,2.85,2.71,2.71,1647300,2.7
2005-05-25,2.98,2.98,2.78,2.85,1550100,2.8
2005-05-24,2.86,2.86,2.86,2.86,000,2.8
2005-05-23,2.73,2.89,2.73,2.86,2210300,2.8
2005-05-20,2.82,2.83,2.73,2.75,1632100,2.7
2005-05-19,2.75,2.86,2.75,2.80,1958800,2.8
2005-05-18,2.69,2.82,2.67,2.81,5911300,2.8
2005-05-17,2.60,2.75,2.60,2.69,1485200,2.6
2005-05-16,2.58,2.66,2.55,2.66,1057300,2.6
2005-05-13,2.44,2.65,2.44,2.60,2847000,2.6
2005-05-12,2.82,2.82,2.56,2.56,5975100,2.5
2005-05-11,2.56,2.69,2.50,2.69,2200000,2.6
2005-05-10,2.69,2.69,2.46,2.56,7484100,2.5
2005-05-09,2.49,2.56,2.40,2.56,2164300,2.5
2005-05-06,2.44,2.44,2.44,2.44,000,2.4
2005-05-05,2.44,2.44,2.44,2.44,000,2.4
2005-05-04,2.44,2.44,2.44,2.44,000,2.4
2005-05-03,2.44,2.44,2.44,2.44,000,2.4
2005-05-02,2.44,2.44,2.44,2.44,000,2.4
2005-04-29,2.44,2.44,2.42,2.44,4041800,2.4
2005-04-28,2.32,2.32,2.32,2.32,1324500,2.3
2005-04-27,2.21,2.21,2.21,2.21,1061000,2.2
2005-04-26,1.91,2.10,1.90,2.10,4429700,2.1
2005-04-25,2.00,2.03,2.00,2.00,2638000,2.0
2005-04-22,2.10,2.10,2.10,2.10,000,2.1
2005-04-21,2.21,2.25,1.99,2.10,4065200,2.1
2005-04-20,2.00,2.21,2.00,2.21,5087400,2.2
2005-04-19,2.01,2.01,2.01,2.01,000,2.0
2005-04-18,2.05,2.06,2.01,2.01,594300,2.0
2005-04-15,2.17,2.17,2.03,2.05,1309100,2.0
2005-04-14,2.18,2.21,2.17,2.17,1164600,2.1
2005-04-13,2.20,2.23,2.15,2.17,898300,2.1
2005-04-12,2.22,2.22,2.15,2.15,780400,2.1
2005-04-11,2.15,2.25,2.13,2.24,1534800,2.2
2005-04-08,2.17,2.19,2.13,2.17,750400,2.1
2005-04-07,2.18,2.23,2.16,2.17,1233500,2.1
2005-04-06,2.20,2.21,2.10,2.18,987200,2.1
2005-04-05,2.16,2.17,2.09,2.14,797800,2.1
2005-04-04,2.09,2.19,2.02,2.16,1673600,2.1
2005-04-01,2.05,2.15,1.99,2.09,956600,2.0
2005-03-31,2.01,2.05,1.98,2.05,582600,2.0
2005-03-30,2.11,2.11,2.02,2.02,693400,2.0
2005-03-29,2.15,2.18,2.12,2.12,427200,2.1
2005-03-28,2.17,2.18,2.11,2.17,464800,2.1
2005-03-25,2.17,2.20,2.15,2.18,540100,2.1
2005-03-24,2.11,2.18,2.11,2.17,377400,2.1
2005-03-23,2.10,2.19,2.10,2.13,665100,2.1
2005-03-22,2.24,2.26,2.07,2.16,1355600,2.1
2005-03-21,2.33,2.35,2.25,2.30,1924300,2.3
2005-03-18,2.22,2.22,2.16,2.19,630000,2.1
2005-03-17,2.23,2.26,2.20,2.20,642100,2.2
2005-03-16,2.24,2.26,2.16,2.23,514900,2.2
2005-03-15,2.26,2.27,2.21,2.25,758900,2.2
2005-03-14,2.35,2.37,2.14,2.26,1665600,2.2
2005-03-11,2.38,2.41,2.33,2.37,871900,2.3
2005-03-10,2.50,2.50,2.38,2.38,1118200,2.3
2005-03-09,2.40,2.50,2.38,2.49,2335400,2.4
2005-03-08,2.40,2.43,2.38,2.42,1505200,2.4
2005-03-07,2.37,2.43,2.35,2.42,1015200,2.4
2005-03-04,2.40,2.43,2.35,2.38,1486300,2.3
2005-03-03,2.48,2.48,2.30,2.45,3760600,2.4
2005-03-02,2.51,2.64,2.50,2.56,9678500,2.5
2005-03-01,2.28,2.40,2.28,2.40,2250400,2.4
2005-02-28,2.28,2.32,2.27,2.29,887700,2.2
2005-02-25,2.36,2.38,2.30,2.30,1578600,2.3
2005-02-24,2.28,2.41,2.26,2.37,2274800,2.3
2005-02-23,2.31,2.33,2.27,2.30,1486600,2.3
2005-02-22,2.28,2.32,2.24,2.31,2192600,2.3
2005-02-21,2.26,2.31,2.21,2.28,1401900,2.2
2005-02-18,2.18,2.33,2.17,2.25,2480500,2.2
2005-02-17,2.18,2.26,2.12,2.22,1508800,2.2
2005-02-16,2.03,2.22,2.02,2.18,1993800,2.1
2005-02-15,2.03,2.03,2.03,2.03,000,2.0
2005-02-14,2.03,2.03,2.03,2.03,000,2.0
2005-02-11,2.03,2.03,2.03,2.03,000,2.0
2005-02-10,2.03,2.03,2.03,2.03,000,2.0
2005-02-09,2.03,2.03,2.03,2.03,000,2.0
2005-02-08,2.03,2.03,2.03,2.03,000,2.0
2005-02-07,2.03,2.03,2.03,2.03,000,2.0
2005-02-04,2.05,2.07,2.02,2.03,975800,2.0
2005-02-03,2.08,2.12,2.00,2.06,1403600,2.0
2005-02-02,1.95,2.12,1.95,2.09,2164200,2.0
2005-02-01,2.17,2.20,1.97,1.98,2071200,1.9
2005-01-31,2.15,2.23,2.13,2.19,2048500,2.1
2005-01-28,2.32,2.35,2.30,2.30,1491900,2.3
2005-01-27,2.60,2.60,2.52,2.55,284900,2.5
2005-01-26,2.66,2.66,2.60,2.60,302300,2.6
2005-01-25,2.67,2.67,2.61,2.63,461800,2.6
2005-01-24,2.70,2.76,2.67,2.69,951500,2.6
2005-01-21,2.57,2.68,2.57,2.67,1189100,2.6
2005-01-20,2.56,2.62,2.56,2.57,382900,2.5
2005-01-19,2.59,2.65,2.55,2.60,490900,2.6
2005-01-18,2.48,2.62,2.48,2.60,542200,2.6
2005-01-17,2.51,2.54,2.49,2.49,336700,2.4
2005-01-14,2.64,2.66,2.55,2.56,407800,2.5
2005-01-13,2.66,2.67,2.60,2.63,454500,2.6
2005-01-12,2.64,2.73,2.60,2.68,855900,2.6
2005-01-11,2.62,2.66,2.58,2.62,348200,2.6
2005-01-10,2.61,2.67,2.59,2.65,375600,2.6
2005-01-07,2.63,2.64,2.57,2.62,470700,2.6
2005-01-06,2.64,2.64,2.57,2.59,478200,2.5
2005-01-05,2.58,2.69,2.56,2.66,1184700,2.6
2005-01-04,2.48,2.60,2.35,2.57,445300,2.5
2005-01-03,2.48,2.48,2.48,2.48,000,2.4
