Date,Open,High,Low,Close,Volume,Adj Clos
2008-12-31,5.45,5.51,5.31,5.35,4838200,5.3
2008-12-30,5.61,5.69,5.39,5.43,9191000,5.4
2008-12-29,5.36,5.67,5.23,5.66,10444200,5.6
2008-12-26,5.70,5.71,5.47,5.51,5840700,5.5
2008-12-25,5.81,5.93,5.58,5.63,12872100,5.6
2008-12-23,6.45,6.45,5.83,5.85,10071800,5.8
2008-12-22,6.69,6.77,6.28,6.39,12821900,6.3
2008-12-19,6.64,7.01,6.64,6.70,15647400,6.7
2008-12-18,6.69,6.74,6.53,6.63,6294900,6.6
2008-12-17,6.55,6.72,6.48,6.60,10199200,6.6
2008-12-16,6.39,6.52,6.22,6.49,9340500,6.4
2008-12-15,6.42,6.50,6.14,6.44,11295500,6.4
2008-12-12,6.56,6.69,6.18,6.28,14000100,6.2
2008-12-11,6.90,7.12,6.61,6.61,16923300,6.6
2008-12-10,6.50,7.09,6.44,6.90,16930300,6.9
2008-12-09,6.86,6.93,6.55,6.58,17488900,6.5
2008-12-08,6.63,6.92,6.39,6.89,22817800,6.8
2008-12-05,6.10,6.70,6.04,6.62,15598000,6.6
2008-12-04,6.29,6.45,6.06,6.19,22887600,6.1
2008-12-03,5.93,6.30,5.93,6.20,17703900,6.2
2008-12-02,5.55,6.21,5.53,5.96,20439500,5.9
2008-12-01,5.42,5.75,5.17,5.73,13636100,5.7
2008-11-28,5.26,5.55,5.22,5.40,12888500,5.4
2008-11-27,5.68,5.79,5.30,5.33,22872600,5.3
2008-11-26,5.10,5.35,5.03,5.29,12653600,5.2
2008-11-25,5.08,5.17,4.85,5.06,8013500,5.0
2008-11-24,5.01,5.26,4.98,4.99,12309400,4.9
2008-11-21,4.97,5.27,4.70,5.01,15247500,5.0
2008-11-20,5.12,5.55,5.01,5.16,20994700,5.1
2008-11-19,4.75,5.30,4.62,5.24,26063900,5.2
2008-11-18,5.28,5.33,4.85,4.85,23016000,4.8
2008-11-17,5.21,5.48,5.04,5.39,23600300,5.3
2008-11-14,4.85,5.26,4.80,5.20,24861500,5.2
2008-11-13,4.41,4.94,4.40,4.86,20327300,4.8
2008-11-12,4.36,4.60,4.32,4.54,8141600,4.5
2008-11-11,4.47,4.67,4.40,4.41,15950500,4.4
2008-11-10,4.31,4.62,4.21,4.55,19312300,4.5
2008-11-07,3.98,4.28,3.73,4.20,15374900,4.2
2008-11-06,3.87,4.14,3.81,4.02,15233000,4.0
2008-11-05,3.73,3.99,3.55,3.99,24507000,3.9
2008-11-04,3.68,3.71,3.49,3.63,6607500,3.6
2008-11-03,3.80,3.93,3.61,3.70,2908800,3.7
2008-10-31,3.99,4.01,3.83,3.83,3379100,3.8
2008-10-30,3.68,4.05,3.65,4.00,9055100,4.0
2008-10-29,4.09,4.12,3.74,3.74,5380300,3.7
2008-10-28,3.98,4.12,3.87,4.02,5829900,4.0
2008-10-27,4.38,4.38,4.12,4.12,4445800,4.1
2008-10-24,4.70,4.77,4.50,4.58,3091800,4.5
2008-10-23,4.50,4.78,4.44,4.71,4484400,4.7
2008-10-22,5.04,5.05,4.59,4.66,11308400,4.6
2008-10-21,5.25,5.38,5.08,5.10,8114600,5.1
2008-10-20,4.85,5.15,4.85,5.13,6087000,5.1
2008-10-17,4.94,4.94,4.78,4.82,2057400,4.8
2008-10-16,4.95,4.96,4.70,4.82,3042200,4.8
2008-10-15,5.30,5.38,5.11,5.17,2272200,5.1
2008-10-14,5.84,5.92,5.21,5.34,4542700,5.3
2008-10-13,5.49,5.75,5.22,5.66,4805800,5.6
2008-10-10,6.06,6.06,5.65,5.65,5610600,5.6
2008-10-09,6.70,6.70,6.28,6.28,5168100,6.2
2008-10-08,6.35,6.69,6.31,6.59,5738800,6.5
2008-10-07,6.47,6.88,6.33,6.50,10075400,6.5
2008-10-06,6.25,6.80,6.11,6.60,20169700,6.6
2008-09-26,6.17,6.40,6.05,6.29,5328600,6.2
2008-09-25,5.92,6.29,5.85,6.14,6109100,6.1
2008-09-24,5.73,5.97,5.60,5.92,3103600,5.9
2008-09-23,5.95,6.00,5.66,5.80,4904300,5.8
2008-09-22,6.40,6.51,5.88,6.19,11307700,6.1
2008-09-19,5.90,5.92,5.70,5.92,3900600,5.9
2008-09-18,5.29,5.43,4.98,5.38,4952000,5.3
2008-09-17,5.40,5.55,5.28,5.42,3391000,5.4
2008-09-16,5.35,5.49,5.20,5.30,2801400,5.3
2008-09-11,5.60,5.72,5.25,5.39,3001900,5.3
2008-09-10,5.60,5.79,5.45,5.64,2501400,5.6
2008-09-09,6.01,6.24,5.47,5.70,5498000,5.7
2008-09-08,6.76,6.82,6.08,6.08,3086100,6.0
2008-09-05,6.74,6.91,6.66,6.76,2018500,6.7
2008-09-04,7.18,7.29,7.03,7.08,1917700,7.0
2008-09-03,6.90,7.28,6.78,7.08,6171700,7.0
2008-09-02,7.14,7.18,6.75,7.00,3122300,7.0
2008-09-01,7.39,7.54,7.08,7.14,1951000,7.1
2008-08-29,7.38,7.65,7.35,7.51,2748300,7.5
2008-08-28,7.10,7.46,7.10,7.36,2426200,7.3
2008-08-27,7.21,7.57,7.00,7.24,1650500,7.2
2008-08-26,7.80,7.80,7.31,7.43,1531500,7.4
2008-08-25,7.97,8.08,7.70,7.77,922500,7.7
2008-08-22,8.00,8.09,7.61,7.96,1881100,7.9
2008-08-21,8.15,8.39,7.90,8.01,3480400,8.0
2008-08-20,7.42,8.31,7.42,8.28,3880500,8.2
2008-08-19,7.31,7.75,7.10,7.59,1717200,7.5
2008-08-18,7.95,8.05,7.39,7.45,2000200,7.4
2008-08-15,8.06,8.18,7.90,8.01,1596900,8.0
2008-08-14,7.87,8.24,7.72,8.10,2596500,8.1
2008-08-13,7.56,8.00,7.42,7.87,2704400,7.8
2008-08-12,7.40,7.69,7.30,7.61,2152200,7.6
2008-08-11,8.20,8.20,7.54,7.60,4520100,7.6
2008-08-08,8.85,8.96,8.30,8.32,3320400,8.3
2008-08-07,9.10,9.16,8.53,8.85,5201600,8.8
2008-08-06,9.33,9.39,8.78,9.10,3192100,9.1
2008-08-05,9.86,9.86,9.20,9.23,3000100,9.2
2008-08-04,9.85,10.23,9.65,9.81,2778400,9.8
2008-08-01,9.81,10.08,9.40,9.96,4811400,9.9
2008-07-31,10.32,10.48,9.83,9.86,4346200,9.8
2008-07-30,10.52,10.69,10.18,10.33,5227800,10.3
2008-07-29,11.13,11.13,10.40,10.43,8478500,10.4
2008-07-28,11.45,11.48,11.06,11.13,7612000,11.1
2008-07-25,10.94,11.43,10.81,11.21,8945600,11.2
2008-07-24,10.90,11.15,10.66,11.05,8144100,11.0
2008-07-23,10.88,11.20,10.55,10.84,8546900,10.8
2008-07-22,10.79,11.19,10.60,10.78,6726800,10.7
2008-07-21,10.21,10.86,10.07,10.79,7197800,10.7
2008-07-18,10.56,10.79,9.51,10.35,10999300,10.3
2008-07-17,11.08,11.35,10.51,10.55,14414400,10.5
2008-07-16,10.45,11.17,10.30,11.06,16312200,11.0
2008-07-15,10.25,10.80,10.24,10.49,13827900,10.4
2008-07-14,9.72,10.29,9.60,10.22,5374200,10.2
2008-07-11,10.00,10.15,9.61,9.84,8284600,9.8
2008-07-10,10.45,10.98,10.24,10.25,9709100,10.2
2008-07-09,10.65,10.74,10.33,10.60,17820600,10.6
2008-07-08,10.78,11.20,10.08,10.71,17093400,10.7
2008-07-07,10.50,10.91,10.33,10.72,12312700,10.7
2008-07-04,10.45,10.65,10.11,10.44,6330600,10.4
2008-07-03,9.90,10.75,9.70,10.51,11982000,10.5
2008-07-02,9.60,10.38,9.46,10.00,8677500,10.0
2008-07-01,9.85,9.94,9.30,9.68,4977400,9.6
2008-06-30,8.82,9.98,8.82,9.79,6699900,9.7
2008-06-27,9.20,9.42,8.78,9.11,7234700,9.1
2008-06-26,9.30,9.69,9.11,9.60,13261100,9.6
2008-06-25,8.17,8.92,8.03,8.92,5681300,8.9
2008-06-24,7.74,8.23,7.65,8.11,5501000,8.1
2008-06-23,8.12,8.47,7.60,7.66,5943700,7.6
2008-06-20,8.90,9.60,8.10,8.24,7229900,8.2
2008-06-19,9.78,9.78,8.91,8.91,4972100,8.9
2008-06-18,9.08,10.47,8.93,9.90,9202100,9.9
2008-06-16,11.01,11.17,9.92,9.92,4033500,9.9
2008-06-13,11.80,11.96,11.00,11.02,3117900,11.0
2008-06-12,12.00,12.30,11.61,11.98,2745800,11.9
2008-06-11,11.89,12.48,11.89,11.98,2324800,11.9
2008-06-10,13.00,13.00,11.98,12.04,3146600,12.0
2008-06-06,17.30,17.61,17.21,17.33,1204300,17.3
2008-06-05,17.77,17.90,17.11,17.49,3042300,17.4
2008-06-04,18.29,18.33,17.60,17.87,2822300,17.8
2008-06-03,18.20,18.68,18.02,18.43,3489400,18.4
2008-06-02,17.88,18.33,17.38,18.19,3591000,18.1
2008-05-30,17.56,17.88,17.30,17.80,3375200,17.7
2008-05-29,17.90,18.06,17.55,17.55,2239600,17.5
2008-05-28,17.38,18.30,17.30,18.11,4183500,18.0
2008-05-27,17.41,18.03,17.01,17.39,1874000,17.3
2008-05-26,18.00,18.24,17.38,17.77,2451900,17.7
2008-05-23,18.10,18.42,17.30,18.00,2839800,17.9
2008-05-22,17.90,19.13,17.57,18.00,3236600,17.9
2008-05-21,18.39,18.80,17.18,18.50,5433300,18.4
2008-05-20,20.50,20.80,18.41,18.41,6140300,18.3
2008-05-19,20.90,21.28,20.36,20.45,2438100,20.4
2008-05-16,21.10,21.68,20.80,21.10,4074700,21.0
2008-05-15,22.00,22.10,21.18,21.20,4474500,21.1
2008-05-14,22.40,22.68,21.38,22.08,6611700,22.0
2008-05-13,20.50,22.80,20.28,22.45,10489000,22.4
2008-05-12,20.00,21.32,19.51,21.15,5085000,21.1
2008-05-09,20.40,21.25,19.99,20.37,3828500,20.3
2008-05-08,19.58,20.49,19.31,20.37,3321400,20.3
2008-05-07,21.01,21.01,20.00,20.02,6450200,19.9
2008-05-06,21.50,21.85,20.60,20.83,8250600,20.7
2008-04-30,20.86,21.18,20.68,20.94,7154600,20.9
2008-04-29,21.09,21.17,20.50,20.83,4488600,20.7
2008-04-28,19.84,21.29,19.51,21.06,7838500,21.0
2008-04-25,19.80,21.25,19.35,20.39,9454600,20.3
2008-04-24,20.43,20.43,19.00,20.30,9861500,20.2
2008-04-23,17.35,18.85,17.01,18.60,3237400,18.5
2008-04-22,18.00,18.80,17.50,17.80,4057600,17.7
2008-04-21,20.31,20.32,18.10,18.72,6158200,18.6
2008-04-18,17.83,19.20,17.67,18.47,5112700,18.4
2008-04-17,18.53,19.18,17.90,18.20,4311700,18.1
2008-04-16,17.80,19.00,17.60,18.48,8209400,18.4
2008-04-15,16.40,17.39,15.88,17.32,1810200,17.2
2008-04-14,17.61,17.61,16.37,16.50,5430900,16.4
2008-04-11,18.00,18.40,17.60,18.00,2529800,17.9
2008-04-10,16.70,17.92,16.31,17.85,2494800,17.8
2008-04-09,17.72,18.24,16.22,17.20,1948300,17.1
2008-04-08,17.85,18.80,17.41,17.90,2776200,17.8
2008-04-07,16.29,17.85,15.86,17.80,2411100,17.7
2008-04-03,14.80,16.48,14.18,16.28,2981400,16.2
2008-04-02,16.51,17.00,14.91,15.00,4433000,14.9
2008-04-01,18.10,18.35,16.49,16.50,4254600,16.4
2008-03-31,18.60,19.00,18.10,18.32,1442100,18.2
2008-03-28,19.58,19.58,18.11,19.20,3681300,19.1
2008-03-27,20.38,21.25,19.53,19.76,3822100,19.7
2008-03-26,20.60,21.33,19.81,20.50,3254500,20.4
2008-03-25,19.16,20.60,18.20,20.40,4597900,20.3
2008-03-21,19.29,19.74,18.48,19.60,4619500,19.5
2008-03-20,17.23,19.40,17.10,19.29,5238800,19.2
2008-03-19,17.01,18.30,17.01,18.11,3704900,18.0
2008-03-18,16.75,17.90,16.04,16.85,7683300,16.8
2008-03-14,20.01,20.50,19.41,19.80,2759800,19.7
2008-03-13,20.65,20.79,19.60,20.68,2542600,20.6
2008-03-12,21.64,21.98,20.75,20.99,1712500,20.9
2008-03-11,21.00,21.56,20.00,21.35,2218300,21.3
2008-03-10,22.00,22.55,21.30,21.35,2721800,21.3
2008-03-07,21.70,22.62,21.00,22.43,3585100,22.3
2008-03-06,22.16,22.84,21.05,21.91,5094100,21.8
2008-03-05,22.51,23.15,21.71,22.50,4011400,22.4
2008-03-04,23.55,24.45,22.90,23.09,6071700,23.0
2008-03-03,22.48,23.50,22.30,23.50,5004800,23.4
2008-02-29,22.55,23.00,22.01,22.50,1827400,22.4
2008-02-28,21.32,23.20,21.30,22.45,4777800,22.4
2008-02-27,20.35,21.50,19.80,21.30,4289800,21.2
2008-02-26,22.35,22.70,19.80,20.53,11646000,20.4
2008-02-25,23.30,23.30,21.80,22.00,2765400,21.9
2008-02-22,23.60,23.85,21.99,23.00,3652500,22.9
2008-02-21,23.15,24.00,22.83,23.80,3343000,23.7
2008-02-20,23.00,24.48,22.60,23.53,4940000,23.4
2008-02-19,23.50,23.85,22.82,22.90,3555200,22.8
2008-02-18,22.48,24.03,22.00,23.42,7919000,23.3
2008-02-15,21.20,22.00,20.51,21.89,6044600,21.8
2008-02-14,20.00,21.60,20.00,21.33,6632400,21.2
2008-02-13,19.38,20.45,18.51,19.94,5149300,19.9
2008-02-05,20.00,20.14,18.88,19.40,10951400,19.3
2008-02-01,18.80,19.20,17.80,18.54,5681400,18.5
2008-01-31,19.18,19.70,18.75,19.00,8731600,18.9
2008-01-30,18.50,19.75,18.10,19.15,10248200,19.1
2008-01-29,17.20,18.70,17.20,18.00,8834400,17.9
2008-01-28,18.79,18.79,17.51,17.56,12696500,17.5
2008-01-25,21.35,21.50,19.26,19.46,19422000,19.4
2008-01-24,19.72,21.16,19.66,21.16,15056800,21.1
2008-01-23,17.99,19.24,17.99,19.24,16063600,19.2
2008-01-22,17.80,19.20,16.38,17.49,11251300,17.4
2008-01-21,19.10,19.55,18.00,18.20,6690000,18.1
2008-01-18,19.65,20.09,18.86,19.22,5044000,19.1
2008-01-17,20.67,21.60,18.75,19.65,13099900,19.6
2008-01-16,19.70,21.03,19.27,20.52,14188100,20.4
2008-01-15,20.04,20.60,19.60,19.82,5445200,19.7
2008-01-14,19.20,20.06,18.98,20.00,5065100,19.9
2008-01-11,19.49,20.20,18.88,19.50,4329000,19.4
2008-01-10,19.55,20.87,19.08,19.65,7554800,19.6
2008-01-09,18.60,19.97,18.36,19.49,7027100,19.4
2008-01-08,19.00,19.20,18.35,18.76,6816800,18.7
2008-01-07,18.60,19.18,18.17,19.00,7018300,18.9
2008-01-04,19.25,19.28,18.50,18.70,7249200,18.6
2008-01-03,18.42,19.49,18.40,19.28,9491300,19.2
