Date,Open,High,Low,Close,Volume,Adj Clos
2000-12-29,12.62,12.78,12.56,12.70,650500,11.6
2000-12-28,12.54,12.65,12.45,12.60,462400,11.5
2000-12-27,12.70,12.75,12.60,12.60,809600,11.5
2000-12-26,12.55,12.70,12.41,12.68,671700,11.6
2000-12-25,12.44,12.79,12.35,12.45,1204700,11.4
2000-12-22,12.62,12.62,12.40,12.44,586100,11.4
2000-12-21,12.61,12.66,12.55,12.62,737200,11.6
2000-12-20,12.65,12.66,12.47,12.63,535800,11.6
2000-12-19,12.61,12.75,12.50,12.51,731000,11.5
2000-12-18,12.47,12.62,12.25,12.59,620200,11.5
2000-12-15,12.51,12.51,12.25,12.30,335000,11.3
2000-12-14,12.50,12.54,12.27,12.33,525100,11.3
2000-12-13,12.50,12.60,12.31,12.54,437800,11.5
2000-12-12,12.23,12.52,12.12,12.49,1204300,11.4
2000-12-11,12.58,12.60,12.20,12.23,1225400,11.2
2000-12-08,12.45,12.68,12.41,12.58,874800,11.5
2000-12-07,12.55,12.60,12.40,12.42,940300,11.4
2000-12-06,12.70,12.82,12.50,12.55,1283000,11.5
2000-12-05,12.88,12.95,12.65,12.68,1340600,11.6
2000-12-04,12.96,13.06,12.74,12.83,1756300,11.7
2000-12-01,13.01,13.10,12.70,12.96,2404000,11.9
2000-11-30,12.95,12.98,12.60,12.84,3158900,11.8
2000-11-29,12.58,12.97,12.58,12.92,4482700,11.8
2000-11-28,12.41,12.70,12.41,12.56,1153500,11.5
2000-11-27,12.20,12.59,12.11,12.44,1306000,11.4
2000-11-24,12.70,12.70,12.21,12.29,1680800,11.3
2000-11-23,12.41,12.78,12.33,12.70,2383400,11.6
2000-11-22,12.15,12.45,12.15,12.40,1045400,11.4
2000-11-21,12.10,12.35,12.09,12.24,1094000,11.2
2000-11-20,12.25,12.25,12.06,12.12,700800,11.1
2000-11-17,12.33,12.39,12.10,12.28,900000,11.2
2000-11-16,12.20,12.35,12.15,12.33,888400,11.3
2000-11-15,12.41,12.42,12.20,12.22,774300,11.2
2000-11-14,12.20,12.38,12.10,12.38,1100400,11.3
2000-11-13,12.12,12.20,12.05,12.12,870200,11.1
2000-11-10,12.25,12.30,12.10,12.12,798900,11.1
2000-11-09,12.20,12.35,12.15,12.22,954400,11.2
2000-11-08,12.02,12.30,11.95,12.20,1072100,11.2
2000-11-07,12.08,12.13,11.97,12.01,503100,11.0
2000-11-06,11.83,12.10,11.83,12.08,744000,11.1
2000-11-03,11.82,11.93,11.76,11.83,398500,10.8
2000-11-02,11.75,11.96,11.75,11.81,423600,10.8
2000-11-01,11.82,11.84,11.71,11.75,369400,10.8
2000-10-31,11.80,11.95,11.72,11.84,520300,10.8
2000-10-30,11.86,11.90,11.69,11.71,491600,10.7
2000-10-27,11.91,11.99,11.81,11.86,363600,10.9
2000-10-26,12.03,12.07,11.89,11.91,509200,10.9
2000-10-25,11.83,12.10,11.82,12.01,1024500,11.0
2000-10-24,11.89,11.95,11.75,11.81,424900,10.8
2000-10-23,11.70,11.86,11.59,11.85,731200,10.8
2000-10-20,11.56,11.74,11.50,11.70,533300,10.7
2000-10-19,11.65,11.65,11.50,11.56,557900,10.6
2000-10-18,11.66,11.70,11.50,11.60,446400,10.6
2000-10-17,11.50,11.58,11.49,11.56,273300,10.6
2000-10-16,11.62,11.62,11.50,11.53,520900,10.6
2000-10-13,11.66,11.77,11.50,11.65,624700,10.7
2000-10-12,11.83,11.93,11.65,11.67,401800,10.7
2000-10-11,11.85,11.99,11.75,11.84,425500,10.8
2000-10-10,11.79,11.87,11.60,11.84,341500,10.8
2000-10-09,11.60,11.70,11.50,11.60,398500,10.6
2000-10-06,11.70,11.70,11.70,11.70,000,10.7
2000-10-05,11.70,11.70,11.70,11.70,000,10.7
2000-10-04,11.70,11.70,11.70,11.70,000,10.7
2000-10-03,11.70,11.70,11.70,11.70,000,10.7
2000-10-02,11.70,11.70,11.70,11.70,000,10.7
2000-09-29,11.56,11.70,11.53,11.70,297600,10.7
2000-09-28,11.75,11.75,11.55,11.57,359500,10.6
2000-09-27,11.58,11.75,11.55,11.72,209700,10.7
2000-09-26,11.65,11.78,11.55,11.59,426300,10.6
2000-09-25,11.80,11.88,11.65,11.66,355600,10.7
2000-09-22,12.00,12.00,11.77,11.80,383300,10.8
2000-09-21,12.25,12.25,11.95,11.96,392900,10.9
2000-09-20,12.18,12.30,11.90,12.20,889400,11.2
2000-09-19,11.75,12.15,11.68,12.12,641000,11.1
2000-09-18,12.18,12.18,11.80,11.83,651800,10.8
2000-09-15,12.05,12.18,11.97,12.10,503800,11.1
2000-09-14,12.14,12.22,11.97,12.05,544900,11.0
2000-09-13,12.07,12.22,12.06,12.14,611900,11.1
2000-09-12,12.08,12.18,11.96,12.07,588900,11.0
2000-09-11,11.90,12.20,11.85,12.14,671400,11.1
2000-09-08,11.99,11.99,11.80,11.87,608300,10.9
2000-09-07,11.76,12.03,11.76,11.92,705900,10.9
2000-09-06,12.01,12.10,11.71,11.75,1245200,10.8
2000-09-05,12.35,12.44,12.02,12.10,594200,11.1
2000-09-04,12.32,12.40,12.18,12.35,628900,11.3
2000-09-01,12.20,12.45,12.10,12.32,1036100,11.3
2000-08-31,12.50,12.53,12.28,12.28,1529400,11.2
2000-08-30,12.88,12.88,12.55,12.58,1207600,11.5
2000-08-29,12.99,13.00,12.70,12.85,1217900,11.8
2000-08-28,12.80,13.00,12.78,12.90,1982400,11.8
2000-08-25,12.55,12.78,12.53,12.72,1343000,11.6
2000-08-24,12.45,12.60,12.31,12.51,1852900,11.5
2000-08-23,12.21,12.53,11.45,12.48,2134000,11.4
2000-08-22,13.00,13.05,12.58,12.61,2049600,11.5
2000-08-21,12.90,13.10,12.86,12.98,2152900,11.9
2000-08-18,13.15,13.20,12.85,12.90,2412500,11.8
2000-08-17,13.25,13.38,13.10,13.12,2998100,12.0
2000-08-16,13.00,13.29,12.95,13.19,5810400,12.1
2000-08-15,12.80,12.99,12.71,12.95,2813600,11.9
2000-08-14,12.92,13.08,12.75,12.79,5150800,11.7
2000-08-11,12.50,12.98,12.36,12.84,6241900,11.8
2000-08-10,12.49,12.50,12.35,12.40,1490900,11.4
2000-08-09,12.60,12.63,12.45,12.47,1419200,11.4
2000-08-08,12.68,12.69,12.41,12.58,1413100,11.5
2000-08-07,12.38,12.70,12.30,12.61,2322800,11.5
2000-08-04,12.55,12.60,12.32,12.39,1159400,11.3
2000-08-03,12.36,12.63,12.00,12.55,2427900,11.5
2000-08-02,12.40,12.47,12.30,12.34,765200,11.3
2000-08-01,12.22,12.45,12.22,12.39,977100,11.3
2000-07-31,12.26,12.26,12.16,12.22,1121700,11.2
2000-07-28,12.35,12.40,12.24,12.26,1089300,11.2
2000-07-27,12.31,12.40,12.26,12.35,1108400,11.3
2000-07-26,12.48,12.48,12.26,12.31,700200,11.3
2000-07-25,12.21,12.43,12.10,12.35,641300,11.3
2000-07-24,12.41,12.41,12.15,12.21,1426500,11.2
2000-07-21,12.35,12.56,12.32,12.41,884900,11.4
2000-07-20,12.50,12.55,12.25,12.31,1486000,11.3
2000-07-19,12.68,12.73,12.46,12.55,1474200,11.5
2000-07-18,12.60,12.78,12.55,12.68,1571700,11.6
2000-07-17,12.55,12.85,12.51,12.57,3323500,11.5
2000-07-14,12.57,12.65,12.40,12.51,2041500,11.5
2000-07-13,12.35,12.70,12.30,12.57,3761200,11.5
2000-07-12,12.32,12.38,12.18,12.35,1739000,11.3
2000-07-11,12.36,12.43,12.28,12.32,1234200,11.3
2000-07-10,12.20,12.38,12.08,12.36,1392100,11.3
2000-07-07,11.93,12.25,11.90,12.19,949200,11.2
2000-07-06,12.00,12.03,11.91,11.95,1149100,10.9
2000-07-05,12.10,12.15,12.00,12.03,1324800,11.0
2000-07-04,12.00,12.21,11.88,12.12,1243500,11.1
2000-07-03,12.25,12.25,12.00,12.09,2581700,11.1
2000-06-30,12.29,12.47,12.25,12.29,1376300,11.3
2000-06-29,12.45,12.48,12.20,12.31,2121300,11.3
2000-06-28,12.57,12.60,12.38,12.45,1820900,11.4
2000-06-27,12.55,12.66,12.40,12.56,1933600,11.5
2000-06-26,12.41,12.55,12.10,12.54,6597700,11.5
2000-06-23,12.28,12.44,12.25,12.37,2682600,11.3
2000-06-22,12.25,12.64,12.20,12.28,2586300,11.2
2000-06-21,12.37,12.68,12.31,12.64,2464700,11.6
2000-06-20,12.65,12.73,12.20,12.46,5138400,11.4
2000-06-19,12.80,13.08,12.41,12.70,10923900,11.6
2000-06-16,12.73,13.30,12.00,12.98,16597400,11.9
2000-06-15,12.17,13.00,12.00,12.84,13251700,11.8
2000-06-14,12.36,12.45,12.12,12.17,1674600,11.1
2000-06-13,12.42,12.45,12.28,12.37,1823100,11.3
2000-06-12,12.01,12.46,12.00,12.37,3441200,11.3
2000-06-09,12.00,12.30,11.98,12.04,1945900,11.0
2000-06-08,12.18,12.20,11.98,12.03,2661800,11.0
2000-06-07,12.10,12.40,12.03,12.19,2237100,11.2
2000-06-06,12.00,12.24,11.96,12.10,2701600,11.1
2000-06-05,12.18,12.18,11.80,12.04,4589000,11.0
2000-06-02,12.40,12.40,12.17,12.20,3288100,11.2
2000-06-01,12.21,12.58,12.16,12.44,3778100,11.4
2000-05-31,12.47,12.50,12.20,12.26,5025600,11.2
2000-05-30,12.88,13.09,12.40,12.55,8958300,11.5
