Date,Open,High,Low,Close,Volume,Adj Clos
2009-12-31,8.97,9.25,8.88,9.13,8307500,9.1
2009-12-30,9.07,9.15,8.85,8.92,5241800,8.9
2009-12-29,8.92,9.11,8.83,9.07,7456400,9.0
2009-12-28,8.88,9.16,8.77,8.93,6809300,8.9
2009-12-25,8.61,8.95,8.61,8.77,7048500,8.7
2009-12-23,8.17,8.23,8.05,8.22,2306800,8.2
2009-12-22,8.45,8.49,8.04,8.15,4286200,8.1
2009-12-21,8.36,8.54,8.30,8.48,3758800,8.4
2009-12-18,8.60,8.63,8.13,8.36,5061000,8.3
2009-12-17,9.01,9.07,8.46,8.60,9269500,8.6
2009-12-16,8.85,9.16,8.83,9.01,9560400,9.0
2009-12-15,8.61,9.03,8.51,8.91,9335600,8.9
2009-12-14,8.65,8.75,8.38,8.64,4279300,8.6
2009-12-11,8.85,8.95,8.63,8.69,5681900,8.6
2009-12-10,8.40,8.82,8.40,8.80,8756600,8.8
2009-12-09,8.46,8.57,8.34,8.38,3807400,8.3
2009-12-08,8.35,8.64,8.30,8.57,6109600,8.5
2009-12-07,8.16,8.39,8.16,8.39,4528600,8.3
2009-12-04,8.65,8.75,7.98,8.26,9821600,8.2
2009-12-03,8.61,8.90,8.56,8.70,9582900,8.7
2009-12-01,8.30,8.59,8.23,8.54,8919400,8.5
2009-11-30,7.91,8.27,7.91,8.26,5841700,8.2
2009-11-27,7.88,8.16,7.60,7.89,7316600,7.8
2009-11-26,8.68,8.74,7.92,7.99,11869900,7.9
2009-11-25,8.35,8.79,8.20,8.74,12005500,8.7
2009-11-24,9.09,9.40,8.35,8.42,20499500,8.4
2009-11-23,9.03,9.29,8.82,9.09,17539700,9.0
2009-11-20,8.33,9.13,8.22,9.13,36647700,9.1
2009-11-19,7.76,8.30,7.67,8.30,12532000,8.3
2009-11-18,7.78,7.84,7.65,7.74,5423300,7.7
2009-11-17,7.81,7.85,7.67,7.80,6121800,7.8
2009-11-16,7.66,7.90,7.65,7.78,6949700,7.7
2009-11-13,7.55,7.62,7.39,7.60,5188000,7.6
2009-11-12,7.55,7.68,7.48,7.56,6578400,7.5
2009-11-11,7.41,7.51,7.32,7.50,4412200,7.5
2009-11-10,7.70,7.70,7.43,7.47,5878300,7.4
2009-11-09,7.55,7.77,7.42,7.61,6534500,7.6
2009-11-06,7.37,7.65,7.37,7.45,9115400,7.4
2009-11-05,7.35,7.42,7.23,7.35,5418400,7.3
2009-11-04,7.31,7.56,7.22,7.32,9149700,7.3
2009-11-03,7.17,7.34,7.09,7.30,8117600,7.3
2009-11-02,6.80,7.22,6.66,7.16,7149000,7.1
2009-10-30,6.95,7.13,6.90,6.95,6472900,6.9
2009-10-29,6.88,6.97,6.80,6.87,2921100,6.8
2009-10-28,6.87,7.02,6.77,7.01,4152900,7.0
2009-10-27,7.16,7.16,6.93,6.94,6624700,6.9
2009-10-26,7.22,7.30,7.07,7.20,5100300,7.2
2009-10-23,7.24,7.33,7.08,7.24,6971100,7.2
2009-10-22,7.30,7.39,7.13,7.20,8236700,7.2
2009-10-21,7.00,7.61,6.95,7.45,16200000,7.4
2009-10-20,6.82,7.07,6.82,6.92,6195400,6.9
2009-10-19,6.82,6.93,6.67,6.84,5358900,6.8
2009-10-16,7.09,7.09,6.72,6.80,7774200,6.8
2009-10-15,6.83,7.04,6.79,7.04,6286500,7.0
2009-10-14,6.88,6.98,6.75,6.81,5061100,6.8
2009-10-13,6.75,7.00,6.71,6.90,3370000,6.9
2009-10-12,6.55,7.07,6.39,6.86,7553000,6.8
2009-10-09,6.34,6.54,6.28,6.50,3167200,6.5
2009-09-30,6.09,6.29,6.06,6.13,1541900,6.1
2009-09-29,6.15,6.29,5.98,6.03,2806700,6.0
2009-09-28,6.41,6.44,6.08,6.15,2700800,6.1
2009-09-25,6.32,6.53,6.23,6.36,3241300,6.3
2009-09-24,6.45,6.52,6.24,6.31,4274200,6.3
2009-09-23,6.80,6.89,6.45,6.49,7164500,6.4
2009-09-22,6.59,6.95,6.41,6.90,10878200,6.9
2009-09-21,6.31,6.68,6.15,6.60,8847700,6.6
2009-09-17,6.39,6.75,6.37,6.56,10714700,6.5
2009-09-16,6.35,6.53,6.27,6.40,9003200,6.4
2009-09-15,6.38,6.55,6.20,6.36,8676700,6.3
2009-09-14,6.35,6.43,6.18,6.39,11798300,6.3
2009-09-11,6.11,6.40,6.11,6.26,11525700,6.2
2009-09-10,5.84,6.36,5.78,6.25,17199100,6.2
2009-09-09,5.85,5.86,5.64,5.84,7186400,5.8
2009-09-08,5.66,5.77,5.52,5.73,4517700,5.7
2009-09-07,5.60,5.82,5.50,5.67,6913200,5.6
2009-09-04,5.44,5.72,5.42,5.59,6885500,5.5
2009-09-03,5.10,5.53,5.10,5.46,7352100,5.4
2009-09-02,5.21,5.27,5.02,5.13,5334000,5.1
2009-09-01,5.24,5.44,5.01,5.21,6147000,5.2
2009-08-31,5.70,5.93,5.27,5.30,7694800,5.3
2009-08-28,5.81,6.07,5.75,5.86,9285100,5.8
2009-08-27,5.77,6.10,5.77,5.85,15709800,5.8
2009-08-26,5.81,5.99,5.61,5.90,21977400,5.9
2009-08-25,5.36,5.84,5.36,5.84,29442200,5.8
2009-08-24,5.00,5.39,4.92,5.31,7316100,5.3
2009-08-21,4.84,5.05,4.78,5.00,4747500,5.0
2009-08-20,4.73,4.86,4.65,4.85,3197800,4.8
2009-08-19,4.98,5.02,4.63,4.70,2707700,4.7
2009-08-18,4.85,5.04,4.82,5.00,2398100,5.0
2009-08-17,5.10,5.25,4.83,4.86,4037400,4.8
2009-08-14,5.47,5.56,5.21,5.21,3584200,5.2
2009-08-13,5.49,5.62,5.37,5.54,3086600,5.5
2009-08-12,5.87,5.90,5.41,5.47,4868400,5.4
2009-08-11,5.92,5.96,5.83,5.89,3406000,5.8
2009-08-10,5.76,5.98,5.71,5.90,7490400,5.9
2009-08-07,5.91,5.97,5.65,5.68,5752900,5.6
2009-08-06,6.15,6.18,5.91,5.95,8169000,5.9
2009-08-05,5.94,6.13,5.86,6.13,10146900,6.1
2009-08-04,6.03,6.03,5.85,5.92,10225800,5.9
2009-08-03,5.80,6.17,5.70,6.02,19316700,6.0
2009-07-31,5.41,5.78,5.40,5.75,10462900,5.7
2009-07-30,5.43,5.51,5.21,5.39,5182000,5.3
2009-07-29,5.81,5.90,5.24,5.39,8358500,5.3
2009-07-28,5.68,5.83,5.62,5.81,7850500,5.8
2009-07-27,5.59,5.68,5.56,5.68,4255200,5.6
2009-07-24,5.72,5.73,5.47,5.56,5163500,5.5
2009-07-23,5.66,5.72,5.62,5.68,3614100,5.6
2009-07-22,5.56,5.68,5.56,5.66,6056200,5.6
2009-07-21,5.93,5.94,5.55,5.61,8086700,5.6
2009-07-20,5.73,5.97,5.68,5.93,10199700,5.9
2009-07-17,5.71,5.75,5.62,5.73,4584400,5.7
2009-07-16,5.77,5.80,5.64,5.69,6559900,5.6
2009-07-15,5.79,5.90,5.70,5.77,8375500,5.7
2009-07-14,5.64,5.83,5.60,5.79,9138900,5.7
2009-07-13,5.50,5.75,5.50,5.64,8222500,5.6
2009-07-10,5.55,5.64,5.50,5.54,6792300,5.5
2009-07-09,5.43,5.64,5.40,5.55,7848100,5.5
2009-07-08,5.40,5.44,5.33,5.41,4258500,5.4
2009-07-07,5.49,5.55,5.38,5.41,6981200,5.4
2009-07-06,5.36,5.60,5.36,5.51,12675400,5.5
2009-07-03,5.29,5.36,5.28,5.36,4353400,5.3
2009-07-02,5.32,5.37,5.27,5.32,3608700,5.3
2009-07-01,5.25,5.30,5.23,5.30,3558500,5.3
2009-06-30,5.31,5.34,5.23,5.25,2588300,5.2
2009-06-29,5.31,5.35,5.26,5.34,3726200,5.3
2009-06-26,5.27,5.35,5.23,5.30,2515700,5.3
2009-06-25,5.32,5.39,5.25,5.27,2999400,5.2
2009-06-24,5.32,5.44,5.28,5.34,2964800,5.3
2009-06-23,5.20,5.42,5.19,5.32,3762100,5.3
2009-06-22,5.46,5.60,5.33,5.33,8414300,5.3
2009-06-19,5.33,5.48,5.31,5.45,8455100,5.4
2009-06-18,5.31,5.38,5.26,5.31,3819800,5.3
2009-06-17,5.21,5.34,5.18,5.31,3791300,5.3
2009-06-16,5.23,5.30,5.18,5.24,2448600,5.2
2009-06-15,5.16,5.28,5.14,5.27,2381500,5.2
2009-06-12,5.30,5.36,5.09,5.16,4968500,5.1
2009-06-11,5.42,5.45,5.32,5.33,6289700,5.3
2009-06-10,5.54,5.65,5.48,5.49,11729000,5.4
2009-06-09,5.29,5.52,5.23,5.52,8777500,5.5
2009-06-08,5.31,5.40,5.25,5.39,3948200,5.2
2009-06-05,5.46,5.46,5.31,5.31,5203500,5.2
2009-06-04,5.42,5.52,5.31,5.46,9467100,5.3
2009-06-03,5.26,5.41,5.25,5.39,6015300,5.2
2009-06-02,5.24,5.29,5.21,5.27,3667300,5.1
2009-06-01,5.16,5.25,5.16,5.23,3769900,5.1
2009-05-27,5.20,5.23,5.11,5.16,2276100,5.0
2009-05-26,5.12,5.21,5.11,5.16,3225300,5.0
2009-05-25,5.14,5.16,4.90,5.14,3092100,5.0
2009-05-22,5.15,5.24,5.12,5.21,2009700,5.1
2009-05-21,5.28,5.31,5.08,5.15,4364100,5.0
2009-05-20,5.46,5.48,5.31,5.31,4213500,5.2
2009-05-19,5.35,5.46,5.32,5.46,7762700,5.3
2009-05-18,5.31,5.34,5.19,5.34,4066700,5.2
2009-05-15,5.33,5.38,5.21,5.30,4575100,5.2
2009-05-13,5.27,5.39,5.26,5.33,4330000,5.2
2009-05-12,5.12,5.28,5.08,5.27,3330500,5.1
2009-05-11,5.37,5.44,5.16,5.16,5176500,5.0
2009-05-08,5.27,5.43,5.24,5.37,5440300,5.2
2009-05-07,5.49,5.49,5.20,5.34,9761600,5.2
2009-05-06,5.43,5.62,5.42,5.47,20282200,5.3
2009-05-05,5.19,5.45,5.16,5.42,15385700,5.3
2009-05-04,5.05,5.25,5.05,5.17,9750100,5.0
2009-04-30,4.90,5.05,4.85,5.03,8207400,4.9
2009-04-29,4.79,4.93,4.75,4.90,6582700,4.8
2009-04-28,4.75,4.85,4.70,4.81,6137400,4.7
2009-04-27,5.30,5.34,4.83,4.83,15046900,4.7
2009-04-24,4.87,5.37,4.85,5.37,25230400,5.2
2009-04-23,4.86,4.92,4.74,4.88,4280300,4.7
2009-04-22,5.17,5.25,4.83,4.88,9379900,4.7
2009-04-21,5.26,5.31,5.10,5.22,6633000,5.1
2009-04-20,5.15,5.47,5.11,5.36,10584600,5.2
2009-04-17,5.04,5.33,4.98,5.20,9676200,5.1
2009-04-16,5.01,5.13,4.90,5.05,6616300,4.9
2009-04-15,5.01,5.07,4.88,5.03,4752800,4.9
2009-04-14,4.96,5.07,4.93,5.05,6181700,4.9
2009-04-13,4.88,5.02,4.88,4.97,7082300,4.8
2009-04-10,4.74,4.88,4.73,4.88,3850000,4.7
2009-04-09,4.62,4.74,4.60,4.74,2563800,4.6
2009-04-08,4.83,4.86,4.62,4.62,3997400,4.5
2009-04-07,4.77,4.86,4.76,4.83,2872700,4.7
2009-04-03,4.94,4.97,4.75,4.78,5005400,4.6
2009-04-02,4.98,4.99,4.92,4.93,5471400,4.8
2009-04-01,4.98,5.01,4.90,4.96,5832100,4.8
2009-03-31,4.85,4.97,4.75,4.97,5411600,4.8
2009-03-30,4.98,5.11,4.90,4.96,6879700,4.8
2009-03-27,4.86,5.12,4.80,5.05,15097300,4.9
2009-03-26,4.72,4.87,4.61,4.86,11599000,4.7
2009-03-25,4.70,4.76,4.58,4.68,6979300,4.5
2009-03-24,4.81,4.93,4.70,4.74,13485100,4.6
2009-03-23,4.49,4.85,4.48,4.83,14275700,4.7
2009-03-20,4.44,4.53,4.32,4.52,6233400,4.4
2009-03-19,4.40,4.45,4.32,4.44,4132100,4.3
2009-03-18,4.34,4.43,4.32,4.35,4268300,4.2
2009-03-17,4.16,4.33,4.16,4.30,3580200,4.2
2009-03-16,4.14,4.17,4.06,4.16,1787500,4.0
2009-03-13,4.27,4.29,4.11,4.12,2472000,4.0
2009-03-12,4.24,4.32,4.09,4.25,3182000,4.1
2009-03-11,4.30,4.36,4.16,4.24,3905900,4.1
2009-03-10,4.03,4.25,4.03,4.24,2744100,4.1
2009-03-09,4.38,4.47,4.04,4.11,5214400,4.0
2009-03-06,4.27,4.51,4.23,4.39,7034900,4.3
2009-03-05,4.28,4.35,4.15,4.35,6105400,4.2
2009-03-04,4.03,4.26,4.03,4.23,4722800,4.1
2009-03-03,3.83,4.05,3.82,4.03,2507200,3.9
2009-03-02,3.71,3.98,3.71,3.97,2073500,3.9
2009-02-27,4.17,4.17,3.82,3.84,5025300,3.7
2009-02-26,4.60,4.68,4.11,4.18,8598900,4.1
2009-02-25,4.44,4.58,4.33,4.57,10153700,4.4
2009-02-24,4.40,4.52,4.26,4.36,8536800,4.2
2009-02-23,4.30,4.46,4.25,4.40,6344400,4.3
2009-02-20,4.15,4.32,4.12,4.27,6050100,4.1
2009-02-19,4.00,4.13,3.99,4.06,5241600,3.9
2009-02-18,4.16,4.26,3.98,4.00,5913900,3.9
2009-02-17,4.52,4.52,4.25,4.25,6244300,4.1
2009-02-16,4.35,4.59,4.30,4.51,8672400,4.4
2009-02-13,4.16,4.33,4.12,4.31,7859700,4.2
2009-02-12,4.20,4.23,4.01,4.19,4832000,4.1
2009-02-11,4.15,4.33,4.12,4.20,8336500,4.1
2009-02-10,4.05,4.26,4.01,4.24,13209300,4.1
2009-02-09,3.98,4.04,3.86,3.99,6296100,3.9
2009-02-06,3.76,3.93,3.76,3.92,5818300,3.8
2009-02-05,3.86,3.89,3.71,3.75,5418800,3.6
2009-02-04,3.82,3.87,3.78,3.86,4207100,3.7
2009-02-03,3.73,3.83,3.70,3.82,3500400,3.7
2009-02-02,3.62,3.74,3.61,3.73,2056600,3.6
2009-01-23,3.67,3.68,3.60,3.60,1032700,3.5
2009-01-22,3.62,3.68,3.58,3.66,1523900,3.5
2009-01-21,3.66,3.68,3.60,3.62,1381800,3.5
2009-01-20,3.57,3.69,3.57,3.67,1522800,3.6
2009-01-19,3.69,3.74,3.56,3.57,2776100,3.5
2009-01-16,3.76,3.80,3.69,3.69,3756100,3.6
2009-01-15,3.82,3.91,3.68,3.74,9045900,3.6
2009-01-14,3.51,3.87,3.50,3.80,8072900,3.7
2009-01-13,3.66,3.68,3.49,3.53,4475300,3.4
2009-01-12,3.44,3.66,3.43,3.66,4622900,3.5
2009-01-09,3.35,3.52,3.34,3.45,2887700,3.3
2009-01-08,3.32,3.37,3.20,3.37,1817100,3.3
2009-01-07,3.43,3.46,3.37,3.37,2059200,3.3
2009-01-06,3.26,3.43,3.22,3.42,2740000,3.3
2009-01-05,3.21,3.27,3.16,3.27,1497100,3.2
