Date,Open,High,Low,Close,Volume,Adj Clos
2011-12-30,4.93,5.09,4.93,5.02,3180000,5.0
2011-12-29,4.91,4.95,4.85,4.90,3129900,4.9
2011-12-28,4.83,4.94,4.73,4.92,3856300,4.9
2011-12-27,5.02,5.07,4.87,4.88,5632000,4.8
2011-12-26,5.16,5.24,5.03,5.03,4714700,5.0
2011-12-23,4.98,5.23,4.98,5.20,7542000,5.2
2011-12-22,5.25,5.25,4.82,5.02,10417500,5.0
2011-12-21,5.67,5.68,5.30,5.35,6622900,5.3
2011-12-20,5.52,5.75,5.52,5.61,7218100,5.6
2011-12-19,5.57,5.61,5.42,5.53,7331400,5.5
2011-12-16,5.40,5.63,5.40,5.61,7340000,5.6
2011-12-15,5.38,5.52,5.35,5.39,6997700,5.3
2011-12-14,5.62,5.74,5.36,5.43,7469300,5.4
2011-12-13,5.88,5.94,5.52,5.65,9857600,5.6
2011-12-12,6.12,6.26,5.97,5.98,7474600,5.9
2011-12-09,6.30,6.37,6.14,6.15,10436700,6.1
2011-12-08,6.09,6.45,5.92,6.40,18092700,6.4
2011-12-07,6.20,6.24,6.06,6.11,9107800,6.1
2011-12-06,6.14,6.28,6.03,6.19,10497600,6.1
2011-12-05,6.46,6.50,6.05,6.13,14157600,6.1
2011-12-02,6.95,7.04,6.49,6.50,22076200,6.5
2011-12-01,7.17,7.35,7.09,7.09,21525200,7.0
2011-11-30,7.50,7.55,6.82,7.04,27399200,7.0
2011-11-29,7.64,7.97,7.40,7.58,44566500,7.5
2011-11-28,7.23,7.79,7.05,7.63,42789800,7.6
2011-11-25,7.20,7.36,6.85,7.22,25400900,7.2
2011-11-24,6.90,7.29,6.53,7.14,22683800,7.1
2011-11-23,7.24,7.63,7.04,7.07,27608500,7.0
2011-11-22,6.93,7.70,6.85,7.26,42814400,7.2
2011-11-21,6.77,7.08,6.33,7.07,22596600,7.0
2011-11-18,6.71,7.14,6.68,6.83,28052300,6.8
2011-11-17,6.93,7.05,6.71,6.82,19748800,6.8
2011-11-16,7.10,7.25,6.86,7.00,25815800,7.0
2011-11-15,7.35,7.35,7.07,7.16,34537100,7.1
2011-11-14,6.48,7.23,6.43,7.23,49950800,7.2
2011-11-11,6.05,6.68,5.95,6.57,44051400,6.5
2011-11-10,6.31,6.37,6.07,6.07,40191200,6.0
2011-11-09,5.64,6.13,5.61,6.13,26574100,6.1
2011-11-08,5.78,5.87,5.53,5.57,9460200,5.5
2011-11-07,5.86,5.90,5.80,5.80,10067000,5.8
2011-11-04,6.10,6.18,5.88,5.95,19359800,5.9
2011-11-03,5.70,6.04,5.64,5.81,18827500,5.8
2011-11-02,5.53,5.67,5.44,5.67,8860800,5.6
2011-11-01,5.63,5.76,5.59,5.62,7422500,5.6
2011-10-31,5.65,5.75,5.60,5.69,5756900,5.6
2011-10-28,5.69,5.98,5.63,5.71,12314000,5.7
2011-10-27,5.64,5.72,5.55,5.61,8265400,5.6
2011-10-26,5.53,5.66,5.48,5.63,9418600,5.6
2011-10-25,5.34,5.65,5.28,5.57,8944500,5.5
2011-10-24,5.59,5.60,5.15,5.43,10821000,5.4
2011-10-21,5.55,5.68,5.52,5.56,3479400,5.5
2011-10-20,5.66,5.73,5.47,5.58,6178600,5.5
2011-10-19,5.79,5.79,5.60,5.65,6236200,5.6
2011-10-18,6.01,6.01,5.75,5.76,11716200,5.7
2011-10-17,6.19,6.23,6.07,6.09,6794800,6.0
2011-10-14,6.23,6.29,6.06,6.15,10677200,6.1
2011-10-13,6.13,6.48,6.06,6.34,16125700,6.3
2011-10-12,5.88,6.17,5.79,6.14,12898500,6.1
2011-10-11,6.16,6.24,5.89,5.98,10720600,5.9
2011-10-10,6.10,6.26,5.86,6.05,13853400,6.0
2011-09-30,6.04,6.20,5.83,6.11,9647600,6.1
2011-09-29,6.48,6.58,5.96,5.98,19786000,5.9
2011-09-28,7.12,7.22,6.60,6.62,17039200,6.6
2011-09-27,7.28,7.32,6.88,7.09,17802900,7.0
2011-09-26,7.40,7.50,7.15,7.25,24613000,7.2
2011-09-23,7.00,7.75,6.98,7.54,48458500,7.5
2011-09-22,6.52,7.25,6.44,7.25,34150000,7.2
2011-09-21,6.37,6.66,6.32,6.59,8470500,6.5
2011-09-20,6.34,6.43,6.25,6.34,5655600,6.3
2011-09-19,6.77,6.77,6.33,6.34,6571600,6.3
2011-09-16,6.82,6.84,6.67,6.71,5536000,6.7
2011-09-15,6.52,6.97,6.51,6.80,11484000,6.8
2011-09-14,6.46,6.59,6.35,6.57,5146200,6.5
2011-09-13,6.44,6.49,6.33,6.41,4832400,6.4
2011-09-09,6.44,6.80,6.43,6.61,8260600,6.6
2011-09-08,6.55,6.69,6.47,6.47,4767200,6.4
2011-09-07,6.50,6.62,6.45,6.61,5023800,6.6
2011-09-06,6.38,6.56,6.37,6.45,4944500,6.4
2011-09-05,6.63,6.63,6.40,6.43,5459200,6.4
2011-09-02,6.81,6.85,6.60,6.67,6221600,6.6
2011-09-01,6.92,6.95,6.72,6.79,8005600,6.7
2011-08-31,7.27,7.42,6.82,6.88,11558600,6.8
2011-08-30,7.59,7.59,7.30,7.31,9875600,7.3
2011-08-29,7.47,7.83,7.43,7.53,16614900,7.5
2011-08-26,7.43,7.57,7.33,7.45,9345600,7.4
2011-08-25,7.39,7.49,7.24,7.45,10863900,7.4
2011-08-24,7.69,7.69,7.30,7.35,13281600,7.3
2011-08-23,7.47,7.83,7.41,7.54,17418800,7.5
2011-08-22,7.62,7.94,7.43,7.47,21876900,7.4
2011-08-19,7.12,7.99,7.01,7.77,42339800,7.7
2011-08-17,6.78,7.47,6.70,7.47,19909700,7.4
2011-08-16,6.96,6.97,6.76,6.79,9613300,6.7
2011-08-15,6.89,7.03,6.80,6.94,14780300,6.9
2011-08-12,6.78,6.92,6.73,6.82,14463400,6.8
2011-08-11,6.30,6.85,6.23,6.80,18513800,6.8
2011-08-10,6.62,6.77,6.52,6.52,14318900,6.5
2011-08-09,6.31,6.66,6.27,6.55,13724300,6.5
2011-08-08,7.05,7.11,6.58,6.62,16125800,6.6
2011-08-05,7.45,7.54,7.11,7.20,19420200,7.2
2011-08-04,8.10,8.10,7.83,7.88,13411000,7.8
2011-08-03,7.84,8.12,7.75,8.01,18666300,8.0
2011-08-02,7.77,7.91,7.71,7.88,9809500,7.8
2011-08-01,7.99,7.99,7.76,7.86,10967900,7.8
2011-07-29,8.10,8.17,7.99,7.99,13305900,7.9
2011-07-28,7.96,8.06,7.87,7.98,9697000,7.9
2011-07-27,7.93,8.15,7.91,8.10,11416500,8.1
2011-07-26,7.98,8.25,7.89,8.03,12484100,8.0
2011-07-25,8.54,8.54,7.92,7.95,17866200,7.9
2011-07-22,8.76,8.79,8.55,8.62,12303100,8.6
2011-07-21,8.65,8.88,8.47,8.80,24812700,8.8
2011-07-20,8.95,9.02,8.58,8.66,17382900,8.6
2011-07-19,8.95,9.08,8.79,8.85,15243200,8.8
2011-07-18,8.91,9.17,8.81,9.05,22452700,9.0
2011-07-15,9.28,9.35,8.85,8.98,31236000,8.9
2011-07-14,9.88,9.88,9.28,9.49,33197700,9.4
2011-07-13,9.80,10.18,9.58,9.85,27524700,9.8
2011-07-12,10.19,10.47,9.70,10.00,48297100,10.0
2011-07-11,11.10,11.50,10.60,10.78,50077700,10.7
2011-07-08,10.20,12.15,10.10,10.52,88799200,10.5
2011-07-07,1.17,1.17,1.17,1.17,000,1.1
2011-07-06,1.17,1.17,1.17,1.17,000,1.1
2011-07-05,1.17,1.17,1.17,1.17,000,1.1
2011-07-04,1.17,1.17,1.17,1.17,000,1.1
2011-07-01,1.17,1.17,1.17,1.17,000,1.1
2011-06-30,1.17,1.17,1.17,1.17,000,1.1
2011-06-29,1.17,1.17,1.17,1.17,000,1.1
2011-06-28,1.17,1.17,1.17,1.17,000,1.1
2011-06-27,1.17,1.17,1.17,1.17,000,1.1
2011-06-24,1.17,1.17,1.17,1.17,000,1.1
2011-06-23,1.17,1.17,1.17,1.17,000,1.1
2011-06-22,1.17,1.17,1.17,1.17,000,1.1
2011-06-21,1.17,1.17,1.17,1.17,000,1.1
2011-06-20,1.17,1.17,1.17,1.17,000,1.1
2011-06-17,1.17,1.17,1.17,1.17,000,1.1
2011-06-16,1.17,1.17,1.17,1.17,000,1.1
2011-06-15,1.17,1.17,1.17,1.17,000,1.1
2011-06-14,1.17,1.17,1.17,1.17,000,1.1
2011-06-13,1.17,1.17,1.17,1.17,000,1.1
2011-06-10,1.17,1.17,1.17,1.17,000,1.1
2011-06-09,1.17,1.17,1.17,1.17,000,1.1
2011-06-08,1.17,1.17,1.17,1.17,000,1.1
2011-06-07,1.17,1.17,1.17,1.17,000,1.1
2011-06-06,1.17,1.17,1.17,1.17,000,1.1
2011-06-03,1.17,1.17,1.17,1.17,000,1.1
2011-06-02,1.17,1.17,1.17,1.17,000,1.1
2011-06-01,1.17,1.17,1.17,1.17,000,1.1
2011-05-31,1.17,1.17,1.17,1.17,000,1.1
2011-05-30,1.17,1.17,1.17,1.17,000,1.1
2011-05-27,1.17,1.17,1.17,1.17,000,1.1
2011-05-26,1.17,1.17,1.17,1.17,000,1.1
2011-05-25,1.17,1.17,1.17,1.17,000,1.1
2011-05-24,1.17,1.17,1.17,1.17,000,1.1
2011-05-23,1.17,1.17,1.17,1.17,000,1.1
2011-05-20,1.17,1.17,1.17,1.17,000,1.1
2011-05-19,1.17,1.17,1.17,1.17,000,1.1
2011-05-18,1.17,1.17,1.17,1.17,000,1.1
2011-05-17,1.17,1.17,1.17,1.17,000,1.1
2011-05-16,1.17,1.17,1.17,1.17,000,1.1
2011-05-13,1.17,1.17,1.17,1.17,000,1.1
2011-05-12,1.17,1.17,1.17,1.17,000,1.1
2011-05-11,1.17,1.17,1.17,1.17,000,1.1
2011-05-10,1.17,1.17,1.17,1.17,000,1.1
2011-05-09,1.17,1.17,1.17,1.17,000,1.1
2011-05-06,1.17,1.17,1.17,1.17,000,1.1
2011-05-05,1.17,1.17,1.17,1.17,000,1.1
2011-05-04,1.17,1.17,1.17,1.17,000,1.1
2011-05-03,1.17,1.17,1.17,1.17,000,1.1
2011-05-02,1.17,1.17,1.17,1.17,000,1.1
2011-04-29,1.17,1.17,1.17,1.17,000,1.1
2011-04-28,1.17,1.17,1.17,1.17,000,1.1
2011-04-27,1.17,1.17,1.17,1.17,000,1.1
2011-04-26,1.17,1.17,1.17,1.17,000,1.1
2011-04-25,1.17,1.17,1.17,1.17,000,1.1
2011-04-22,1.17,1.17,1.17,1.17,000,1.1
2011-04-21,1.17,1.17,1.17,1.17,000,1.1
2011-04-20,1.17,1.17,1.17,1.17,000,1.1
2011-04-19,1.17,1.17,1.17,1.17,000,1.1
2011-04-18,1.17,1.17,1.17,1.17,000,1.1
2011-04-15,1.17,1.17,1.17,1.17,000,1.1
2011-04-14,1.17,1.17,1.17,1.17,000,1.1
2011-04-13,1.17,1.17,1.17,1.17,000,1.1
2011-04-12,1.17,1.17,1.17,1.17,000,1.1
2011-04-11,1.17,1.17,1.17,1.17,000,1.1
2011-04-08,1.17,1.17,1.17,1.17,000,1.1
2011-04-07,1.17,1.17,1.17,1.17,000,1.1
2011-04-06,1.17,1.17,1.17,1.17,000,1.1
2011-04-05,1.17,1.17,1.17,1.17,000,1.1
2011-04-04,1.17,1.17,1.17,1.17,000,1.1
2011-04-01,1.17,1.17,1.17,1.17,000,1.1
2011-03-31,1.17,1.17,1.17,1.17,000,1.1
2011-03-30,1.17,1.17,1.17,1.17,000,1.1
2011-03-29,1.17,1.17,1.17,1.17,000,1.1
2011-03-28,1.17,1.17,1.17,1.17,000,1.1
2011-03-25,1.17,1.17,1.17,1.17,000,1.1
2011-03-24,1.17,1.17,1.17,1.17,000,1.1
2011-03-23,1.17,1.17,1.17,1.17,000,1.1
2011-03-22,1.17,1.17,1.17,1.17,000,1.1
2011-03-21,1.17,1.17,1.17,1.17,000,1.1
2011-03-18,1.17,1.17,1.17,1.17,000,1.1
2011-03-17,1.17,1.17,1.17,1.17,000,1.1
2011-03-16,1.17,1.17,1.17,1.17,000,1.1
2011-03-15,1.17,1.17,1.17,1.17,000,1.1
2011-03-14,1.17,1.17,1.17,1.17,000,1.1
2011-03-11,1.17,1.17,1.17,1.17,000,1.1
2011-03-10,1.17,1.17,1.17,1.17,000,1.1
2011-03-09,1.17,1.17,1.17,1.17,000,1.1
2011-03-08,1.17,1.17,1.17,1.17,000,1.1
2011-03-07,1.17,1.17,1.17,1.17,000,1.1
2011-03-04,1.17,1.17,1.17,1.17,000,1.1
2011-03-03,1.17,1.17,1.17,1.17,000,1.1
2011-03-02,1.17,1.17,1.17,1.17,000,1.1
2011-03-01,1.17,1.17,1.17,1.17,000,1.1
2011-02-28,1.17,1.17,1.17,1.17,000,1.1
2011-02-25,1.17,1.17,1.17,1.17,000,1.1
2011-02-24,1.17,1.17,1.17,1.17,000,1.1
2011-02-23,1.17,1.17,1.17,1.17,000,1.1
2011-02-22,1.17,1.17,1.17,1.17,000,1.1
2011-02-21,1.17,1.17,1.17,1.17,000,1.1
2011-02-18,1.17,1.17,1.17,1.17,000,1.1
2011-02-17,1.17,1.17,1.17,1.17,000,1.1
2011-02-16,1.17,1.17,1.17,1.17,000,1.1
2011-02-15,1.17,1.17,1.17,1.17,000,1.1
2011-02-14,1.17,1.17,1.17,1.17,000,1.1
2011-02-11,1.17,1.17,1.17,1.17,000,1.1
2011-02-10,1.17,1.17,1.17,1.17,000,1.1
2011-02-09,1.17,1.17,1.17,1.17,000,1.1
2011-02-08,1.17,1.17,1.17,1.17,000,1.1
2011-02-07,1.17,1.17,1.17,1.17,000,1.1
2011-02-04,1.17,1.17,1.17,1.17,000,1.1
2011-02-03,1.17,1.17,1.17,1.17,000,1.1
2011-02-02,1.17,1.17,1.17,1.17,000,1.1
2011-02-01,1.17,1.17,1.17,1.17,000,1.1
2011-01-31,1.17,1.17,1.17,1.17,000,1.1
2011-01-28,1.17,1.17,1.17,1.17,000,1.1
2011-01-27,1.17,1.17,1.17,1.17,000,1.1
2011-01-26,1.17,1.17,1.17,1.17,000,1.1
2011-01-25,1.17,1.17,1.17,1.17,000,1.1
2011-01-24,1.17,1.17,1.17,1.17,000,1.1
2011-01-21,1.17,1.17,1.17,1.17,000,1.1
2011-01-20,1.17,1.17,1.17,1.17,000,1.1
2011-01-19,1.17,1.17,1.17,1.17,000,1.1
2011-01-18,1.17,1.17,1.17,1.17,000,1.1
2011-01-17,1.17,1.17,1.17,1.17,000,1.1
2011-01-14,1.17,1.17,1.17,1.17,000,1.1
2011-01-13,1.17,1.17,1.17,1.17,000,1.1
2011-01-12,1.17,1.17,1.17,1.17,000,1.1
2011-01-11,1.17,1.17,1.17,1.17,000,1.1
2011-01-10,1.17,1.17,1.17,1.17,000,1.1
2011-01-07,1.17,1.17,1.17,1.17,000,1.1
2011-01-06,1.17,1.17,1.17,1.17,000,1.1
2011-01-05,1.17,1.17,1.17,1.17,000,1.1
2011-01-04,1.17,1.17,1.17,1.17,000,1.1
2011-01-03,1.17,1.17,1.17,1.17,000,1.1
