Date,Open,High,Low,Close,Volume,Adj Clos
2009-12-31,15.18,15.24,15.06,15.13,2364300,14.7
2009-12-30,15.17,15.46,15.05,15.22,2584800,14.8
2009-12-29,15.06,15.15,14.89,15.14,1467000,14.7
2009-12-28,14.75,15.25,14.72,15.05,2544500,14.6
2009-12-25,14.67,14.75,14.45,14.67,1447800,14.3
2009-12-23,14.30,14.37,14.06,14.33,1473600,13.9
2009-12-22,14.60,14.69,14.15,14.19,1724900,13.8
2009-12-21,14.71,14.88,14.31,14.60,1944500,14.2
2009-12-18,15.15,15.18,14.52,14.70,2741800,14.3
2009-12-17,15.59,16.10,15.18,15.20,5536200,14.8
2009-12-16,15.52,15.79,15.36,15.60,3082700,15.2
2009-12-15,15.38,15.90,15.32,15.59,5246100,15.2
2009-12-14,15.04,15.49,15.03,15.48,4543400,15.1
2009-12-11,14.95,15.10,14.83,15.04,1434500,14.6
2009-12-10,14.92,14.97,14.73,14.86,917700,14.5
2009-12-09,14.99,15.04,14.68,14.80,2079000,14.4
2009-12-08,15.32,15.44,15.00,15.23,2132900,14.8
2009-12-07,15.38,15.49,15.20,15.28,2839200,14.9
2009-12-04,15.29,15.58,14.80,15.23,4526400,14.8
2009-12-03,15.19,15.25,15.02,15.22,2240200,14.8
2009-12-02,14.91,15.25,14.89,15.20,4222100,14.8
2009-12-01,14.49,15.07,14.42,15.04,2820500,14.6
2009-11-30,14.11,14.57,14.11,14.53,2190800,14.1
2009-11-27,14.40,14.49,13.90,14.08,2609100,13.7
2009-11-26,14.86,15.47,14.60,14.61,5779800,14.2
2009-11-25,14.48,14.94,14.38,14.90,2308200,14.5
2009-11-24,15.27,15.45,14.47,14.47,3495900,14.1
2009-11-23,15.13,15.27,15.05,15.27,3077300,14.9
2009-11-20,15.13,15.21,14.90,15.12,2471000,14.7
2009-11-19,15.25,15.25,15.00,15.14,2051200,14.7
2009-11-18,15.12,15.33,15.07,15.15,2003700,14.7
2009-11-17,15.08,15.18,14.90,15.12,1834500,14.7
2009-11-16,15.01,15.20,14.92,15.03,3343500,14.6
2009-11-13,14.53,14.87,14.45,14.87,2686500,14.5
2009-11-12,14.54,14.95,14.54,14.66,2200300,14.3
2009-11-11,14.68,14.68,14.39,14.54,1902800,14.1
2009-11-10,14.70,14.77,14.58,14.68,2266600,14.3
2009-11-09,14.31,14.75,14.31,14.72,4442000,14.3
2009-11-06,14.50,14.72,14.18,14.20,4847800,13.8
2009-11-05,14.30,14.48,14.18,14.46,2247400,14.1
2009-11-04,14.10,14.47,14.05,14.27,3306200,13.9
2009-11-03,13.80,14.18,13.79,14.07,3061000,13.7
2009-11-02,13.43,13.84,13.11,13.84,1410200,13.5
2009-10-30,13.65,13.85,13.47,13.55,1911200,13.2
2009-10-28,13.50,14.00,13.02,13.72,1620800,13.3
2009-10-27,14.08,14.08,13.52,13.54,1916700,13.2
2009-10-26,13.87,14.12,13.73,14.09,1993400,13.7
2009-10-23,13.62,13.95,13.62,13.85,1638300,13.5
2009-10-22,13.70,13.76,13.56,13.60,1243300,13.2
2009-10-21,13.93,13.95,13.71,13.72,2072500,13.3
2009-10-20,14.00,14.08,13.88,13.92,2738900,13.5
2009-10-19,13.40,13.98,13.40,13.98,2125400,13.6
2009-10-16,13.50,13.55,13.24,13.50,1422800,13.1
2009-10-15,13.61,13.69,13.44,13.49,1193200,13.1
2009-10-14,13.30,13.68,13.30,13.57,3606700,13.2
2009-10-13,12.94,13.42,12.88,13.33,3618800,13.0
2009-10-12,13.12,13.17,12.94,12.98,987600,12.6
2009-10-09,12.95,13.15,12.71,13.12,1527300,12.8
2009-09-30,12.48,12.66,12.48,12.54,741200,12.2
2009-09-29,12.53,12.65,12.30,12.48,1003700,12.1
2009-09-28,12.79,13.09,12.50,12.53,986600,12.2
2009-09-25,12.78,12.94,12.70,12.78,1336100,12.4
2009-09-24,13.00,13.00,12.57,12.83,1442600,12.5
2009-09-23,13.50,13.70,12.92,13.00,2214900,12.6
2009-09-22,13.91,14.19,13.50,13.51,1983100,13.1
2009-09-21,13.70,13.93,13.32,13.90,2208600,13.5
2009-09-18,13.90,14.25,13.68,13.89,6005200,13.5
2009-09-17,13.22,13.85,13.22,13.82,3670800,13.4
2009-09-16,13.50,13.50,13.22,13.38,2100400,13.0
2009-09-15,13.58,13.62,13.34,13.49,2774700,13.1
2009-09-14,13.34,13.59,13.20,13.59,3659300,13.2
2009-09-11,13.17,13.47,13.11,13.32,1925500,13.0
2009-09-10,13.21,13.37,13.10,13.17,2897100,12.8
2009-09-09,13.10,13.44,12.89,13.33,2466500,13.0
2009-09-08,12.90,13.12,12.66,13.08,1890200,12.7
2009-09-07,12.89,13.22,12.86,12.92,2218500,12.6
2009-09-04,12.80,12.94,12.53,12.88,2322000,12.5
2009-09-03,12.25,12.80,12.20,12.79,2510600,12.4
2009-09-02,12.22,12.34,12.04,12.20,1132300,11.9
2009-09-01,12.19,12.39,12.12,12.21,1511500,11.9
2009-08-31,12.81,12.81,12.17,12.19,2229300,11.9
2009-08-28,13.10,13.22,12.70,12.84,1450300,12.5
2009-08-27,13.00,13.23,12.86,13.18,2043000,12.8
2009-08-26,12.74,13.14,12.55,13.03,2261800,12.7
2009-08-25,13.37,13.37,12.25,12.66,3539600,12.3
2009-08-24,13.45,13.46,13.20,13.36,2484900,13.0
2009-08-21,13.20,13.52,13.15,13.36,2618400,13.0
2009-08-20,12.80,13.25,12.80,13.19,1721100,12.8
2009-08-19,13.40,13.47,12.50,12.78,1676600,12.4
2009-08-18,13.15,13.44,12.96,13.43,1966400,13.1
2009-08-17,13.70,13.96,12.90,13.15,3080400,12.8
2009-08-14,14.77,14.78,13.82,13.82,2131000,13.4
2009-08-13,15.09,15.09,14.58,14.77,2424200,14.4
2009-08-12,15.70,15.70,14.70,14.94,3277200,14.5
2009-08-11,15.81,15.92,15.60,15.73,2319400,15.3
2009-08-10,15.81,15.97,15.30,15.60,2788900,15.2
2009-08-07,16.16,16.56,15.60,15.66,7490000,15.2
2009-08-06,16.24,16.24,15.55,15.82,3712000,15.4
2009-08-05,16.63,16.70,16.07,16.25,4637400,15.8
2009-08-04,16.00,16.79,16.00,16.63,9296100,16.2
2009-08-03,15.52,16.20,15.40,15.96,6959200,15.5
2009-07-31,14.98,15.65,14.81,15.48,5179200,15.1
2009-07-30,14.50,14.95,14.20,14.84,3110100,14.4
2009-07-29,15.61,15.63,14.10,14.48,4847100,14.1
2009-07-28,15.35,15.70,15.20,15.67,5948400,15.2
2009-07-27,15.10,15.35,15.00,15.34,4758400,14.9
2009-07-24,15.23,15.29,14.81,15.11,4014400,14.7
2009-07-23,15.00,15.18,14.92,15.15,4622300,14.7
2009-07-22,14.82,15.09,14.78,14.95,4777900,14.5
2009-07-21,15.63,15.63,14.90,14.93,7157000,14.5
2009-07-20,15.33,15.75,15.32,15.44,5582800,15.0
2009-07-17,15.90,15.90,15.20,15.47,6181600,15.1
2009-07-16,16.31,16.94,16.28,16.70,7688900,15.8
2009-07-15,16.10,16.19,15.81,16.19,5066600,15.3
2009-07-14,15.95,16.20,15.77,15.94,3000200,15.0
2009-07-13,15.41,16.06,15.41,15.88,4517700,15.0
2009-07-10,15.42,15.65,15.25,15.57,4939100,14.7
2009-07-09,15.05,15.65,15.00,15.52,8271000,14.6
2009-07-08,14.35,14.92,14.30,14.92,4675100,14.1
2009-07-07,14.48,14.79,14.30,14.48,4089300,13.7
2009-07-06,14.18,14.65,14.15,14.54,4862100,13.7
2009-07-03,14.20,14.36,14.03,14.18,2858200,13.4
2009-07-02,14.03,14.37,13.95,14.36,4941100,13.5
2009-07-01,14.01,14.17,13.96,13.99,3449600,13.2
2009-06-30,14.39,14.42,13.94,14.10,3087400,13.3
2009-06-29,13.99,14.45,13.80,14.42,4477500,13.6
2009-06-26,14.10,14.16,13.88,14.00,2554700,13.2
2009-06-25,14.40,14.40,14.00,14.07,2799800,13.3
2009-06-24,14.25,14.48,14.12,14.44,3953700,13.6
2009-06-23,13.84,14.39,13.71,14.39,6151000,13.6
2009-06-22,13.83,14.60,13.83,14.00,8211800,13.2
2009-06-19,13.30,13.74,13.28,13.69,5232000,12.9
2009-06-18,13.31,13.36,13.20,13.33,2894800,12.6
2009-06-17,13.17,13.36,13.09,13.34,2297700,12.6
2009-06-16,13.15,13.26,13.05,13.19,2189900,12.4
2009-06-15,13.11,13.29,13.02,13.22,2290100,12.5
2009-06-12,13.55,13.58,13.02,13.10,3655000,12.4
2009-06-11,13.60,13.71,13.43,13.55,3633700,12.8
2009-06-10,13.26,13.78,13.18,13.70,7625200,12.9
2009-06-09,13.34,13.41,13.02,13.25,2269200,12.5
2009-06-08,13.24,13.44,13.10,13.30,3220800,12.5
2009-06-05,13.29,13.42,13.16,13.24,3476800,12.5
2009-06-04,13.38,13.43,13.00,13.18,3281700,12.4
2009-06-03,13.11,13.75,13.06,13.48,5491400,12.7
2009-06-02,13.01,13.39,12.92,13.11,2652600,12.4
2009-06-01,13.07,13.10,12.88,12.99,2559100,12.3
2009-05-27,12.80,13.06,12.66,12.88,2183900,12.1
2009-05-26,12.68,12.71,12.52,12.55,1663100,11.8
2009-05-25,12.40,12.65,12.20,12.58,2230200,11.9
2009-05-21,12.95,13.01,12.59,12.60,2651400,11.9
2009-05-20,13.13,13.19,12.99,13.01,2529300,12.3
2009-05-19,13.30,13.39,13.05,13.13,2569600,12.4
2009-05-18,13.25,13.36,12.91,13.23,2259300,12.5
2009-05-15,13.34,13.47,13.14,13.31,3352800,12.6
2009-05-14,12.99,13.33,12.90,13.31,4921100,12.6
2009-05-13,12.97,13.18,12.82,13.07,2711200,12.3
2009-05-12,12.58,12.99,12.50,12.98,3138300,12.2
2009-05-11,13.30,13.52,12.66,12.66,5972100,11.9
2009-05-08,12.55,13.28,12.54,13.15,7995100,12.4
2009-05-07,12.80,12.85,12.42,12.56,4357800,11.8
2009-05-06,12.70,12.79,12.60,12.75,3313400,12.0
2009-05-05,12.78,12.82,12.61,12.74,3230100,12.0
2009-05-04,12.40,12.74,12.40,12.74,6256700,12.0
2009-04-30,12.45,12.53,12.27,12.38,2197600,11.7
2009-04-29,12.04,12.43,11.99,12.38,2458100,11.7
2009-04-28,11.90,12.09,11.88,12.08,2141300,11.4
2009-04-27,12.37,12.43,11.81,11.95,2995600,11.3
2009-04-24,12.69,12.76,12.36,12.40,1899400,11.7
2009-04-23,12.55,12.76,12.29,12.68,2062300,12.0
2009-04-22,13.13,13.22,12.50,12.55,4179500,11.8
2009-04-21,13.27,13.34,12.90,13.06,4716100,12.3
2009-04-20,13.04,13.63,12.95,13.50,3598700,12.7
2009-04-17,13.46,13.46,12.96,13.04,2823600,12.3
2009-04-16,13.49,13.62,13.35,13.46,2952200,12.7
2009-04-15,13.60,13.60,13.18,13.48,3072800,12.7
2009-04-14,13.39,13.75,13.39,13.67,5286700,12.9
2009-04-13,13.33,13.75,13.33,13.57,4779600,12.8
2009-04-10,12.67,13.15,12.63,13.15,4147200,12.4
2009-04-09,12.24,12.78,12.19,12.63,2515100,11.9
2009-04-08,12.90,12.90,12.23,12.25,2970100,11.6
2009-04-07,13.05,13.05,12.70,13.02,2694200,12.3
2009-04-03,13.05,13.21,12.92,13.05,7001900,12.3
2009-04-02,12.36,13.38,12.36,13.01,10790400,12.3
2009-04-01,12.14,12.56,11.96,12.52,7795300,11.8
2009-03-31,11.84,12.02,11.66,12.00,4385600,11.3
2009-03-30,11.76,12.12,11.71,12.07,6070500,11.4
2009-03-27,11.45,11.80,11.45,11.72,4892900,11.0
2009-03-26,11.15,11.41,11.15,11.41,2872600,10.8
2009-03-25,11.50,11.54,11.15,11.15,3289200,10.5
2009-03-24,11.62,11.69,11.48,11.54,3873300,10.9
2009-03-23,11.40,11.67,11.31,11.54,4090000,10.9
2009-03-20,11.47,11.47,11.21,11.43,4151600,10.8
2009-03-19,11.14,11.39,11.10,11.35,4295800,10.7
2009-03-18,11.06,11.26,11.03,11.12,4745600,10.5
2009-03-17,10.72,11.07,10.60,11.02,4147300,10.4
2009-03-16,10.55,10.75,10.55,10.70,1163900,10.1
2009-03-13,10.85,10.90,10.63,10.68,1320400,10.1
2009-03-12,10.80,10.90,10.51,10.78,1536800,10.2
2009-03-11,11.12,11.20,10.80,10.83,1907500,10.2
2009-03-10,10.75,11.14,10.62,10.98,1955300,10.3
2009-03-09,11.44,11.44,10.80,10.80,3299700,10.2
2009-03-06,10.81,11.60,10.73,11.39,5513700,10.7
2009-03-05,11.30,11.30,10.80,11.10,4772900,10.5
2009-03-04,10.48,11.25,10.48,11.17,4049400,10.5
2009-03-03,10.48,10.65,10.31,10.52,1966200,9.9
2009-03-02,10.56,10.75,10.51,10.70,1707100,10.1
2009-02-27,11.02,11.04,10.51,10.56,3171600,10.0
2009-02-26,11.67,11.81,10.97,11.02,3701200,10.4
2009-02-25,11.65,11.78,11.19,11.62,4104900,11.0
2009-02-24,12.21,12.33,11.51,11.54,6637400,10.9
2009-02-23,11.86,12.39,11.78,12.32,4121800,11.6
2009-02-20,11.78,11.99,11.52,11.92,3198100,11.2
2009-02-19,11.74,11.98,11.50,11.76,3606000,11.1
2009-02-18,12.38,12.56,11.70,11.74,5357300,11.1
2009-02-17,12.75,13.33,12.56,12.59,6691300,11.9
2009-02-16,12.58,13.10,12.50,12.79,6825300,12.1
2009-02-13,11.84,12.32,11.65,12.30,6178600,11.6
2009-02-12,11.97,12.12,11.46,11.84,4206700,11.2
2009-02-11,11.98,12.26,11.82,12.00,5232800,11.3
2009-02-10,11.57,12.40,11.50,12.27,7797700,11.6
2009-02-09,11.31,11.97,11.31,11.60,9058000,10.9
2009-02-06,10.61,11.17,10.61,11.09,6578800,10.5
2009-02-05,10.80,10.95,10.57,10.64,5908500,10.0
2009-02-04,10.61,10.83,10.55,10.81,4951900,10.2
2009-02-03,10.39,10.66,10.30,10.59,4797000,10.0
2009-02-02,10.22,10.35,10.17,10.33,3584700,9.7
2009-01-23,10.30,10.36,10.15,10.22,3356800,9.6
2009-01-22,10.15,10.38,10.08,10.35,3751200,9.8
2009-01-21,10.07,10.20,10.01,10.12,2461100,9.5
2009-01-20,10.17,10.24,9.98,10.21,2765200,9.6
2009-01-19,10.16,10.42,10.08,10.13,3600700,9.5
2009-01-16,10.00,10.22,9.97,10.04,3721500,9.5
2009-01-15,9.90,10.06,9.85,9.96,2879900,9.4
2009-01-14,9.73,9.97,9.63,9.96,1913200,9.4
2009-01-13,9.71,9.87,9.67,9.69,1482900,9.1
2009-01-12,9.70,9.91,9.65,9.80,2389100,9.2
2009-01-09,9.58,9.77,9.58,9.74,2309200,9.2
2009-01-08,9.83,9.84,9.57,9.59,1470200,9.0
2009-01-07,10.01,10.06,9.92,9.94,2001000,9.4
2009-01-06,9.90,10.13,9.70,10.08,4221800,9.5
2009-01-05,9.55,9.83,9.47,9.82,3079300,9.3
