Date,Open,High,Low,Close,Volume,Adj Clos
2005-12-30,6.50,6.55,6.36,6.38,740100,6.2
2005-12-29,6.55,6.55,6.45,6.48,936500,6.3
2005-12-28,6.44,6.55,6.44,6.53,774700,6.4
2005-12-27,6.39,6.50,6.39,6.48,567600,6.3
2005-12-26,6.40,6.51,6.36,6.42,731500,6.3
2005-12-23,6.44,6.46,6.34,6.44,724900,6.3
2005-12-22,6.38,6.48,6.28,6.46,1007400,6.3
2005-12-21,6.53,6.56,6.38,6.40,803600,6.3
2005-12-20,6.60,6.62,6.44,6.53,952500,6.4
2005-12-19,6.60,6.66,6.56,6.60,1038000,6.5
2005-12-16,6.40,6.68,6.36,6.62,1628500,6.5
2005-12-15,6.51,6.57,6.40,6.43,876300,6.3
2005-12-14,6.41,6.57,6.33,6.51,892700,6.4
2005-12-13,6.58,6.58,6.35,6.46,840900,6.3
2005-12-12,6.58,6.63,6.48,6.58,895100,6.4
2005-12-09,6.40,6.65,6.31,6.57,1186000,6.4
2005-12-08,6.38,6.48,6.26,6.41,958000,6.3
2005-12-07,6.32,6.42,6.18,6.35,837900,6.2
2005-12-06,6.26,6.47,6.20,6.32,1105800,6.2
2005-12-05,6.70,6.70,6.34,6.35,1652400,6.2
2005-12-02,6.64,6.76,6.56,6.72,1976900,6.6
2005-12-01,6.90,6.90,6.67,6.75,3315600,6.6
2005-11-30,6.68,7.06,6.55,6.96,4472300,6.8
2005-11-29,6.55,6.76,6.50,6.62,4655700,6.5
2005-11-28,6.50,6.54,6.33,6.42,878500,6.3
2005-11-25,6.48,6.58,6.45,6.49,902800,6.4
2005-11-24,6.33,6.59,6.33,6.48,1684600,6.3
2005-11-23,6.13,6.52,6.11,6.40,1316600,6.3
2005-11-22,6.45,6.53,6.20,6.20,1332200,6.1
2005-11-21,6.40,6.55,6.36,6.47,1434700,6.3
2005-11-18,6.05,6.49,5.96,6.39,2641600,6.3
2005-11-17,6.07,6.20,6.01,6.05,930200,5.9
2005-11-16,5.94,6.15,5.71,6.13,1545000,6.0
2005-11-15,6.27,6.36,5.90,5.94,1833900,5.8
2005-11-14,6.49,6.49,6.18,6.29,1624600,6.2
2005-11-11,6.35,6.65,6.25,6.48,2797100,6.3
2005-11-10,6.50,6.57,6.24,6.29,3263500,6.2
2005-11-09,5.99,6.58,5.91,6.57,4400800,6.4
2005-11-08,5.95,6.13,5.89,5.98,2528800,5.9
2005-11-07,5.68,5.97,5.56,5.88,2262000,5.8
2005-11-04,5.35,5.73,5.32,5.60,2265800,5.5
2005-11-03,5.41,5.45,5.32,5.36,760900,5.2
2005-11-02,5.35,5.46,5.28,5.43,1273500,5.3
2005-11-01,5.39,5.39,5.17,5.30,1042000,5.2
2005-10-31,5.25,5.57,5.15,5.45,1892200,5.3
2005-10-28,5.50,5.65,5.12,5.27,2198800,5.2
2005-10-27,8.75,8.75,8.75,8.75,000,8.6
2005-10-26,8.75,8.75,8.75,8.75,000,8.6
2005-10-25,8.75,8.75,8.75,8.75,000,8.6
2005-10-24,8.75,8.75,8.75,8.75,000,8.6
2005-10-21,8.75,8.75,8.75,8.75,000,8.6
2005-10-20,8.75,8.75,8.75,8.75,000,8.6
2005-10-19,8.75,8.75,8.75,8.75,000,8.6
2005-10-18,8.75,8.75,8.75,8.75,000,8.6
2005-10-17,8.75,8.75,8.75,8.75,000,8.6
2005-10-14,8.75,8.75,8.75,8.75,000,8.6
2005-10-13,8.75,8.75,8.75,8.75,000,8.6
2005-10-12,8.75,8.75,8.75,8.75,000,8.6
2005-10-11,8.75,8.75,8.75,8.75,000,8.6
2005-10-10,8.75,8.75,8.75,8.75,000,8.6
2005-10-07,8.75,8.75,8.75,8.75,000,8.6
2005-10-06,8.75,8.75,8.75,8.75,000,8.6
2005-10-05,8.75,8.75,8.75,8.75,000,8.6
2005-10-04,8.75,8.75,8.75,8.75,000,8.6
2005-10-03,8.75,8.75,8.75,8.75,000,8.6
2005-09-30,8.75,8.75,8.75,8.75,000,8.6
2005-09-29,9.18,9.18,8.71,8.75,1443900,8.6
2005-09-28,9.01,9.15,8.98,9.10,1441800,8.9
2005-09-27,8.81,9.12,8.81,9.01,1020000,8.8
2005-09-26,8.88,9.05,8.82,8.89,581400,8.7
2005-09-23,8.80,9.10,8.71,8.91,937100,8.7
2005-09-22,9.20,9.20,8.43,8.81,1513200,8.6
2005-09-21,9.24,9.24,9.24,9.24,000,9.1
2005-09-20,9.24,9.24,9.24,9.24,000,9.1
2005-09-19,9.24,9.24,9.24,9.24,000,9.1
2005-09-16,9.24,9.24,9.24,9.24,000,9.1
2005-09-15,9.24,9.24,9.24,9.24,000,9.1
2005-09-14,9.24,9.24,9.24,9.24,000,9.1
2005-09-13,9.24,9.24,9.24,9.24,000,9.1
2005-09-12,9.24,9.24,9.24,9.24,000,9.1
2005-09-09,8.86,9.66,8.86,9.24,3247100,9.1
2005-09-08,8.96,8.97,8.72,8.82,729900,8.7
2005-09-07,8.60,8.98,8.51,8.93,947400,8.8
2005-09-06,9.00,9.00,8.50,8.56,967400,8.4
2005-09-05,9.01,9.10,8.70,8.89,939100,8.7
2005-09-02,8.70,9.00,8.70,8.85,1823500,8.7
2005-09-01,8.53,8.75,8.53,8.71,860100,8.5
2005-08-31,8.26,8.56,8.26,8.56,745600,8.4
2005-08-30,8.20,8.38,8.20,8.25,248000,8.1
2005-08-29,8.48,8.52,8.22,8.28,584500,8.1
2005-08-26,8.58,8.58,8.41,8.52,540300,8.4
2005-08-25,8.60,8.60,8.36,8.58,706900,8.4
2005-08-24,8.20,8.57,8.11,8.53,1805800,8.4
2005-08-23,8.34,8.34,8.05,8.19,660100,8.0
2005-08-22,8.20,8.40,8.10,8.34,715400,8.2
2005-08-19,8.37,8.60,8.02,8.28,1650700,8.1
2005-08-18,9.08,9.16,8.25,8.39,2421900,8.2
2005-08-17,8.60,9.24,8.58,9.12,3187000,8.9
2005-08-16,8.78,9.07,8.67,8.67,2673400,8.5
2005-08-15,8.31,8.82,8.31,8.81,3045100,8.6
2005-08-12,8.23,8.53,8.11,8.28,2546100,8.1
2005-08-11,8.18,8.19,7.95,8.12,1078200,8.0
2005-08-10,8.11,8.18,7.95,8.18,1279400,8.0
2005-08-09,7.95,8.18,7.93,8.15,1408000,8.0
2005-08-08,8.25,8.27,7.95,7.98,3255400,7.8
2005-08-05,7.38,7.88,7.38,7.84,2113400,7.7
2005-08-04,7.41,7.55,7.30,7.38,705700,7.2
2005-08-03,7.44,7.53,7.36,7.43,911000,7.3
2005-08-02,7.42,7.55,7.36,7.44,907100,7.3
2005-08-01,7.26,7.42,7.25,7.40,808700,7.3
2005-07-29,7.15,7.28,7.15,7.25,441400,7.1
2005-07-28,7.20,7.34,7.18,7.22,912700,7.1
2005-07-27,6.78,7.23,6.78,7.21,678700,7.1
2005-07-26,6.80,7.03,6.75,6.92,444300,6.8
2005-07-25,7.08,7.08,6.80,6.86,468100,6.7
2005-07-22,7.18,7.28,6.75,7.13,802900,7.0
2005-07-21,7.24,7.29,7.04,7.08,238700,6.9
2005-07-20,7.20,7.30,7.15,7.24,259400,7.1
2005-07-19,7.05,7.28,7.05,7.18,123300,7.0
2005-07-18,6.98,7.15,6.98,7.12,208700,7.0
2005-07-15,7.22,7.38,7.05,7.11,337800,7.0
2005-07-14,7.29,7.45,7.25,7.28,349500,7.1
2005-07-13,7.29,7.41,7.14,7.30,642000,7.2
2005-07-12,6.80,7.34,6.75,7.29,779300,7.1
2005-07-11,7.00,7.29,6.80,6.82,365900,6.7
2005-07-08,7.21,7.25,6.85,6.88,531300,6.7
2005-07-07,7.22,7.34,7.15,7.27,326900,7.1
2005-07-06,7.27,7.46,7.18,7.21,484400,7.1
2005-07-05,7.40,7.53,7.20,7.26,468600,7.1
2005-07-04,7.18,7.40,7.10,7.40,583900,7.3
2005-07-01,7.51,7.60,7.20,7.21,729400,7.1
2005-06-30,7.90,7.95,7.55,7.55,904000,7.4
2005-06-29,8.04,8.33,7.90,7.95,974600,7.8
2005-06-28,8.25,8.25,8.09,8.09,1288200,7.9
2005-06-27,8.10,8.62,8.10,8.36,2615400,8.2
2005-06-24,7.62,7.92,7.62,7.92,855800,7.8
2005-06-23,8.10,8.12,7.65,7.68,1941100,7.5
2005-06-22,8.00,8.24,7.85,8.10,1681300,7.9
2005-06-21,8.06,8.30,7.90,8.04,2710400,7.9
2005-06-20,7.57,8.13,7.40,8.13,3939100,8.0
2005-06-17,7.53,7.58,7.31,7.39,1625000,7.2
2005-06-16,7.08,7.63,7.08,7.54,3008700,7.4
2005-06-15,6.79,7.30,6.79,7.03,1058200,6.9
2005-06-14,7.30,7.30,6.87,6.88,380000,6.7
2005-06-13,7.20,7.38,7.03,7.22,538500,7.1
2005-06-10,7.25,7.30,7.02,7.11,696100,7.0
2005-06-09,7.00,7.48,7.00,7.27,1608600,7.1
2005-06-08,6.68,7.30,6.68,7.30,1482900,6.9
2005-06-07,6.62,6.95,6.55,6.67,611200,6.3
2005-06-06,6.48,6.63,6.23,6.62,211500,6.3
2005-06-03,6.40,6.52,6.40,6.48,159300,6.1
2005-06-02,6.40,6.52,6.38,6.46,256100,6.1
2005-06-01,6.63,6.63,6.41,6.43,183500,6.1
2005-05-31,6.80,6.80,6.60,6.62,230800,6.3
2005-05-30,6.57,6.57,6.57,6.57,000,6.2
2005-05-27,6.50,6.75,6.50,6.57,166000,6.2
2005-05-26,6.65,6.75,6.55,6.60,192400,6.2
2005-05-25,6.59,6.80,6.46,6.69,347000,6.3
2005-05-24,6.30,6.64,6.30,6.54,281300,6.2
2005-05-23,6.51,6.58,6.35,6.36,267500,6.0
2005-05-20,6.80,6.82,6.66,6.68,200800,6.3
2005-05-19,6.83,6.85,6.65,6.84,268100,6.5
2005-05-18,6.80,6.84,6.69,6.83,164400,6.5
2005-05-17,6.71,6.93,6.70,6.81,260300,6.4
2005-05-16,6.84,6.84,6.70,6.70,135700,6.3
2005-05-13,6.63,6.89,6.60,6.79,290600,6.4
2005-05-12,6.63,6.82,6.42,6.65,354900,6.3
2005-05-11,6.54,6.65,6.51,6.65,254600,6.3
2005-05-10,6.40,6.58,6.20,6.54,252800,6.2
2005-05-09,6.75,6.99,6.50,6.50,196400,6.1
2005-05-06,6.80,6.80,6.80,6.80,000,6.4
2005-05-05,6.80,6.80,6.80,6.80,000,6.4
2005-05-04,6.80,6.80,6.80,6.80,000,6.4
2005-05-03,6.80,6.80,6.80,6.80,000,6.4
2005-05-02,6.80,6.80,6.80,6.80,000,6.4
2005-04-29,6.90,6.98,6.70,6.80,272800,6.4
2005-04-28,6.75,7.12,6.50,6.99,512400,6.6
2005-04-27,7.33,7.33,6.68,6.75,445200,6.4
2005-04-26,6.95,6.95,6.95,6.95,000,6.6
2005-04-25,7.20,7.30,6.82,6.95,459300,6.6
2005-04-22,7.83,7.86,7.10,7.32,618000,6.9
2005-04-21,7.72,7.95,7.65,7.83,236000,7.4
2005-04-20,7.80,7.89,7.60,7.71,255500,7.3
2005-04-19,7.95,8.05,7.73,7.88,435900,7.5
2005-04-18,8.19,8.19,7.89,7.95,539300,7.5
2005-04-15,8.58,8.58,8.10,8.20,501200,7.8
2005-04-14,8.54,8.75,8.45,8.58,609800,8.1
2005-04-13,8.31,8.65,8.31,8.52,406100,8.1
2005-04-12,8.60,8.63,8.36,8.39,253500,7.9
2005-04-11,8.60,8.78,8.50,8.63,637600,8.2
2005-04-08,8.40,8.60,8.31,8.56,434900,8.1
2005-04-07,8.25,8.62,8.25,8.40,618800,8.0
2005-04-06,8.08,8.38,8.03,8.29,298100,7.8
2005-04-05,8.16,8.36,8.09,8.12,213900,7.7
2005-04-04,8.46,8.46,8.20,8.28,375900,7.8
2005-04-01,8.09,8.70,8.08,8.54,482400,8.1
2005-03-31,8.18,8.20,8.03,8.20,328400,7.8
2005-03-30,8.45,8.45,8.18,8.20,431300,7.8
2005-03-29,8.58,8.67,8.42,8.48,331900,8.0
2005-03-28,8.95,8.95,8.38,8.60,857900,8.1
2005-03-25,9.26,9.28,9.08,9.16,407400,8.7
2005-03-24,8.87,9.35,8.81,9.26,487600,8.8
2005-03-23,8.99,9.45,8.90,9.12,1303500,8.6
2005-03-22,9.10,9.10,8.62,8.72,295900,8.3
2005-03-21,8.81,9.19,8.80,9.10,350500,8.6
2005-03-18,8.76,8.85,8.66,8.79,287700,8.3
2005-03-17,8.72,8.95,8.71,8.76,226800,8.3
2005-03-16,9.06,9.06,8.83,8.85,400100,8.4
2005-03-15,9.33,9.40,9.10,9.10,380700,8.6
2005-03-14,9.47,9.49,9.18,9.39,473200,8.9
2005-03-11,9.40,9.55,9.33,9.47,309500,9.0
2005-03-10,9.89,9.89,9.38,9.45,427100,9.0
2005-03-09,9.60,9.90,9.58,9.68,488700,9.2
2005-03-08,9.30,9.61,9.30,9.58,459000,9.1
2005-03-07,9.32,9.43,9.23,9.29,203500,8.8
2005-03-04,9.41,9.56,9.28,9.30,364600,8.8
2005-03-03,9.53,9.53,9.33,9.47,403300,9.0
2005-03-02,9.65,9.79,9.45,9.46,442800,9.0
2005-03-01,9.80,9.85,9.58,9.63,439800,9.1
2005-02-28,9.61,9.92,9.61,9.78,861500,9.3
2005-02-25,9.50,10.30,9.50,9.77,2096200,9.3
2005-02-24,9.46,9.53,9.30,9.37,592100,8.9
2005-02-23,9.45,9.75,9.30,9.50,1082800,9.0
2005-02-22,8.89,9.59,8.83,9.49,1094300,9.0
2005-02-21,8.89,8.94,8.71,8.89,200900,8.4
2005-02-18,8.77,8.89,8.70,8.71,184700,8.2
2005-02-17,8.85,8.85,8.67,8.80,215500,8.3
2005-02-16,8.80,8.99,8.78,8.85,334800,8.4
2005-02-15,8.75,8.75,8.75,8.75,000,8.3
2005-02-14,8.75,8.75,8.75,8.75,000,8.3
2005-02-11,8.75,8.75,8.75,8.75,000,8.3
2005-02-10,8.75,8.75,8.75,8.75,000,8.3
2005-02-09,8.75,8.75,8.75,8.75,000,8.3
2005-02-08,8.75,8.75,8.75,8.75,000,8.3
2005-02-07,8.75,8.75,8.75,8.75,000,8.3
2005-02-04,8.49,8.84,8.49,8.75,388600,8.3
2005-02-03,8.95,8.96,8.50,8.50,491600,8.0
2005-02-02,8.33,8.98,8.33,8.95,550700,8.5
2005-02-01,8.40,8.60,8.30,8.32,214100,7.9
2005-01-31,8.67,8.68,8.41,8.42,245900,8.0
2005-01-28,8.79,8.86,8.64,8.69,243800,8.2
2005-01-27,9.02,9.12,8.75,8.79,365100,8.3
2005-01-26,9.10,9.27,9.10,9.14,348900,8.7
2005-01-25,9.45,9.59,8.99,9.29,825600,8.8
2005-01-24,9.93,10.10,9.65,9.86,677300,9.3
2005-01-21,9.00,9.59,8.56,9.49,716400,9.0
2005-01-20,9.22,9.22,9.22,9.22,000,8.7
2005-01-19,9.60,9.60,9.15,9.22,265000,8.7
2005-01-18,9.29,9.55,9.29,9.53,243800,9.0
2005-01-17,9.69,9.69,9.30,9.35,385600,8.9
2005-01-14,9.85,10.08,9.75,9.75,208400,9.2
2005-01-13,10.10,10.10,9.92,9.94,185200,9.4
2005-01-12,10.16,10.26,9.94,10.00,145200,9.5
2005-01-11,10.30,10.30,10.05,10.10,130200,9.6
2005-01-10,10.05,10.20,9.94,10.17,144500,9.6
2005-01-07,10.06,10.35,9.95,10.12,354100,9.6
2005-01-06,10.02,10.10,9.84,9.98,169100,9.5
2005-01-05,9.72,10.10,9.72,10.00,271000,9.5
2005-01-04,9.81,9.81,9.58,9.70,172100,9.2
2005-01-03,9.81,9.81,9.81,9.81,000,9.3
