Date,Open,High,Low,Close,Volume,Adj Clos
2010-12-31,8.14,8.24,8.08,8.22,64189500,8.1
2010-12-30,8.27,8.30,8.04,8.15,94995100,8.0
2010-12-29,8.37,8.41,8.17,8.30,81251700,8.1
2010-12-28,8.72,8.86,8.30,8.33,87505000,8.2
2010-12-27,9.02,9.16,8.68,8.75,143175200,8.6
2010-12-24,8.84,9.20,8.80,9.01,117959500,8.9
2010-12-23,8.95,9.06,8.80,8.84,89606200,8.7
2010-12-22,9.13,9.44,8.80,9.00,210910600,8.8
2010-12-21,8.30,9.13,8.30,9.13,297087900,9.0
2010-12-20,8.45,8.54,8.21,8.30,68182700,8.1
2010-12-17,8.45,8.47,8.31,8.40,43791800,8.2
2010-12-16,8.32,8.60,8.28,8.43,102888900,8.3
2010-12-15,8.41,8.43,8.21,8.35,55627200,8.2
2010-12-14,8.40,8.46,8.34,8.41,49447300,8.3
2010-12-13,8.20,8.50,8.13,8.40,83437300,8.2
2010-12-10,8.17,8.26,8.08,8.10,82011500,8.0
2010-12-09,8.42,8.43,8.16,8.17,71464000,8.0
2010-12-08,8.65,8.69,8.40,8.49,69806300,8.3
2010-12-07,8.45,8.68,8.36,8.66,87090800,8.5
2010-12-06,8.51,8.69,8.45,8.49,98234500,8.3
2010-12-03,8.34,8.59,8.29,8.49,118865100,8.3
2010-12-02,8.32,8.41,8.26,8.27,62383600,8.1
2010-12-01,8.13,8.23,8.05,8.22,41453400,8.1
2010-11-30,8.18,8.30,7.95,8.13,83175800,8.0
2010-11-29,8.21,8.22,8.06,8.17,41433900,8.0
2010-11-26,8.36,8.37,8.15,8.23,67080500,8.1
2010-11-25,8.10,8.48,8.01,8.40,128442600,8.2
2010-11-24,7.98,8.12,7.92,8.08,77014500,7.9
2010-11-23,8.01,8.08,7.89,7.92,101618800,7.8
2010-11-22,8.17,8.22,7.95,8.09,121450500,7.9
2010-11-19,8.30,8.33,8.00,8.24,94864600,8.1
2010-11-18,8.25,8.31,8.16,8.27,68914300,8.1
2010-11-17,8.10,8.27,8.05,8.18,89420300,8.0
2010-11-16,8.53,8.54,8.09,8.16,129435500,8.0
2010-11-15,8.60,8.64,8.40,8.53,115898000,8.4
2010-11-12,9.15,9.15,8.49,8.53,211425200,8.4
2010-11-11,9.19,9.28,9.00,9.18,198330900,9.0
2010-11-10,9.30,9.39,9.05,9.15,201889800,9.0
2010-11-09,9.85,9.94,9.45,9.50,188507300,9.3
2010-11-08,9.78,10.09,9.78,9.90,162830700,9.7
2010-11-05,9.92,10.00,9.67,9.74,130233600,9.6
2010-11-04,9.80,9.93,9.68,9.75,104870100,9.6
2010-11-03,9.60,9.90,9.48,9.84,146025600,9.7
2010-11-02,9.65,9.86,9.41,9.65,152047700,9.5
2010-11-01,9.66,9.90,9.52,9.64,116404900,9.5
2010-10-29,9.80,9.95,9.46,9.70,116504200,9.5
2010-10-28,9.64,10.03,9.62,9.86,195819900,9.7
2010-10-27,9.41,10.04,9.41,9.63,227106700,9.5
2010-10-26,9.20,9.72,9.20,9.39,165508500,9.2
2010-10-25,8.98,9.22,8.84,9.20,137682600,9.0
2010-10-22,8.93,9.02,8.80,8.89,99367600,8.7
2010-10-21,8.80,9.04,8.69,8.89,161713700,8.7
2010-10-20,8.97,9.20,8.60,8.92,283230300,8.8
2010-10-19,9.60,9.64,9.15,9.50,116303700,9.3
2010-10-18,9.50,9.98,9.50,9.63,250897000,9.5
2010-10-15,9.36,9.60,9.30,9.55,165698000,9.4
2010-10-14,9.44,9.68,9.30,9.40,186918800,9.2
2010-10-13,8.82,9.65,8.82,9.40,254309200,9.2
2010-10-12,8.80,8.98,8.67,8.80,123767000,8.6
2010-10-11,8.39,8.99,8.37,8.84,181420500,8.7
2010-10-08,8.30,8.59,8.15,8.44,165047900,8.3
2010-09-30,7.73,8.40,7.64,8.40,187953500,8.2
2010-09-29,7.85,7.99,7.79,7.81,52354900,7.7
2010-09-28,8.07,8.15,7.84,7.89,79084000,7.7
2010-09-27,8.12,8.21,7.80,8.12,121297400,8.0
2010-09-21,8.09,8.24,8.08,8.15,39196300,8.0
2010-09-20,8.09,8.15,8.01,8.07,45201500,7.9
2010-09-17,8.05,8.20,8.04,8.08,63071600,7.9
2010-09-16,8.15,8.25,7.98,8.03,68067600,7.9
2010-09-15,8.28,8.36,8.12,8.16,41942500,8.0
2010-09-14,8.36,8.37,8.18,8.30,53724400,8.1
2010-09-13,8.17,8.52,8.06,8.35,76560500,8.2
2010-09-10,8.29,8.36,8.04,8.16,64178800,8.0
2010-09-09,8.62,8.64,8.26,8.28,88881600,8.1
2010-09-08,8.78,8.78,8.47,8.57,81583500,8.4
2010-09-07,8.71,8.90,8.71,8.78,66346700,8.6
2010-09-06,8.56,8.72,8.50,8.69,68159500,8.5
2010-09-03,8.65,8.74,8.41,8.50,71934500,8.3
2010-09-02,8.58,8.67,8.51,8.57,65297500,8.4
2010-09-01,8.41,8.67,8.30,8.47,82492200,8.3
2010-08-31,8.43,8.46,8.32,8.42,57889700,8.3
2010-08-30,8.49,8.54,8.22,8.48,80027200,8.3
2010-08-27,8.45,8.55,8.39,8.44,53358600,8.3
2010-08-26,8.50,8.70,8.45,8.53,62155600,8.4
2010-08-25,8.82,8.90,8.45,8.50,106875800,8.3
2010-08-24,8.46,8.92,8.46,8.85,109176200,8.7
2010-08-23,8.62,8.73,8.44,8.49,65465800,8.3
2010-08-20,8.69,8.81,8.63,8.65,67059800,8.5
2010-08-19,8.77,8.93,8.64,8.74,114293800,8.6
2010-08-18,8.90,8.98,8.72,8.79,91457100,8.6
2010-08-17,8.85,9.02,8.81,8.94,97294700,8.8
2010-08-16,8.79,8.95,8.65,8.89,139370400,8.7
2010-08-13,8.45,8.86,8.36,8.84,172967200,8.7
2010-08-12,8.20,8.64,8.18,8.46,189783500,8.3
2010-08-11,7.74,8.36,7.70,8.32,212169500,8.2
2010-08-09,7.94,8.05,7.87,7.96,74409700,7.8
2010-08-06,7.95,8.02,7.78,8.00,96205300,7.9
2010-08-05,8.21,8.30,7.90,7.99,134211300,7.8
2010-08-04,8.22,8.35,8.00,8.24,84972800,8.1
2010-08-03,8.32,8.55,8.25,8.25,100424800,8.1
2010-08-02,8.28,8.36,8.23,8.32,58188500,8.2
2010-07-30,8.28,8.32,8.21,8.29,45734400,8.1
2010-07-29,8.32,8.38,8.23,8.30,67214600,8.1
2010-07-28,8.07,8.35,8.01,8.31,108804900,8.2
2010-07-27,8.00,8.23,7.95,8.08,78192200,7.9
2010-07-26,8.00,8.04,7.89,8.01,48960900,7.9
2010-07-23,8.00,8.09,7.91,8.00,80470700,7.9
2010-07-22,7.73,8.02,7.69,7.95,91691200,7.8
2010-07-21,7.80,7.81,7.69,7.75,69405000,7.6
2010-07-20,7.76,7.94,7.73,7.81,92666700,7.7
2010-07-19,7.54,7.85,7.54,7.74,109909500,7.6
2010-07-16,7.45,7.72,7.38,7.62,81453100,7.5
2010-07-15,7.40,7.76,7.40,7.52,109355500,7.4
2010-07-14,7.45,7.63,7.35,7.40,76639900,7.3
2010-07-13,7.49,7.53,7.42,7.46,79139600,7.3
2010-07-12,7.26,7.74,7.19,7.64,168183300,7.5
2010-07-09,7.08,7.33,7.01,7.24,71243600,7.1
2010-07-08,7.12,7.19,7.05,7.07,36702100,6.9
2010-07-07,7.08,7.12,6.98,7.05,27484600,6.9
2010-07-06,7.00,7.16,6.96,7.06,51720200,6.9
2010-07-05,6.85,7.06,6.80,6.98,57469300,6.8
2010-07-02,6.70,6.98,6.69,6.93,74172600,6.8
2010-07-01,6.78,6.83,6.65,6.68,32428100,6.6
2010-06-30,6.84,6.90,6.76,6.78,45938900,6.6
2010-06-29,7.12,7.15,6.83,6.85,72412600,6.7
2010-06-28,7.15,7.18,7.10,7.12,26457400,7.0
2010-06-25,7.20,7.21,7.11,7.15,33435700,7.0
2010-06-24,7.18,7.26,7.14,7.25,41855500,7.1
2010-06-23,7.26,7.34,7.15,7.20,44503500,7.1
2010-06-22,7.28,7.34,7.26,7.29,51679900,7.2
2010-06-21,7.13,7.39,7.06,7.34,99555100,7.2
2010-06-18,7.10,7.23,7.05,7.07,55118700,6.9
2010-06-17,7.17,7.19,7.08,7.10,40968100,7.0
2010-06-11,7.18,7.20,7.10,7.13,38437200,7.0
2010-06-10,7.21,7.26,7.13,7.15,57343500,7.0
2010-06-09,7.15,7.32,7.06,7.30,71412800,7.2
2010-06-08,7.12,7.19,7.06,7.10,27945400,7.0
2010-06-07,7.15,7.19,7.10,7.12,37525500,7.0
2010-06-04,7.18,7.36,7.16,7.28,36471700,7.1
2010-06-03,7.29,7.38,7.19,7.19,39877900,7.1
2010-06-02,7.13,7.29,7.08,7.27,36434200,7.1
2010-06-01,7.18,7.25,7.10,7.16,38793200,7.0
2010-05-31,7.40,7.49,7.21,7.21,51457800,7.1
2010-05-28,7.56,7.61,7.35,7.43,47242100,7.3
2010-05-27,7.36,7.57,7.25,7.53,71422000,7.4
2010-05-26,7.44,7.53,7.33,7.44,47678100,7.3
2010-05-25,7.54,7.57,7.38,7.40,89210000,7.3
2010-05-24,7.43,7.82,7.43,7.70,146643500,7.6
2010-05-21,6.91,7.43,6.90,7.39,128210400,7.3
2010-05-20,7.15,7.29,7.09,7.10,48964300,7.0
2010-05-19,7.22,7.38,7.09,7.26,70935700,7.1
2010-05-18,6.91,7.44,6.83,7.34,111415500,7.2
2010-05-17,7.25,7.26,6.90,6.92,64275900,6.7
2010-05-14,7.34,7.38,7.27,7.31,39247600,7.1
2010-05-13,7.37,7.42,7.28,7.37,60907500,7.2
2010-05-12,7.24,7.40,7.17,7.34,64152400,7.1
2010-05-11,7.41,7.45,7.20,7.25,65814700,7.0
2010-05-10,7.22,7.37,7.22,7.30,56704400,7.1
2010-05-07,7.05,7.30,7.00,7.22,66262300,7.0
2010-05-06,7.45,7.45,7.18,7.18,63397000,7.0
2010-05-05,7.39,7.54,7.15,7.49,88121700,7.3
2010-05-04,7.64,7.70,7.41,7.45,72229900,7.2
2010-04-30,7.76,7.84,7.68,7.80,50809200,7.6
2010-04-29,7.83,7.87,7.75,7.76,59634700,7.5
2010-04-28,7.65,7.80,7.62,7.78,60745400,7.6
2010-04-27,7.80,7.80,7.60,7.70,89443200,7.5
2010-04-26,7.95,7.98,7.79,7.80,72453200,7.6
2010-04-23,7.89,7.97,7.83,7.93,72653900,7.7
2010-04-22,8.10,8.10,7.85,7.90,97960800,7.7
2010-04-21,8.00,8.15,7.96,8.11,109128000,7.9
2010-04-20,8.28,8.28,7.82,8.03,142805500,7.8
2010-04-19,8.90,8.90,8.26,8.30,180916900,8.1
2010-04-16,9.07,9.11,8.95,9.04,86982400,8.8
2010-04-15,9.15,9.17,9.07,9.11,107341600,8.9
2010-04-14,9.22,9.23,9.13,9.21,79566000,9.0
2010-04-13,9.20,9.29,9.10,9.25,91606400,9.0
2010-04-12,9.41,9.44,9.18,9.20,129430800,8.9
2010-04-09,9.33,9.41,9.31,9.39,54364200,9.1
2010-04-08,9.44,9.45,9.30,9.34,109983800,9.1
2010-04-07,9.59,9.62,9.44,9.46,92935300,9.2
2010-04-06,9.80,9.83,9.53,9.60,121323100,9.3
2010-04-02,9.75,9.85,9.69,9.77,127292800,9.5
2010-04-01,9.50,9.75,9.48,9.73,148227900,9.5
2010-03-31,9.49,9.63,9.44,9.50,62379000,9.2
2010-03-30,9.55,9.58,9.44,9.49,62712700,9.2
2010-03-29,9.33,9.58,9.32,9.54,84559700,9.3
2010-03-26,9.24,9.34,9.12,9.30,53531400,9.0
2010-03-25,9.40,9.40,9.23,9.24,55587600,9.0
2010-03-24,9.45,9.51,9.37,9.40,63558900,9.1
2010-03-22,9.63,9.67,9.47,9.52,51517000,9.3
2010-03-19,9.58,9.70,9.56,9.62,73279700,9.4
2010-03-18,9.46,9.67,9.43,9.54,106095700,9.3
2010-03-17,9.34,9.46,9.26,9.44,55940900,9.2
2010-03-16,9.28,9.33,9.19,9.27,30019100,9.0
2010-03-15,9.35,9.36,9.20,9.24,43815100,9.0
2010-03-12,9.49,9.49,9.35,9.36,43713000,9.1
2010-03-11,9.48,9.56,9.40,9.50,48380100,9.2
2010-03-10,9.63,9.64,9.46,9.48,69423700,9.2
2010-03-09,9.39,9.70,9.28,9.62,136668800,9.4
2010-03-08,9.36,9.45,9.30,9.39,49895500,9.1
2010-03-05,9.38,9.45,9.30,9.36,56346600,9.1
2010-03-04,9.57,9.69,9.36,9.39,86929300,9.1
2010-03-03,9.62,9.63,9.50,9.58,79535800,9.3
2010-03-02,9.45,9.66,9.45,9.61,131501000,9.3
2010-03-01,9.43,9.48,9.34,9.44,70822800,9.2
2010-02-26,9.49,9.52,9.40,9.43,67820400,9.2
2010-02-25,9.28,9.50,9.28,9.48,103274300,9.2
2010-02-24,9.09,9.24,9.05,9.23,47976700,9.0
2010-02-23,9.27,9.27,9.09,9.13,43217400,8.9
2010-02-22,9.29,9.35,9.25,9.26,34771700,9.0
2010-02-12,9.37,9.37,9.31,9.37,42057800,9.1
2010-02-11,9.23,9.35,9.18,9.28,52912100,9.0
2010-02-10,9.14,9.24,9.10,9.21,45054100,9.0
2010-02-09,9.12,9.16,9.03,9.09,44903400,8.8
2010-02-08,9.19,9.22,9.08,9.12,53959100,8.9
2010-02-05,9.26,9.32,9.15,9.20,68799900,8.9
2010-02-04,9.40,9.53,9.30,9.41,82951300,9.2
2010-02-03,9.26,9.48,9.13,9.45,81877700,9.2
2010-02-02,9.43,9.55,9.28,9.28,75391800,9.0
2010-02-01,9.30,9.53,9.09,9.41,97805800,9.2
2010-01-29,9.35,9.53,9.30,9.34,79150600,9.1
2010-01-28,9.27,9.48,9.19,9.41,84094700,9.2
2010-01-27,9.25,9.46,9.19,9.29,95500300,9.0
2010-01-26,9.52,9.59,9.18,9.22,105503800,9.0
2010-01-25,9.52,9.65,9.45,9.52,60170800,9.3
2010-01-22,9.68,9.73,9.50,9.55,112539300,9.3
2010-01-21,9.76,9.87,9.63,9.80,104828400,9.5
2010-01-20,10.08,10.10,9.73,9.76,173747600,9.5
2010-01-19,10.10,10.16,10.03,10.06,106404300,9.8
2010-01-18,10.14,10.19,9.99,10.09,125174500,9.8
2010-01-15,10.06,10.23,10.04,10.14,117924700,9.9
2010-01-14,10.04,10.08,9.91,10.03,119251300,9.8
2010-01-13,9.94,10.08,9.89,10.04,189279100,9.8
2010-01-12,10.13,10.37,9.98,10.29,152072500,10.0
2010-01-11,10.52,10.60,10.08,10.18,171300600,9.9
2010-01-08,10.28,10.38,10.19,10.35,108530400,10.1
2010-01-07,10.36,10.43,10.24,10.28,115244200,10.0
2010-01-06,10.35,10.51,10.20,10.36,135860400,10.1
2010-01-05,10.51,10.52,10.20,10.36,184862000,10.1
2010-01-04,10.85,10.87,10.60,10.60,96983200,10.3
