Date,Open,High,Low,Close,Volume,Adj Clos
2004-12-31,7.95,8.00,7.75,7.98,125900,7.6
2004-12-30,7.85,7.96,7.80,7.88,155600,7.5
2004-12-29,7.50,7.88,7.50,7.80,253300,7.5
2004-12-28,7.45,7.67,7.45,7.59,53700,7.3
2004-12-27,7.31,7.65,7.31,7.51,33300,7.2
2004-12-24,7.57,7.62,7.52,7.60,32600,7.3
2004-12-23,7.65,7.65,7.54,7.57,63100,7.2
2004-12-22,7.34,7.70,7.34,7.70,169000,7.4
2004-12-21,7.42,7.47,7.33,7.45,41800,7.1
2004-12-20,7.45,7.54,7.35,7.42,86600,7.1
2004-12-17,7.50,7.52,7.35,7.46,55200,7.1
2004-12-16,7.40,7.58,7.40,7.48,84900,7.1
2004-12-15,7.50,7.53,7.21,7.50,83000,7.2
2004-12-14,7.42,7.59,7.42,7.48,55500,7.1
2004-12-13,7.43,7.59,7.41,7.57,59200,7.2
2004-12-10,7.41,7.69,7.41,7.43,88000,7.1
2004-12-09,7.66,7.70,7.59,7.70,58600,7.4
2004-12-08,7.54,7.70,7.48,7.68,103200,7.3
2004-12-07,7.74,7.74,7.50,7.50,75000,7.2
2004-12-06,7.61,7.72,7.61,7.67,110900,7.3
2004-12-03,7.50,7.74,7.49,7.72,209600,7.4
2004-12-02,7.41,7.50,7.41,7.50,45800,7.2
2004-12-01,7.43,7.50,7.40,7.50,39500,7.2
2004-11-30,7.43,7.55,7.20,7.52,115000,7.2
2004-11-29,7.58,7.58,7.41,7.42,61100,7.1
2004-11-26,7.50,7.56,7.37,7.42,152000,7.1
2004-11-25,7.57,7.60,7.40,7.50,113700,7.2
2004-11-24,7.67,7.77,7.46,7.55,279800,7.2
2004-11-23,7.42,8.33,7.36,7.68,1220400,7.3
2004-11-22,7.45,7.60,7.44,7.57,139200,7.2
2004-11-19,7.39,7.57,7.35,7.53,109700,7.2
2004-11-18,7.37,7.46,7.36,7.39,44500,7.1
2004-11-17,7.63,7.63,7.38,7.39,97500,7.1
2004-11-16,7.58,7.64,7.35,7.63,222100,7.3
2004-11-15,7.27,7.58,7.20,7.57,251300,7.2
2004-11-12,7.15,7.30,7.05,7.13,126500,6.8
2004-11-11,7.30,7.47,7.21,7.23,114400,6.9
2004-11-10,7.21,7.30,7.03,7.29,64400,7.0
2004-11-09,7.03,7.12,7.02,7.02,30100,6.7
2004-11-08,7.14,7.14,7.00,7.12,17800,6.8
2004-11-05,7.13,7.16,7.06,7.16,47900,6.8
2004-11-04,7.21,7.36,7.14,7.14,55000,6.8
2004-11-03,7.26,7.38,7.14,7.35,105600,7.0
2004-11-02,7.19,7.91,7.19,7.32,158200,7.0
2004-11-01,7.30,7.30,7.04,7.19,68900,6.9
2004-10-29,7.40,7.46,7.13,7.34,251500,7.0
2004-10-28,7.10,7.55,7.10,7.49,280300,7.2
2004-10-27,6.98,7.08,6.98,7.07,104000,6.8
2004-10-26,6.96,7.10,6.86,6.99,39600,6.7
2004-10-25,6.99,7.05,6.87,6.99,122000,6.7
2004-10-22,6.60,6.90,6.59,6.90,99000,6.6
2004-10-21,6.84,6.84,6.50,6.60,45600,6.3
2004-10-20,6.88,6.93,6.75,6.88,20000,6.6
2004-10-19,6.95,7.10,6.90,6.93,87900,6.6
2004-10-18,6.69,7.00,6.54,6.97,101900,6.7
2004-10-15,6.68,6.73,6.46,6.60,30500,6.3
2004-10-14,7.10,7.13,6.70,6.73,104400,6.4
2004-10-13,7.00,7.17,6.90,7.13,47300,6.8
2004-10-12,7.20,7.20,6.90,7.04,74200,6.7
2004-10-11,7.04,7.30,7.00,7.22,120200,6.9
2004-10-08,7.05,7.05,6.75,7.02,55900,6.7
2004-10-07,6.83,6.83,6.83,6.83,000,6.5
2004-10-06,6.83,6.83,6.83,6.83,000,6.5
2004-10-05,6.83,6.83,6.83,6.83,000,6.5
2004-10-04,6.83,6.83,6.83,6.83,000,6.5
2004-10-01,6.83,6.83,6.83,6.83,000,6.5
2004-09-30,7.07,7.07,6.82,6.83,69600,6.5
2004-09-29,6.95,7.01,6.83,6.90,85400,6.6
2004-09-28,6.88,6.96,6.83,6.95,73700,6.6
2004-09-27,7.19,7.19,6.81,6.82,232500,6.5
2004-09-24,7.45,7.53,7.00,7.02,582700,6.7
2004-09-23,7.28,7.48,7.24,7.45,200900,7.1
2004-09-22,7.44,7.44,7.34,7.36,292800,7.0
2004-09-21,7.58,7.69,7.31,7.45,325400,7.1
2004-09-20,7.22,7.45,7.22,7.45,456300,7.1
2004-09-17,7.05,7.19,7.01,7.19,124700,6.9
2004-09-16,6.91,6.98,6.78,6.98,120300,6.7
2004-09-15,6.57,6.99,6.54,6.92,149100,6.6
2004-09-14,6.66,6.66,6.40,6.53,42100,6.2
2004-09-13,6.48,6.48,6.30,6.30,33300,6.0
2004-09-10,6.38,6.48,6.12,6.48,18100,6.2
2004-09-09,6.54,6.60,6.40,6.50,44600,6.2
2004-09-08,6.74,6.74,6.52,6.55,26700,6.3
2004-09-07,6.55,6.69,6.55,6.64,30400,6.3
2004-09-06,6.47,6.59,6.47,6.59,27300,6.3
2004-09-03,6.60,6.64,6.41,6.46,58200,6.2
2004-09-02,6.50,6.60,6.46,6.58,27600,6.3
2004-09-01,6.58,6.59,6.35,6.50,18600,6.2
2004-08-31,6.58,6.80,6.58,6.60,93300,6.3
2004-08-30,6.45,6.58,6.23,6.47,27000,6.2
2004-08-27,6.80,6.80,6.35,6.45,97800,6.2
2004-08-26,6.96,6.96,6.70,6.80,32100,6.5
2004-08-25,6.76,6.84,6.65,6.80,14600,6.5
2004-08-24,6.58,6.80,6.55,6.77,59300,6.5
2004-08-23,6.82,6.82,6.58,6.58,66900,6.3
2004-08-20,7.05,7.09,6.80,6.92,40000,6.6
2004-08-19,7.01,7.10,6.99,7.00,71800,6.7
2004-08-18,7.17,7.24,7.10,7.10,27000,6.8
2004-08-17,7.20,7.27,7.12,7.17,30400,6.8
2004-08-16,7.30,7.35,7.21,7.23,40200,6.9
2004-08-13,7.34,7.36,7.29,7.35,21300,7.0
2004-08-12,7.51,7.51,7.30,7.35,27100,7.0
2004-08-11,7.51,7.63,7.38,7.49,30500,7.2
2004-08-10,7.50,7.53,7.45,7.50,24600,7.2
2004-08-09,7.58,7.58,7.40,7.42,36700,7.1
2004-08-06,7.40,7.50,7.31,7.37,25000,7.0
2004-08-05,7.42,7.50,7.38,7.45,33900,7.1
2004-08-04,7.43,7.65,7.39,7.42,89000,7.1
2004-08-03,7.17,7.30,7.17,7.25,17100,6.9
2004-08-02,7.31,7.31,7.22,7.24,43600,6.9
2004-07-30,7.46,7.49,7.30,7.31,38300,7.0
2004-07-29,7.16,7.45,7.16,7.45,93900,7.1
2004-07-28,7.22,7.36,7.22,7.36,7400,7.0
2004-07-27,7.20,7.52,7.20,7.35,69400,7.0
2004-07-26,7.36,7.40,7.15,7.38,16000,7.1
2004-07-23,7.35,7.48,7.28,7.47,39000,7.1
2004-07-22,7.50,7.62,7.34,7.45,33300,7.1
2004-07-21,7.52,7.63,7.38,7.45,49600,7.1
2004-07-20,7.55,7.68,7.45,7.53,31300,7.2
2004-07-19,7.43,7.67,7.42,7.62,27800,7.3
2004-07-16,7.40,7.73,7.20,7.68,73700,7.3
2004-07-15,7.30,7.40,7.10,7.40,77200,7.1
2004-07-14,7.93,7.93,7.32,7.37,74100,7.0
2004-07-13,8.00,8.00,7.78,7.92,53000,7.6
2004-07-12,8.41,8.41,8.00,8.00,62500,7.6
2004-07-09,8.85,8.85,8.25,8.35,42100,8.0
2004-07-08,8.38,8.47,8.31,8.38,28200,8.0
2004-07-07,8.52,8.55,8.35,8.38,48500,8.0
2004-07-06,8.41,8.58,8.41,8.52,38800,8.1
2004-07-05,8.40,8.52,8.32,8.39,74400,8.0
2004-07-02,8.61,8.63,8.36,8.44,123700,8.1
2004-07-01,8.31,8.79,8.31,8.74,235900,8.4
2004-06-30,8.69,8.69,8.69,8.69,000,8.3
2004-06-29,8.80,8.95,8.50,8.69,153100,8.3
2004-06-28,9.68,9.68,8.80,8.83,101500,8.4
2004-06-25,9.36,9.36,9.00,9.08,138200,8.7
2004-06-24,9.32,9.40,9.31,9.35,104800,8.9
2004-06-23,9.39,9.40,9.25,9.31,92900,8.9
2004-06-22,9.52,9.70,9.40,9.47,101400,9.1
2004-06-21,10.05,10.05,8.99,9.43,226100,9.0
2004-06-18,9.23,9.40,9.13,9.15,170300,8.8
2004-06-17,9.40,9.50,9.21,9.23,123700,8.8
2004-06-16,9.38,9.49,9.20,9.44,240200,9.0
2004-06-15,9.59,9.60,9.30,9.41,362100,9.0
2004-06-14,9.39,10.21,9.39,9.70,7215900,9.3
2004-06-11,9.00,9.30,9.00,9.28,470000,8.9
2004-06-10,8.90,9.09,8.88,9.00,113700,8.6
2004-06-09,9.32,9.38,8.70,9.20,202900,8.8
2004-06-08,9.45,9.55,9.39,9.41,185100,9.0
2004-06-07,9.69,9.69,9.39,9.50,356300,9.1
2004-06-04,9.98,9.98,9.65,9.69,309000,9.3
2004-06-03,9.65,10.33,9.60,9.98,2142000,9.6
2004-06-02,9.52,9.63,9.40,9.61,364000,9.2
2004-06-01,9.42,9.61,9.42,9.52,347700,9.1
2004-05-31,9.30,9.53,9.15,9.47,258500,9.1
2004-05-28,9.30,9.59,9.09,9.15,448200,8.8
2004-05-27,8.90,9.27,8.87,9.26,600400,8.9
2004-05-26,9.16,9.18,8.84,9.11,363700,8.7
2004-05-25,9.14,9.31,9.02,9.18,172200,8.8
2004-05-24,9.30,9.30,9.12,9.18,92800,8.8
2004-05-21,9.20,9.31,8.94,9.25,438400,8.8
2004-05-20,9.48,9.48,9.18,9.20,218900,8.8
2004-05-19,9.30,9.55,9.25,9.39,337500,9.0
2004-05-18,8.98,9.32,8.98,9.31,254400,8.9
2004-05-17,8.77,8.94,8.70,8.94,114500,8.6
2004-05-14,8.91,9.00,8.77,8.77,150700,8.4
2004-05-13,8.78,8.91,8.67,8.86,104000,8.5
2004-05-12,8.61,8.80,8.60,8.79,97400,8.4
2004-05-11,8.32,8.70,8.32,8.61,74700,8.2
2004-05-10,8.54,8.77,8.48,8.57,191900,8.2
2004-05-07,8.39,8.39,8.39,8.39,000,8.0
2004-05-06,8.39,8.39,8.39,8.39,000,8.0
2004-05-05,8.39,8.39,8.39,8.39,000,8.0
2004-05-04,8.39,8.39,8.39,8.39,000,8.0
2004-05-03,8.39,8.39,8.39,8.39,000,8.0
2004-04-30,8.43,8.48,8.29,8.39,98500,8.0
2004-04-29,8.31,8.50,8.31,8.33,81300,8.0
2004-04-28,8.42,8.47,8.30,8.35,114900,8.0
2004-04-27,8.51,8.59,8.38,8.42,150600,8.1
2004-04-26,8.60,8.88,8.58,8.64,63500,8.3
2004-04-23,8.64,8.97,8.32,8.75,178300,8.4
2004-04-22,8.25,8.81,8.25,8.65,129400,8.3
2004-04-21,8.57,8.68,8.23,8.43,292300,8.1
2004-04-20,8.91,8.93,8.81,8.83,143100,8.4
2004-04-19,9.08,9.10,8.91,8.99,112000,8.6
2004-04-16,9.00,9.05,8.62,9.01,256400,8.6
2004-04-15,9.01,9.16,8.93,9.02,211600,8.6
2004-04-14,9.08,9.18,8.92,9.01,369500,8.6
2004-04-13,9.45,9.46,9.08,9.09,408900,8.7
2004-04-12,9.28,9.50,9.08,9.36,254700,9.0
2004-04-09,9.33,9.44,9.23,9.30,416200,8.9
2004-04-08,9.71,9.71,9.35,9.41,439100,9.0
2004-04-07,9.86,9.87,9.71,9.71,313700,9.3
2004-04-06,9.80,10.05,9.76,9.85,530600,9.4
2004-04-05,9.58,9.84,9.50,9.79,440800,9.4
2004-04-02,9.45,9.60,9.45,9.50,235500,9.1
2004-04-01,9.55,9.76,9.45,9.51,403000,9.1
2004-03-31,9.49,9.90,9.42,9.55,792700,9.1
2004-03-30,9.19,9.43,9.19,9.41,262100,9.0
2004-03-29,9.16,9.38,9.01,9.19,232000,8.8
2004-03-26,9.17,9.27,9.15,9.17,253900,8.8
2004-03-25,9.53,9.65,9.16,9.20,473300,8.8
2004-03-24,9.40,9.58,9.37,9.54,563900,9.1
2004-03-23,9.45,9.65,9.30,9.45,656300,9.0
2004-03-22,9.45,9.64,9.15,9.44,1103400,9.0
2004-03-19,8.96,9.60,8.65,9.60,1928400,9.2
2004-03-18,8.50,9.11,8.50,8.73,1308200,8.3
2004-03-17,8.50,8.55,8.40,8.50,159100,8.1
2004-03-16,8.49,8.57,8.36,8.48,305700,8.1
2004-03-15,8.41,8.55,8.30,8.49,266600,8.1
2004-03-12,8.55,8.55,8.31,8.40,128000,8.0
2004-03-11,8.35,8.48,8.25,8.43,186500,8.1
2004-03-10,8.22,8.40,8.19,8.37,156700,8.0
2004-03-09,8.12,8.27,8.12,8.25,306700,7.9
2004-03-08,8.19,8.26,8.08,8.17,301600,7.8
2004-03-05,8.48,8.68,8.28,8.29,417000,7.9
2004-03-04,8.12,8.46,8.10,8.44,348900,8.1
2004-03-03,8.15,8.22,8.04,8.10,134000,7.7
2004-03-02,8.20,8.28,8.12,8.18,166800,7.8
2004-03-01,8.16,8.28,8.10,8.24,186100,7.9
2004-02-27,7.90,8.19,7.90,8.16,202200,7.8
2004-02-26,7.99,8.07,7.85,8.00,253700,7.6
2004-02-25,8.30,8.45,7.99,8.00,337600,7.6
2004-02-24,8.38,8.50,8.18,8.32,352300,8.0
2004-02-23,8.70,8.80,8.50,8.51,527300,8.1
2004-02-20,8.65,8.73,8.46,8.72,477600,8.3
2004-02-19,8.45,8.60,8.36,8.59,541800,8.2
2004-02-18,8.50,8.55,8.32,8.38,442300,8.0
2004-02-17,8.25,8.50,8.20,8.49,552800,8.1
2004-02-16,7.95,8.29,7.95,8.28,407000,7.9
2004-02-13,8.20,8.20,8.00,8.01,250500,7.7
2004-02-12,8.01,8.25,7.96,8.17,403000,7.8
2004-02-11,8.07,8.08,7.90,8.00,339600,7.6
2004-02-10,8.10,8.19,7.95,8.09,360600,7.7
2004-02-09,8.00,8.16,7.90,8.12,336500,7.8
2004-02-06,8.16,8.17,7.98,7.99,664300,7.6
2004-02-05,8.30,8.45,8.02,8.15,1478300,7.8
2004-02-04,7.60,8.09,7.53,7.99,971000,7.6
2004-02-03,7.25,7.55,7.12,7.53,506500,7.2
2004-02-02,7.06,7.30,7.02,7.25,426600,6.9
2004-01-30,6.99,7.21,6.92,7.03,358000,6.7
2004-01-29,6.94,6.99,6.84,6.98,396300,6.7
2004-01-28,6.83,6.83,6.83,6.83,000,6.5
2004-01-27,6.83,6.83,6.83,6.83,000,6.5
2004-01-26,6.83,6.83,6.83,6.83,000,6.5
2004-01-23,6.83,6.83,6.83,6.83,000,6.5
2004-01-22,6.83,6.83,6.83,6.83,000,6.5
2004-01-21,6.83,6.83,6.83,6.83,000,6.5
2004-01-20,6.83,6.83,6.83,6.83,000,6.5
2004-01-19,6.83,6.83,6.83,6.83,000,6.5
2004-01-16,6.66,6.90,6.65,6.83,632900,6.5
2004-01-15,6.78,6.82,6.66,6.68,150800,6.4
2004-01-14,6.56,6.82,6.56,6.81,346300,6.5
2004-01-13,6.63,6.67,6.56,6.65,197700,6.3
2004-01-12,6.58,6.66,6.26,6.62,237100,6.3
2004-01-09,6.72,6.83,6.54,6.58,302900,6.3
2004-01-08,6.58,6.68,6.41,6.66,383000,6.4
2004-01-07,6.45,6.79,6.45,6.48,267600,6.2
2004-01-06,6.60,6.71,6.29,6.50,242600,6.2
2004-01-05,6.50,6.79,6.41,6.61,303200,6.3
2004-01-02,6.98,6.98,6.45,6.52,344500,6.2
2004-01-01,6.37,6.37,6.37,6.37,000,6.1
