Date,Open,High,Low,Close,Volume,Adj Clos
2010-12-31,6.86,6.99,6.86,6.97,10788300,6.9
2010-12-30,7.09,7.14,6.86,6.91,16017100,6.9
2010-12-29,7.54,7.62,7.02,7.21,25412500,7.2
2010-12-28,7.32,7.98,7.20,7.75,43400200,7.7
2010-12-27,7.41,7.50,7.19,7.32,22595200,7.3
2010-12-24,7.36,7.54,7.26,7.30,22082400,7.3
2010-12-23,7.17,7.49,7.15,7.40,21899300,7.4
2010-12-22,7.02,7.34,6.96,7.21,18674700,7.2
2010-12-21,6.78,7.04,6.75,7.02,4659300,7.0
2010-12-20,7.00,7.04,6.67,6.77,4124600,6.7
2010-12-17,6.96,7.03,6.91,6.99,3117200,6.9
2010-12-16,6.96,7.00,6.88,6.94,3083600,6.9
2010-12-15,6.88,7.02,6.84,6.97,6314900,6.9
2010-12-14,6.83,6.91,6.80,6.89,3399700,6.8
2010-12-13,6.70,6.83,6.65,6.83,3160600,6.8
2010-12-10,6.63,6.73,6.59,6.69,1908600,6.6
2010-12-09,6.72,6.79,6.65,6.66,2792200,6.6
2010-12-08,6.88,6.93,6.78,6.83,4932300,6.8
2010-12-07,6.65,7.00,6.53,6.89,6035400,6.8
2010-12-06,6.81,6.83,6.65,6.68,2854000,6.6
2010-12-03,6.81,6.85,6.73,6.82,2762700,6.8
2010-12-02,6.86,6.92,6.80,6.80,4117100,6.8
2010-12-01,6.76,6.86,6.71,6.81,2828300,6.8
2010-11-30,7.14,7.17,6.68,6.81,6014200,6.8
2010-11-29,7.00,7.19,6.85,7.14,7299200,7.1
2010-11-26,7.03,7.05,6.91,7.01,3569100,7.0
2010-11-25,6.96,7.08,6.90,7.06,5957500,7.0
2010-11-24,6.71,6.95,6.71,6.92,4083900,6.9
2010-11-23,6.92,6.93,6.69,6.80,3643400,6.8
2010-11-22,6.82,6.98,6.81,6.92,4403400,6.9
2010-11-19,6.75,6.88,6.70,6.86,3441500,6.8
2010-11-18,6.72,6.79,6.64,6.72,3337900,6.7
2010-11-17,6.75,6.88,6.65,6.70,4580000,6.7
2010-11-16,6.99,7.06,6.69,6.78,6086400,6.7
2010-11-15,6.83,6.96,6.77,6.96,4956700,6.9
2010-11-12,7.42,7.45,6.75,6.79,12502200,6.7
2010-11-11,7.55,7.63,7.40,7.41,11334700,7.4
2010-11-10,7.50,7.65,7.45,7.61,11063400,7.6
2010-11-09,7.60,7.68,7.44,7.50,11075800,7.5
2010-11-08,7.45,7.58,7.38,7.58,11444000,7.5
2010-11-05,7.40,7.47,7.29,7.44,13469200,7.4
2010-11-04,7.16,7.50,7.16,7.40,15884100,7.4
2010-11-03,7.26,7.26,7.12,7.15,7191500,7.1
2010-11-02,7.16,7.38,7.09,7.26,12837200,7.2
2010-11-01,6.94,7.11,6.94,7.08,6179700,7.0
2010-10-29,6.96,7.00,6.84,6.98,5421500,6.9
2010-10-28,7.13,7.15,6.91,6.95,4755300,6.9
2010-10-27,7.11,7.20,7.01,7.05,5870600,7.0
2010-10-26,7.15,7.19,7.05,7.13,6727200,7.1
2010-10-25,6.98,7.15,6.96,7.13,6775600,7.1
2010-10-22,6.89,7.05,6.85,6.99,6542200,6.9
2010-10-21,6.95,6.98,6.75,6.84,5053200,6.8
2010-10-20,6.81,7.06,6.78,6.94,5523300,6.9
2010-10-19,6.79,6.95,6.75,6.95,4822700,6.9
2010-10-18,6.70,6.86,6.53,6.86,6873300,6.8
2010-10-15,6.99,6.99,6.68,6.75,10740100,6.7
2010-10-14,7.26,7.35,6.99,7.00,7608800,7.0
2010-10-13,7.27,7.32,7.08,7.29,10276600,7.2
2010-10-12,7.32,7.43,7.25,7.30,7468900,7.3
2010-10-11,7.40,7.48,7.31,7.33,10567700,7.3
2010-10-08,7.25,7.49,7.18,7.43,10598000,7.4
2010-09-30,7.25,7.36,7.14,7.22,8711500,7.2
2010-09-29,7.59,7.72,7.27,7.32,19988000,7.3
2010-09-28,6.82,7.57,6.82,7.57,14883800,7.5
2010-09-27,7.02,7.20,6.83,6.88,7009400,6.8
2010-09-21,6.60,6.69,6.52,6.64,2388100,6.6
2010-09-20,6.69,6.73,6.54,6.56,2828900,6.5
2010-09-17,6.68,6.75,6.63,6.68,3209900,6.6
2010-09-16,6.88,6.92,6.56,6.66,5152500,6.6
2010-09-15,7.09,7.12,6.84,6.87,5751700,6.8
2010-09-14,7.12,7.19,7.05,7.08,4722300,7.0
2010-09-13,6.97,7.17,6.93,7.13,5165700,7.1
2010-09-10,6.90,6.99,6.70,6.97,5711700,6.9
2010-09-09,7.16,7.24,6.86,6.91,7656800,6.9
2010-09-08,6.99,7.18,6.93,7.16,6522300,7.1
2010-09-06,7.05,7.48,7.00,7.01,12457900,7.0
2010-09-03,6.84,7.09,6.81,7.03,10533100,7.0
2010-09-02,6.76,6.88,6.61,6.82,6867900,6.8
2010-09-01,6.79,6.84,6.55,6.68,6459000,6.6
2010-08-31,6.72,6.79,6.61,6.78,6998600,6.7
2010-08-30,6.69,6.86,6.65,6.72,9009100,6.7
2010-08-27,6.58,6.68,6.50,6.65,5612300,6.6
2010-08-26,6.59,6.69,6.52,6.60,8823800,6.6
2010-08-25,6.43,6.64,6.43,6.64,10025400,6.6
2010-08-24,6.33,6.53,6.27,6.50,6112900,6.5
2010-08-23,6.31,6.42,6.27,6.32,3851500,6.3
2010-08-20,6.48,6.48,6.24,6.28,5121900,6.2
2010-08-19,6.47,6.58,6.44,6.51,5028500,6.5
2010-08-18,6.54,6.60,6.45,6.47,5792300,6.4
2010-08-17,6.45,6.60,6.39,6.59,8139600,6.5
2010-08-16,6.31,6.49,6.30,6.44,7434300,6.4
2010-08-13,6.22,6.38,6.15,6.35,4964700,6.3
2010-08-12,6.30,6.49,6.23,6.25,6951500,6.2
2010-08-11,6.16,6.37,6.14,6.37,5313800,6.3
2010-08-10,6.48,6.50,6.18,6.18,7189500,6.1
2010-08-09,6.39,6.49,6.36,6.47,6039500,6.4
2010-08-06,6.19,6.45,6.18,6.42,8134400,6.4
2010-08-05,6.20,6.46,6.15,6.24,11225400,6.2
2010-08-04,6.01,6.16,6.01,6.16,5422600,6.1
2010-08-03,6.22,6.23,6.04,6.04,6523300,6.0
2010-08-02,6.09,6.25,6.07,6.23,7677600,6.2
2010-07-30,6.04,6.15,5.96,6.11,6540100,6.1
2010-07-29,6.05,6.09,5.94,6.05,6722900,6.0
2010-07-28,5.97,6.06,5.94,6.05,7897900,6.0
2010-07-27,5.87,6.03,5.79,6.01,10243600,6.0
2010-07-26,5.77,5.89,5.70,5.87,6379800,5.8
2010-07-23,5.76,5.79,5.66,5.75,3825100,5.7
2010-07-22,5.73,5.80,5.67,5.79,4862900,5.7
2010-07-21,5.72,5.82,5.67,5.74,6828400,5.7
2010-07-20,5.58,5.76,5.54,5.74,6985800,5.7
2010-07-19,5.39,5.60,5.35,5.57,4568200,5.5
2010-07-16,5.40,5.45,5.26,5.43,2741500,5.4
2010-07-15,5.55,5.58,5.35,5.37,3879900,5.3
2010-07-14,5.51,5.62,5.47,5.53,4034000,5.5
2010-07-13,5.46,5.58,5.44,5.48,4096000,5.4
2010-07-12,5.45,5.56,5.42,5.55,5150400,5.5
2010-07-09,5.30,5.50,5.26,5.48,7162000,5.4
2010-07-08,5.38,5.79,5.38,5.41,9714900,5.4
2010-07-07,5.23,5.26,5.16,5.26,2145700,5.2
2010-07-06,5.07,5.26,5.02,5.22,2728300,5.2
2010-07-05,5.05,5.12,4.92,5.09,2252300,5.0
2010-07-02,5.09,5.17,4.83,5.12,3480300,5.1
2010-07-01,5.21,5.26,5.12,5.12,1980900,5.1
2010-06-30,5.39,5.39,5.15,5.21,3227200,5.2
2010-06-29,5.85,5.89,5.36,5.40,4122000,5.4
2010-06-28,5.98,6.01,5.85,5.87,1659600,5.8
2010-06-25,6.06,6.06,5.85,5.99,2813500,5.9
2010-06-24,5.95,6.08,5.92,6.08,3149700,6.0
2010-06-23,6.00,6.04,5.86,5.95,2557000,5.9
2010-06-22,5.94,6.08,5.87,6.03,3700600,6.0
2010-06-21,5.76,5.93,5.68,5.93,2780600,5.9
2010-06-18,6.02,6.06,5.71,5.74,3083800,5.7
2010-06-17,6.10,6.12,6.01,6.02,2350800,6.0
2010-06-11,6.10,6.13,6.01,6.06,2384700,6.0
2010-06-10,6.04,6.18,6.00,6.08,4401900,6.0
2010-06-09,5.93,6.08,5.85,6.08,5391400,6.0
2010-06-08,5.84,5.96,5.81,5.89,3311100,5.8
2010-06-07,5.80,5.86,5.73,5.83,2937300,5.8
2010-06-04,5.88,5.95,5.78,5.94,3442800,5.9
2010-06-03,5.87,5.98,5.80,5.92,4667400,5.9
2010-06-02,5.74,5.86,5.63,5.85,2835100,5.8
2010-06-01,5.87,5.91,5.65,5.76,4456600,5.7
2010-05-31,6.15,6.18,5.91,5.92,3968800,5.9
2010-05-28,6.21,6.24,6.10,6.16,4015800,6.1
2010-05-27,6.08,6.19,5.96,6.17,4215700,6.1
2010-05-26,6.00,6.10,5.98,6.08,3010900,6.0
2010-05-25,6.01,6.12,5.94,6.03,4291700,6.0
2010-05-24,5.83,6.12,5.83,6.08,5428300,6.0
2010-05-21,5.60,5.85,5.55,5.83,4499500,5.8
2010-05-20,5.80,5.93,5.77,5.80,2502600,5.8
2010-05-19,5.88,5.95,5.73,5.83,3758300,5.8
2010-05-17,6.23,6.23,5.75,5.79,4023300,5.7
2010-05-14,6.28,6.40,6.22,6.32,3835700,6.3
2010-05-13,6.29,6.38,5.98,6.36,5800500,6.3
2010-05-12,6.62,6.70,6.20,6.25,6205000,6.2
2010-05-11,6.92,6.96,6.52,6.53,4273300,6.5
2010-05-10,6.90,7.07,6.57,6.76,4340700,6.7
2010-05-07,7.00,7.16,6.85,6.88,4733800,6.8
2010-05-06,7.36,7.47,7.08,7.09,4066400,7.0
2010-05-05,7.20,7.44,7.16,7.39,4047700,7.3
2010-05-04,7.10,7.33,7.04,7.23,2847800,7.2
2010-04-30,7.58,7.69,7.02,7.24,6848000,7.2
2010-04-29,7.91,8.05,7.69,7.73,8193900,7.7
2010-04-28,7.60,7.92,7.48,7.88,6262000,7.8
2010-04-27,7.92,8.05,7.46,7.65,8494900,7.6
2010-04-26,8.03,8.08,7.97,8.01,4927500,8.0
2010-04-23,7.96,8.12,7.85,8.04,8076200,8.0
2010-04-22,7.79,8.03,7.70,7.91,7437100,7.9
2010-04-21,7.69,7.85,7.60,7.82,5496300,7.8
2010-04-20,7.59,7.70,7.46,7.65,5080100,7.6
2010-04-19,7.94,8.10,7.57,7.58,8348900,7.5
2010-04-16,8.19,8.19,7.88,8.04,8084300,8.0
2010-04-15,8.30,8.32,8.06,8.22,12526900,8.2
2010-04-14,8.01,8.47,8.00,8.39,24041300,8.3
2010-04-13,8.02,8.15,7.75,8.04,11452700,8.0
2010-04-12,8.07,8.09,7.88,8.01,7220900,8.0
2010-04-09,7.91,8.05,7.91,8.05,5073700,8.0
2010-04-08,8.09,8.09,7.90,7.92,6164800,7.9
2010-04-07,8.05,8.13,7.99,8.09,6232900,8.0
2010-04-06,8.06,8.10,7.94,8.02,5248000,8.0
2010-04-02,8.00,8.15,7.95,8.05,6274300,8.0
2010-04-01,7.85,8.06,7.82,7.98,8637900,7.9
2010-03-30,7.83,7.90,7.78,7.85,5520100,7.8
2010-03-29,7.82,7.91,7.74,7.84,5038700,7.8
2010-03-26,7.74,7.82,7.65,7.77,3827600,7.7
2010-03-25,7.88,7.90,7.65,7.66,6046100,7.6
2010-03-24,7.97,8.06,7.86,7.89,6219000,7.8
2010-03-23,8.04,8.11,7.94,7.98,5951700,7.9
2010-03-22,7.94,8.29,7.81,8.10,9624900,8.1
2010-03-19,7.84,7.96,7.80,7.92,4947700,7.9
2010-03-18,7.89,7.90,7.77,7.81,5106400,7.8
2010-03-17,7.73,7.89,7.68,7.87,5629300,7.8
2010-03-16,7.58,7.71,7.55,7.71,3946800,7.7
2010-03-15,7.65,7.70,7.49,7.56,4434700,7.5
2010-03-12,8.01,8.04,7.63,7.65,7537700,7.6
2010-03-11,7.86,8.02,7.80,8.00,7271800,8.0
2010-03-10,7.86,7.93,7.75,7.85,5712100,7.8
2010-03-09,7.96,8.03,7.63,7.88,7461500,7.8
2010-03-08,7.92,8.06,7.90,7.95,6392400,7.9
2010-03-05,8.20,8.27,7.80,7.92,12672400,7.9
2010-03-04,8.26,8.70,8.15,8.20,21303300,8.2
2010-03-03,8.28,8.47,8.18,8.30,13002300,8.3
2010-03-02,8.35,8.50,8.11,8.35,17148200,8.3
2010-03-01,8.34,8.35,8.12,8.25,13049400,8.2
2010-02-26,8.11,8.43,8.11,8.32,16495900,8.3
2010-02-25,8.18,8.37,8.05,8.18,16798600,8.1
2010-02-24,8.03,8.27,7.95,8.18,17438300,8.1
2010-02-23,7.75,8.24,7.67,8.07,21050100,8.0
2010-02-22,7.51,7.82,7.48,7.76,13320100,7.7
2010-02-12,7.50,7.64,7.44,7.53,10119500,7.5
2010-02-11,7.73,7.82,7.40,7.45,13779000,7.4
2010-02-10,7.94,7.97,7.65,7.75,14060100,7.7
2010-02-09,7.91,8.08,7.79,7.92,20202900,7.9
2010-02-08,8.25,8.52,7.88,8.23,38580500,8.2
2010-02-05,8.21,8.54,7.87,8.13,61073300,8.1
2010-02-04,7.07,7.76,7.01,7.76,14955200,7.7
2010-02-03,7.02,7.08,6.60,7.05,7176100,7.0
2010-02-02,7.14,7.22,6.93,6.94,5483100,6.9
2010-02-01,7.28,7.31,6.90,7.08,7583800,7.0
2010-01-29,7.05,7.36,6.98,7.26,10122200,7.2
2010-01-28,6.94,7.04,6.85,7.02,3910100,7.0
2010-01-27,7.00,7.11,6.80,6.85,5976500,6.8
2010-01-26,7.48,7.63,6.90,6.97,12797100,6.9
2010-01-25,7.32,7.65,7.26,7.49,16566400,7.4
2010-01-22,7.30,7.51,7.15,7.30,10126500,7.3
2010-01-21,7.21,7.47,7.21,7.40,8487200,7.4
2010-01-20,7.67,7.67,7.16,7.21,13520500,7.2
2010-01-19,7.67,7.72,7.49,7.67,15250800,7.6
2010-01-18,7.45,7.74,7.40,7.65,18233200,7.6
2010-01-15,7.48,7.54,7.37,7.44,12438800,7.4
2010-01-14,7.20,7.59,7.16,7.52,17107000,7.5
2010-01-13,7.23,7.40,7.13,7.15,12490800,7.1
2010-01-12,7.38,7.45,7.27,7.42,12495200,7.4
2010-01-11,7.29,7.45,7.17,7.40,16906500,7.4
2010-01-08,7.10,7.22,7.02,7.22,7858100,7.2
2010-01-07,7.12,7.32,7.03,7.15,12717200,7.1
2010-01-06,7.18,7.22,7.10,7.11,6875200,7.1
2010-01-05,7.01,7.22,6.99,7.17,6481100,7.1
2010-01-04,7.10,7.28,7.00,7.00,9689400,7.0
