Date,Open,High,Low,Close,Volume,Adj Clos
2010-12-31,15.43,15.66,15.32,15.63,3636000,15.6
2010-12-30,15.53,15.69,15.34,15.39,3274400,15.3
2010-12-29,15.25,15.57,15.06,15.52,2683600,15.5
2010-12-28,14.99,15.43,14.90,15.23,4420200,15.2
2010-12-27,15.83,16.40,15.16,15.17,5831800,15.1
2010-12-24,16.15,16.36,15.64,15.78,4885500,15.7
2010-12-23,16.75,16.83,16.14,16.20,6739500,16.2
2010-12-22,17.00,17.36,16.70,16.80,8997900,16.8
2010-12-21,16.45,17.17,16.19,16.95,11071200,16.9
2010-12-20,16.45,16.95,15.77,16.56,12106800,16.5
2010-12-17,15.74,16.38,15.55,16.35,7864600,16.3
2010-12-16,15.65,16.34,15.62,15.74,8565800,15.7
2010-12-15,15.85,15.93,15.54,15.65,4242000,15.6
2010-12-14,15.63,15.95,15.56,15.93,5947600,15.9
2010-12-13,15.09,15.70,15.09,15.59,5475900,15.5
2010-12-10,14.70,15.09,14.60,14.98,4399700,14.9
2010-12-09,15.51,15.55,14.87,14.88,6352200,14.8
2010-12-08,15.28,15.88,15.16,15.69,5491800,15.6
2010-12-07,15.25,15.44,14.80,15.38,3548000,15.3
2010-12-06,15.67,15.87,15.06,15.16,5160300,15.1
2010-12-03,16.11,16.15,15.50,15.67,6555400,15.6
2010-12-02,15.60,16.40,15.42,16.10,12203500,16.1
2010-12-01,15.60,15.75,15.18,15.40,5716500,15.4
2010-11-30,15.51,15.95,15.00,15.64,11333900,15.6
2010-11-29,15.02,15.63,15.02,15.52,7810900,15.5
2010-11-26,15.18,15.27,14.75,15.01,4267600,15.0
2010-11-25,15.28,15.51,15.10,15.16,6665300,15.1
2010-11-24,14.77,15.38,14.71,15.28,7266700,15.2
2010-11-23,15.64,15.65,14.60,14.95,11703200,14.9
2010-11-19,14.05,14.39,13.91,14.38,4607600,14.3
2010-11-18,13.75,14.02,13.60,13.95,2453800,13.9
2010-11-17,14.43,14.53,13.20,13.74,5853900,13.7
2010-11-16,14.68,15.17,14.28,14.39,8367300,14.3
2010-11-15,14.22,14.77,14.20,14.72,5122600,14.7
2010-11-12,15.20,15.56,14.23,14.24,9342000,14.2
2010-11-11,15.13,16.00,15.13,15.28,11786100,15.2
2010-11-10,14.80,15.34,14.80,15.20,7043500,15.2
2010-11-09,15.01,15.02,14.60,14.89,5692700,14.8
2010-11-08,14.86,15.16,14.80,15.01,5606700,15.0
2010-11-05,14.71,15.19,14.56,14.84,5576500,14.8
2010-11-04,14.50,14.66,14.27,14.60,5118500,14.6
2010-11-03,14.90,14.94,14.40,14.41,7060100,14.4
2010-11-02,15.37,15.44,14.83,14.95,9917000,14.9
2010-11-01,14.69,15.35,14.50,15.20,9565900,15.2
2010-10-29,14.50,15.00,14.38,14.75,6885500,14.7
2010-10-28,14.60,15.10,14.49,14.55,10185900,14.5
2010-10-27,14.00,14.85,13.91,14.49,12637000,14.4
2010-10-26,14.11,14.25,13.75,14.04,8694100,14.0
2010-10-25,13.90,14.04,13.71,13.95,10746600,13.9
2010-10-22,13.36,13.83,13.31,13.70,8036600,13.7
2010-10-21,13.30,13.36,13.04,13.36,3563100,13.3
2010-10-20,12.81,13.42,12.81,13.09,5278900,13.0
2010-10-19,12.74,13.11,12.65,13.09,3711300,13.0
2010-10-18,12.90,13.02,12.42,12.65,3613000,12.6
2010-10-15,12.99,13.22,12.71,12.82,4465000,12.8
2010-10-14,13.84,13.88,12.97,12.97,5319100,12.9
2010-10-13,13.77,13.97,13.55,13.80,3658800,13.8
2010-10-12,13.90,13.96,13.71,13.75,4922000,13.7
2010-10-11,14.15,14.28,13.69,14.07,8668200,14.0
2010-10-08,13.61,13.98,13.46,13.92,3762400,13.9
2010-09-30,12.88,13.50,12.86,13.46,1719000,13.4
2010-09-29,13.22,13.28,13.00,13.00,1943900,13.0
2010-09-28,13.26,13.52,13.14,13.18,2467000,13.1
2010-09-27,12.98,13.30,12.93,13.24,1520900,13.2
2010-09-21,12.83,12.97,12.80,12.89,902500,12.8
2010-09-20,13.18,13.29,12.80,12.82,1596600,12.8
2010-09-17,13.26,13.30,13.06,13.18,1529000,13.1
2010-09-16,13.35,13.47,13.00,13.10,2832400,13.1
2010-09-15,14.00,14.00,13.30,13.32,4421900,13.3
2010-09-14,14.07,14.20,13.77,14.00,3631300,14.0
2010-09-13,13.92,14.25,13.80,14.10,4211100,14.1
2010-09-10,13.74,14.18,13.57,13.87,4664300,13.8
2010-09-09,13.90,13.94,13.50,13.77,5304800,13.7
2010-09-08,13.50,13.85,13.35,13.83,3597800,13.8
2010-09-07,13.42,13.63,13.27,13.58,2972300,13.5
2010-09-06,13.54,13.80,13.45,13.46,4754500,13.4
2010-09-03,13.72,13.85,13.30,13.54,5267500,13.5
2010-09-02,13.31,13.95,13.20,13.72,7374600,13.7
2010-09-01,13.42,13.56,12.95,13.19,6563900,13.1
2010-08-31,12.99,13.68,12.93,13.47,7717100,13.4
2010-08-30,12.79,13.06,12.76,13.01,4565900,13.0
2010-08-27,12.55,12.85,12.52,12.79,2750400,12.7
2010-08-26,12.53,12.67,12.46,12.58,1803800,12.5
2010-08-25,12.78,13.00,12.38,12.46,3405900,12.4
2010-08-24,12.61,12.89,12.50,12.76,2459800,12.7
2010-08-23,12.52,12.74,12.49,12.66,2029600,12.6
2010-08-20,12.84,12.86,12.49,12.52,2973400,12.5
2010-08-19,13.03,13.09,12.68,12.90,4080300,12.9
2010-08-18,13.18,13.32,12.89,13.03,3848500,13.0
2010-08-17,13.19,13.27,13.01,13.10,3329200,13.1
2010-08-16,12.82,13.28,12.75,13.15,3679300,13.1
2010-08-13,12.61,12.88,12.55,12.82,2522300,12.8
2010-08-12,12.95,13.08,12.50,12.60,4149800,12.6
2010-08-11,12.45,13.14,12.40,13.12,3765700,13.1
2010-08-10,12.81,12.94,12.46,12.47,4004900,12.4
2010-08-09,12.76,13.07,12.62,12.81,5708500,12.8
2010-08-06,12.47,12.79,12.41,12.74,5585100,12.7
2010-08-05,12.05,12.75,12.05,12.60,8389300,12.6
2010-08-04,11.82,11.93,11.41,11.90,3196700,11.9
2010-08-03,12.11,12.26,11.87,11.89,3094800,11.8
2010-08-02,11.82,12.16,11.82,12.10,3079200,12.1
2010-07-30,11.99,12.05,11.62,11.84,2198600,11.8
2010-07-29,12.14,12.14,11.78,11.90,3315900,11.9
2010-07-28,11.80,12.11,11.78,12.03,2997600,12.0
2010-07-27,11.89,12.11,11.78,11.81,3773000,11.8
2010-07-26,11.70,12.00,11.65,11.98,4258900,11.9
2010-07-23,11.55,11.82,11.33,11.71,4649300,11.7
2010-07-22,11.42,11.54,11.34,11.45,3105700,11.4
2010-07-21,11.20,11.43,11.20,11.32,4311400,11.3
2010-07-20,10.99,11.25,10.96,11.22,4203700,11.2
2010-07-19,10.45,10.93,10.41,10.90,1759300,10.9
2010-07-16,10.64,10.70,10.25,10.64,1825100,10.6
2010-07-15,10.80,11.02,10.62,10.64,2078500,10.6
2010-07-14,10.77,11.04,10.76,10.82,1636300,10.8
2010-07-13,11.00,11.00,10.71,10.77,1794900,10.7
2010-07-12,10.75,11.06,10.73,11.00,3080900,11.0
2010-07-09,11.00,11.26,10.77,10.89,4776200,10.8
2010-07-08,10.48,10.72,10.43,10.60,2773900,10.6
2010-07-07,10.45,10.59,10.40,10.47,2618300,10.4
2010-07-06,10.13,10.45,10.10,10.41,3263200,10.4
2010-07-05,10.32,10.32,10.00,10.14,2229300,10.1
2010-07-02,10.45,10.52,10.12,10.42,2026600,10.4
2010-07-01,10.72,10.80,10.42,10.45,1342000,10.4
2010-06-30,10.51,10.90,10.45,10.80,3229500,10.8
2010-06-29,11.90,12.03,10.80,10.89,3826100,10.8
2010-06-28,12.00,12.19,11.87,11.90,1913700,11.9
2010-06-25,12.08,12.22,11.80,12.05,2861800,12.0
2010-06-24,12.24,12.40,12.10,12.19,3328200,12.1
2010-06-23,11.77,12.31,11.67,12.27,4886300,12.2
2010-06-22,12.04,12.05,11.78,11.86,2453000,11.8
2010-06-21,11.48,11.92,11.31,11.91,2701800,11.9
2010-06-18,11.96,12.10,11.49,11.58,3353900,11.5
2010-06-17,12.19,12.52,12.08,12.16,5842000,12.1
2010-06-11,11.80,12.00,11.60,11.94,4706000,11.9
2010-06-10,11.65,11.83,11.45,11.73,4095500,11.7
2010-06-09,11.45,11.79,11.36,11.78,3453800,11.7
2010-06-08,11.28,11.45,11.21,11.44,2607200,11.4
2010-06-07,11.71,11.77,11.18,11.33,4475800,11.3
2010-06-04,11.83,12.06,11.65,11.89,2603200,11.8
2010-06-03,12.10,12.24,11.88,11.91,2829800,11.9
2010-06-02,12.12,12.21,11.68,11.95,3508300,11.9
2010-06-01,12.22,12.24,11.85,12.12,3334600,12.1
2010-05-31,13.08,13.13,12.33,12.33,4592700,12.3
2010-05-28,12.98,13.16,12.86,13.05,4748600,13.0
2010-05-27,12.73,12.96,12.50,12.94,3443500,12.9
2010-05-26,12.73,13.01,12.54,12.76,4488900,12.7
2010-05-25,12.75,12.93,12.50,12.74,4026700,12.7
2010-05-24,12.35,12.92,12.35,12.75,3926600,12.7
2010-05-21,11.73,12.42,11.63,12.29,3079700,12.2
2010-05-20,12.39,12.62,11.93,12.11,2907700,12.1
2010-05-19,12.26,12.73,12.19,12.39,2913200,12.3
2010-05-18,12.02,12.46,11.82,12.34,2826700,12.3
2010-05-17,12.40,12.57,11.88,11.97,3210000,11.9
2010-05-14,12.80,12.98,12.43,12.67,4215000,12.6
2010-05-13,12.52,12.86,11.83,12.79,5592600,12.7
2010-05-12,13.40,13.68,12.40,12.43,7417200,12.4
2010-05-11,14.58,14.75,13.70,13.70,6957800,13.7
2010-05-10,14.72,14.92,13.58,14.50,9385600,14.5
2010-05-07,13.58,15.20,13.45,14.68,11251000,14.6
2010-05-06,14.25,14.50,13.82,13.92,6966100,13.9
2010-05-05,13.48,14.84,13.40,14.43,10840100,14.4
2010-05-04,12.95,13.88,12.95,13.50,3457400,13.5
2010-04-30,13.51,13.64,12.81,13.33,4278200,13.3
2010-04-29,13.99,14.06,13.22,13.45,3173200,13.4
2010-04-28,13.58,14.09,13.43,13.89,4555700,13.8
2010-04-27,13.90,13.91,13.00,13.84,6430100,13.8
2010-04-26,13.75,14.13,13.75,13.90,4856400,13.9
2010-04-23,13.72,14.20,13.69,13.80,5375200,13.7
2010-04-22,13.46,14.36,13.37,13.96,12394200,13.9
2010-04-21,12.91,13.58,12.89,13.46,5906800,13.4
2010-04-20,12.60,12.95,12.48,12.95,3042100,12.9
2010-04-19,13.09,13.39,12.52,12.63,4971800,12.5
2010-04-16,13.25,13.47,13.09,13.21,4453800,13.1
2010-04-15,13.50,13.59,13.17,13.27,4900800,13.2
2010-04-14,13.15,13.62,13.01,13.56,8477400,13.5
2010-04-13,13.33,13.62,12.65,13.12,7884100,13.0
2010-04-09,12.97,13.30,12.97,13.17,5662800,13.1
2010-04-08,13.07,13.11,12.93,13.02,4778400,12.9
2010-04-07,12.71,13.21,12.66,13.13,6910100,13.0
2010-04-06,12.75,12.85,12.58,12.71,2841800,12.6
2010-04-02,12.87,12.87,12.68,12.71,2993200,12.6
2010-04-01,12.70,13.06,12.60,12.88,4951000,12.8
2010-03-31,12.65,12.84,12.60,12.68,2912500,12.6
2010-03-30,12.70,12.82,12.57,12.66,2775000,12.6
2010-03-29,12.65,12.73,12.55,12.67,2560000,12.6
2010-03-26,12.26,12.74,12.22,12.71,3935800,12.6
2010-03-25,12.45,12.45,12.12,12.24,2007500,12.2
2010-03-24,12.27,12.49,12.17,12.39,1897600,12.3
2010-03-23,12.41,12.48,12.20,12.21,1439500,12.1
2010-03-22,12.29,12.48,12.15,12.42,2094300,12.3
2010-03-19,12.23,12.29,12.11,12.26,1570700,12.2
2010-03-17,12.14,12.25,12.00,12.23,1681300,12.1
2010-03-16,11.78,12.07,11.78,12.02,1450900,11.9
2010-03-15,11.71,11.84,11.65,11.78,888000,11.7
2010-03-12,11.95,11.95,11.72,11.74,1134600,11.7
2010-03-11,12.16,12.16,11.88,11.95,1259400,11.9
2010-03-10,12.31,12.31,12.00,12.02,1839300,11.9
2010-03-09,12.20,12.33,12.09,12.27,1170100,12.2
2010-03-08,12.08,12.28,12.02,12.18,1269700,12.1
2010-03-05,12.10,12.35,11.98,12.06,2116700,12.0
2010-03-04,12.68,12.80,12.19,12.19,3145000,12.1
2010-03-03,12.63,12.89,12.60,12.68,4599200,12.6
2010-03-02,12.43,12.64,12.30,12.60,2900800,12.5
2010-03-01,12.29,12.50,12.14,12.43,2659200,12.3
2010-02-26,12.28,12.39,12.07,12.17,2296900,12.1
2010-02-25,12.00,12.21,12.00,12.15,2195200,12.1
2010-02-24,11.79,12.05,11.65,12.04,1649800,12.0
2010-02-23,11.85,11.90,11.63,11.85,1106700,11.8
2010-02-22,11.71,11.98,11.62,11.84,1194800,11.8
2010-02-12,11.78,11.83,11.65,11.79,755500,11.7
2010-02-11,11.79,11.87,11.59,11.73,1052800,11.6
2010-02-10,11.72,11.99,11.71,11.79,1006100,11.7
2010-02-09,11.55,11.77,11.45,11.61,969500,11.5
2010-02-08,11.41,11.65,11.39,11.59,968000,11.5
2010-02-05,11.75,11.93,11.46,11.51,2291400,11.4
2010-02-04,12.07,12.12,11.80,12.04,2464500,12.0
2010-02-03,11.90,12.08,11.31,12.03,2738100,11.9
2010-02-02,12.00,12.25,11.85,11.88,1790800,11.8
2010-02-01,12.57,12.65,11.80,12.00,3930200,11.9
2010-01-29,12.38,12.78,12.28,12.65,3665600,12.6
2010-01-28,12.20,12.50,12.03,12.48,2076600,12.4
2010-01-27,12.44,12.50,11.90,12.35,3920800,12.3
2010-01-26,13.11,13.23,12.03,12.56,4391700,12.5
2010-01-25,13.35,13.44,12.88,13.10,6076300,13.0
2010-01-22,12.38,13.64,12.22,13.35,8501700,13.3
2010-01-21,12.65,12.68,12.30,12.44,4555900,12.3
2010-01-20,13.01,13.47,12.70,12.71,14370400,12.6
2010-01-19,12.72,13.07,12.42,13.00,7819700,12.9
2010-01-18,12.48,12.84,12.48,12.70,5781200,12.6
2010-01-15,12.50,12.58,12.37,12.46,3156600,12.4
2010-01-14,12.02,12.50,12.00,12.50,4099800,12.4
2010-01-13,12.09,12.32,12.00,12.03,2988400,11.9
2010-01-12,11.83,12.30,11.83,12.27,3447500,12.2
2010-01-11,12.03,12.14,11.80,11.89,2513600,11.8
2010-01-08,11.90,12.08,11.84,12.06,2054500,12.0
2010-01-07,12.44,12.51,11.90,11.97,3264400,11.9
2010-01-06,12.28,12.66,12.25,12.50,5546900,12.4
2010-01-05,12.09,12.39,11.94,12.35,3968400,12.3
2010-01-04,11.92,12.16,11.80,12.09,3090800,12.0
