Date,Open,High,Low,Close,Volume,Adj Clos
2003-12-31,7.84,7.96,7.75,7.87,1336800,7.8
2003-12-30,8.00,8.05,7.80,7.84,3065100,7.8
2003-12-29,8.13,8.13,8.13,8.13,000,8.1
2003-12-26,8.26,8.32,8.09,8.13,1534900,8.1
2003-12-25,8.13,8.32,8.00,8.29,3551900,8.2
2003-12-24,8.25,8.28,8.06,8.11,3407500,8.1
2003-12-23,8.31,8.41,8.18,8.29,4289700,8.2
2003-12-22,7.72,8.45,7.44,8.42,8265600,8.4
2003-12-19,8.21,8.28,7.75,7.82,5222600,7.8
2003-12-18,8.31,8.32,8.18,8.21,1852600,8.2
2003-12-17,8.28,8.40,8.18,8.31,2202500,8.3
2003-12-16,8.40,8.42,8.18,8.28,2677700,8.2
2003-12-15,8.41,8.61,8.40,8.43,2005000,8.4
2003-12-12,8.48,8.54,8.31,8.40,2627300,8.3
2003-12-11,8.65,8.70,8.44,8.48,3410100,8.4
2003-12-10,8.66,8.70,8.52,8.62,2705500,8.6
2003-12-09,8.45,8.69,8.38,8.66,2954400,8.6
2003-12-08,8.67,8.79,8.45,8.48,1990700,8.4
2003-12-05,8.66,8.75,8.51,8.65,2945600,8.6
2003-12-04,8.55,9.03,8.50,8.66,9331800,8.6
2003-12-03,8.40,8.60,8.20,8.44,4581100,8.4
2003-12-02,8.60,8.68,8.37,8.45,4668800,8.4
2003-12-01,8.45,8.60,8.35,8.60,4828100,8.5
2003-11-28,8.37,8.74,8.35,8.40,5835800,8.3
2003-11-27,8.78,8.78,8.36,8.39,8513300,8.3
2003-11-26,8.13,8.94,8.02,8.81,14728000,8.8
2003-11-25,8.10,8.28,7.88,8.13,7630200,8.1
2003-11-24,7.80,8.12,7.70,8.10,4340600,8.0
2003-11-21,8.05,8.34,7.85,7.89,9334600,7.8
2003-11-20,7.77,8.03,7.60,8.01,6521600,8.0
2003-11-19,7.80,7.80,7.43,7.78,5065300,7.7
2003-11-18,8.28,8.30,7.55,7.80,7278700,7.7
2003-11-17,8.30,8.35,8.18,8.23,3980500,8.2
2003-11-14,8.25,8.35,8.11,8.26,5814700,8.2
2003-11-13,8.15,8.30,7.99,8.25,5344000,8.2
2003-11-12,8.10,8.25,7.95,8.07,7366400,8.0
2003-11-11,7.82,8.13,7.62,8.10,4739200,8.0
2003-11-10,7.82,7.82,7.53,7.79,2039600,7.7
2003-11-07,7.86,7.96,7.60,7.82,3412800,7.8
2003-11-06,8.15,8.15,7.70,7.86,4141300,7.8
2003-11-05,7.88,8.14,7.78,8.04,6524500,8.0
2003-11-04,7.75,8.00,7.70,7.77,5637800,7.7
2003-11-03,7.60,7.75,7.53,7.69,3524000,7.6
2003-10-31,7.45,7.68,7.24,7.55,4947900,7.5
2003-10-30,7.86,7.86,7.10,7.43,7058100,7.4
2003-10-29,7.73,7.97,7.65,7.89,6962000,7.8
2003-10-28,7.62,7.70,7.43,7.68,3647700,7.6
2003-10-27,7.85,7.88,7.41,7.60,6273800,7.5
2003-10-24,8.20,8.24,7.90,7.91,5038500,7.9
2003-10-23,8.05,8.37,7.90,8.23,6835200,8.2
2003-10-22,7.94,8.33,7.94,8.06,7745600,8.0
2003-10-21,8.33,8.35,7.70,7.94,9558200,7.9
2003-10-20,8.20,8.52,8.15,8.33,6369700,8.3
2003-10-17,8.39,8.48,8.15,8.21,7106500,8.2
2003-10-16,8.48,8.60,8.36,8.42,5876500,8.4
2003-10-15,8.65,8.66,8.35,8.52,9080800,8.5
2003-10-14,9.00,9.15,8.65,8.69,8824500,8.6
2003-10-13,8.83,9.20,8.68,8.93,10013900,8.9
2003-10-10,8.52,9.10,8.38,8.83,11603500,8.8
2003-10-09,8.48,8.67,8.32,8.58,8724900,8.5
2003-10-08,8.30,8.85,8.21,8.56,16947900,8.5
2003-10-07,8.17,8.17,8.17,8.17,000,8.1
2003-10-06,8.17,8.17,8.17,8.17,000,8.1
2003-10-03,8.17,8.17,8.17,8.17,000,8.1
2003-10-02,8.17,8.17,8.17,8.17,000,8.1
2003-10-01,8.17,8.17,8.17,8.17,000,8.1
2003-09-30,7.50,8.17,7.49,8.17,14254900,8.1
2003-09-29,7.34,7.49,7.21,7.43,3324500,7.4
2003-09-26,7.60,7.69,7.36,7.38,4913800,7.3
2003-09-25,7.70,7.93,7.65,7.72,3796100,7.7
2003-09-24,7.82,8.07,7.67,7.75,5725400,7.7
2003-09-23,7.81,7.92,7.57,7.87,6143400,7.8
2003-09-22,7.86,8.12,7.79,7.89,7096400,7.8
2003-09-19,7.50,7.96,7.38,7.87,7537200,7.8
2003-09-18,7.51,7.63,7.39,7.47,4716900,7.4
2003-09-17,7.25,7.67,7.16,7.51,9578700,7.5
2003-09-16,7.20,7.36,7.13,7.24,4795400,7.2
2003-09-15,6.92,7.28,6.85,7.13,6363900,7.1
2003-09-12,7.02,7.05,6.86,6.88,1102700,6.8
2003-09-11,6.98,7.25,6.93,7.02,3658300,7.0
2003-09-10,6.98,6.98,6.84,6.92,640900,6.9
2003-09-09,7.03,7.05,6.85,6.93,876300,6.9
2003-09-08,7.12,7.12,6.90,7.03,2320000,7.0
2003-09-05,7.06,7.07,6.80,7.05,2683700,7.0
2003-09-04,6.94,7.10,6.84,7.02,2301900,7.0
2003-09-03,6.98,6.98,6.80,6.92,866400,6.9
2003-09-02,6.81,6.94,6.80,6.91,1571500,6.9
2003-09-01,6.60,6.90,6.53,6.84,1923400,6.8
2003-08-29,6.60,6.64,6.45,6.59,794600,6.5
2003-08-28,6.71,6.72,6.59,6.60,895100,6.5
2003-08-27,6.50,6.69,6.49,6.66,1013800,6.6
2003-08-26,6.50,6.57,6.45,6.52,636600,6.5
2003-08-25,6.62,6.62,6.46,6.50,893300,6.4
2003-08-22,6.58,6.70,6.53,6.65,666600,6.6
2003-08-21,6.58,6.62,6.50,6.60,618200,6.5
2003-08-20,6.72,6.72,6.48,6.59,1232600,6.5
2003-08-19,6.80,6.80,6.67,6.73,416500,6.7
2003-08-18,6.83,6.83,6.65,6.69,883900,6.6
2003-08-15,6.73,6.85,6.70,6.81,812600,6.8
2003-08-14,6.86,6.90,6.72,6.75,1190800,6.7
2003-08-13,7.10,7.10,6.85,6.86,1492000,6.8
2003-08-12,7.10,7.12,6.98,7.11,1533500,7.1
2003-08-11,7.00,7.10,6.95,7.09,2185100,7.0
2003-08-08,6.78,7.15,6.78,6.93,4365200,6.9
2003-08-07,6.68,6.83,6.65,6.75,971200,6.7
2003-08-06,6.79,6.85,6.62,6.68,1109500,6.6
2003-08-05,6.80,6.95,6.72,6.79,1970700,6.7
2003-08-04,6.65,6.85,6.55,6.79,2513300,6.7
2003-08-01,7.00,7.00,6.60,6.67,3790200,6.6
2003-07-31,6.92,7.07,6.87,7.02,1755100,7.0
2003-07-30,7.22,7.22,6.92,6.94,2986800,6.9
2003-07-29,7.30,7.35,7.18,7.22,2527500,7.2
2003-07-28,7.12,7.37,7.10,7.29,3935100,7.2
2003-07-25,6.98,7.18,6.92,7.12,3801400,7.1
2003-07-24,6.94,6.98,6.85,6.98,1055200,6.9
2003-07-23,6.90,6.99,6.83,6.94,1174000,6.9
2003-07-22,6.90,6.97,6.78,6.90,1154500,6.8
2003-07-21,6.80,6.88,6.71,6.87,1737200,6.8
2003-07-18,7.10,7.17,6.80,6.83,3054500,6.8
2003-07-17,7.08,7.15,7.00,7.10,2949300,7.0
2003-07-16,7.11,7.16,6.96,7.11,3205400,7.1
2003-07-15,7.17,7.24,7.07,7.10,4006900,7.0
2003-07-14,7.08,7.15,6.98,7.03,2844700,7.0
2003-07-11,6.91,7.13,6.90,7.08,6606800,7.0
2003-07-10,6.92,7.04,6.75,6.90,4225600,6.8
2003-07-09,6.90,6.95,6.80,6.85,2462000,6.8
2003-07-08,6.89,6.91,6.78,6.88,2482800,6.8
2003-07-07,6.78,6.94,6.69,6.85,4125800,6.8
2003-07-04,6.78,6.82,6.66,6.79,2821900,6.7
2003-07-03,6.76,6.78,6.63,6.75,1729500,6.7
2003-07-02,6.62,6.72,6.50,6.70,2528700,6.6
2003-07-01,6.39,6.65,6.39,6.57,2354300,6.5
2003-06-30,6.38,6.49,6.35,6.36,835600,6.3
2003-06-27,6.56,6.60,6.41,6.41,1092100,6.4
2003-06-26,6.54,6.60,6.40,6.55,1563000,6.5
2003-06-25,6.56,6.64,6.46,6.54,1993100,6.5
2003-06-24,6.75,6.75,6.52,6.56,2481500,6.5
2003-06-23,6.70,6.86,6.63,6.72,4408700,6.7
2003-06-20,6.70,6.88,6.63,6.66,5997100,6.6
2003-06-19,6.52,6.75,6.34,6.74,6095500,6.7
2003-06-18,6.60,6.65,6.48,6.49,1665600,6.4
2003-06-17,6.47,6.60,6.38,6.60,2575200,6.5
2003-06-16,6.41,6.55,6.38,6.43,2459300,6.4
2003-06-13,6.18,6.66,6.18,6.44,5247200,6.4
2003-06-12,6.23,6.24,6.10,6.18,454200,6.1
2003-06-11,6.05,6.28,6.00,6.21,615600,6.2
2003-06-10,5.97,6.08,5.97,6.02,404500,6.0
2003-06-09,6.12,6.13,5.96,5.98,628200,5.9
2003-06-06,6.12,6.22,6.11,6.12,556000,6.1
2003-06-05,6.28,6.28,6.15,6.17,565400,6.1
2003-06-04,6.10,6.23,6.10,6.23,767200,6.2
2003-06-03,6.31,6.31,6.21,6.22,634800,6.2
2003-06-02,6.50,6.50,6.28,6.31,977600,6.3
2003-05-30,6.33,6.33,6.33,6.33,000,6.3
2003-05-29,6.21,6.35,6.17,6.33,1241800,6.3
2003-05-28,6.42,6.43,6.23,6.27,1244700,6.2
2003-05-27,6.33,6.47,6.27,6.40,1647900,6.3
2003-05-26,6.38,6.41,6.27,6.29,1513800,6.2
2003-05-23,6.17,6.38,6.10,6.35,2326500,6.3
2003-05-22,6.13,6.18,6.02,6.18,510100,6.1
2003-05-21,6.18,6.20,6.11,6.12,667600,6.1
2003-05-20,6.30,6.30,6.12,6.16,1181800,6.1
2003-05-19,6.10,6.30,6.06,6.19,1362500,6.1
2003-05-16,5.97,6.13,5.97,6.08,1101200,6.0
2003-05-15,6.00,6.20,5.93,6.02,1714200,6.0
2003-05-14,5.64,5.74,5.57,5.74,1068200,5.7
2003-05-13,6.03,6.05,5.52,5.64,1211500,5.6
2003-05-12,5.88,6.07,5.85,6.01,574900,6.0
2003-05-09,5.86,5.86,5.86,5.86,000,5.8
2003-05-08,5.86,5.86,5.86,5.86,000,5.8
2003-05-07,5.86,5.86,5.86,5.86,000,5.8
2003-05-06,5.86,5.86,5.86,5.86,000,5.8
2003-05-05,5.86,5.86,5.86,5.86,000,5.8
2003-05-02,5.86,5.86,5.86,5.86,000,5.8
2003-05-01,5.86,5.86,5.86,5.86,000,5.8
2003-04-30,5.83,5.99,5.83,5.86,1154700,5.8
2003-04-29,6.08,6.09,5.88,5.90,1447800,5.8
2003-04-28,6.05,6.14,5.82,6.12,1343500,6.1
2003-04-25,6.21,6.28,5.95,6.05,1445500,6.0
2003-04-24,6.49,6.53,6.19,6.21,1938100,6.2
2003-04-23,6.37,6.74,6.37,6.46,6313600,6.4
2003-04-22,6.19,6.36,6.10,6.35,1378000,6.3
2003-04-21,6.26,6.28,6.10,6.19,932400,6.1
2003-04-18,6.10,6.30,6.10,6.26,1207100,6.2
2003-04-17,6.15,6.30,6.00,6.10,1872500,6.0
2003-04-16,6.40,6.40,6.05,6.17,2583100,6.1
2003-04-15,6.37,6.42,6.25,6.40,1674600,6.3
2003-04-14,6.29,6.47,6.21,6.37,2433000,6.3
2003-04-11,5.99,6.28,5.93,6.24,2042400,6.2
2003-04-10,5.94,6.03,5.85,5.99,1325000,5.9
2003-04-09,5.90,5.97,5.83,5.96,834000,5.9
2003-04-08,5.86,6.04,5.86,5.89,495200,5.8
2003-04-07,6.04,6.04,5.89,5.89,584600,5.8
2003-04-04,6.04,6.08,5.96,6.04,358700,6.0
2003-04-03,6.07,6.10,6.00,6.05,384600,6.0
2003-04-02,6.12,6.14,6.05,6.07,315000,6.0
2003-04-01,6.10,6.16,6.04,6.12,674900,6.1
2003-03-31,6.00,6.12,5.99,6.10,395600,6.0
2003-03-28,6.04,6.13,5.96,5.99,572500,5.9
2003-03-27,5.82,6.14,5.80,6.01,493900,6.0
2003-03-26,5.92,5.95,5.80,5.82,397900,5.8
2003-03-25,6.09,6.09,5.92,5.95,188800,5.9
2003-03-24,6.09,6.09,6.00,6.03,179300,6.0
2003-03-21,5.95,6.05,5.92,6.03,311800,6.0
2003-03-20,6.06,6.10,5.92,5.95,418900,5.9
2003-03-19,6.05,6.10,6.00,6.06,445000,6.0
2003-03-18,6.19,6.21,6.07,6.07,329900,6.0
2003-03-17,6.15,6.18,6.06,6.18,517700,6.1
2003-03-14,6.25,6.25,6.10,6.16,362400,6.1
2003-03-13,6.26,6.26,6.26,6.26,000,6.2
2003-03-12,6.17,6.28,6.16,6.26,1087200,6.2
2003-03-11,6.11,6.17,6.06,6.14,350100,6.1
2003-03-10,6.26,6.26,6.08,6.11,761500,6.1
2003-03-07,6.27,6.28,6.16,6.22,508400,6.2
2003-03-06,6.38,6.40,6.24,6.25,651600,6.2
2003-03-05,6.45,6.45,6.34,6.38,378500,6.3
2003-03-04,6.50,6.52,6.40,6.43,550500,6.4
2003-03-03,6.45,6.49,6.40,6.48,579800,6.4
2003-02-28,6.54,6.54,6.39,6.46,851200,6.4
2003-02-27,6.40,6.50,6.35,6.50,1522000,6.4
2003-02-26,6.39,6.42,6.34,6.39,506200,6.3
2003-02-25,6.28,6.39,6.21,6.39,607700,6.3
2003-02-24,6.21,6.28,6.20,6.23,313400,6.2
2003-02-21,6.36,6.42,6.22,6.24,787700,6.2
2003-02-20,6.40,6.45,6.34,6.34,440000,6.3
2003-02-19,6.41,6.44,6.29,6.43,648200,6.4
2003-02-18,6.31,6.35,6.23,6.29,463500,6.2
2003-02-17,6.38,6.49,6.27,6.31,754700,6.3
2003-02-14,6.39,6.49,6.35,6.39,885800,6.3
2003-02-13,6.57,6.58,6.37,6.40,1585500,6.3
2003-02-12,6.35,6.57,6.30,6.49,2055600,6.4
2003-02-11,6.25,6.36,6.25,6.35,857000,6.3
2003-02-10,6.33,6.35,6.16,6.23,502600,6.2
2003-02-07,6.30,6.30,6.30,6.30,000,6.2
2003-02-06,6.30,6.30,6.30,6.30,000,6.2
2003-02-05,6.30,6.30,6.30,6.30,000,6.2
2003-02-04,6.30,6.30,6.30,6.30,000,6.2
2003-02-03,6.30,6.30,6.30,6.30,000,6.2
2003-01-31,6.30,6.30,6.30,6.30,000,6.2
2003-01-30,6.30,6.30,6.30,6.30,000,6.2
2003-01-29,6.29,6.36,6.25,6.30,631700,6.2
2003-01-28,6.25,6.33,6.22,6.30,518100,6.2
2003-01-27,6.23,6.34,6.21,6.30,942700,6.2
2003-01-24,6.09,6.25,6.06,6.23,549400,6.2
2003-01-23,6.18,6.26,6.08,6.10,673900,6.0
2003-01-22,6.09,6.25,6.06,6.21,835800,6.2
2003-01-21,6.30,6.38,6.12,6.15,1101900,6.1
2003-01-20,6.31,6.34,6.21,6.31,824500,6.3
2003-01-17,6.32,6.50,6.20,6.32,2158500,6.3
2003-01-16,6.27,6.41,6.20,6.35,2257400,6.3
2003-01-15,6.12,6.29,6.06,6.27,2159100,6.2
2003-01-14,5.78,6.20,5.76,6.12,1819600,6.1
2003-01-13,5.70,5.85,5.70,5.81,442500,5.8
2003-01-10,5.85,5.99,5.79,5.80,874100,5.7
2003-01-09,5.86,5.95,5.74,5.90,963300,5.8
2003-01-08,5.66,5.84,5.60,5.80,504600,5.7
2003-01-07,5.65,5.74,5.56,5.60,436500,5.5
2003-01-06,5.50,5.69,5.50,5.66,477800,5.6
2003-01-03,5.48,5.55,5.46,5.54,276900,5.5
2003-01-02,5.53,5.57,5.41,5.49,577800,5.4
2003-01-01,5.55,5.55,5.55,5.55,000,5.5
