Date,Open,High,Low,Close,Volume,Adj Clos
2011-12-30,10.20,10.36,10.19,10.31,876700,10.3
2011-12-29,10.21,10.37,10.08,10.15,716400,10.1
2011-12-28,10.01,10.32,9.92,10.24,1265100,10.2
2011-12-27,10.58,10.63,10.13,10.15,1243800,10.1
2011-12-26,10.74,10.97,10.60,10.64,591000,10.6
2011-12-23,10.66,11.04,10.64,10.83,1045600,10.8
2011-12-22,11.37,11.37,10.48,10.77,1642900,10.7
2011-12-21,11.68,11.80,11.40,11.41,1095700,11.4
2011-12-20,11.58,11.80,11.58,11.65,1236000,11.6
2011-12-19,11.59,11.68,11.33,11.64,1259100,11.6
2011-12-16,11.40,11.73,11.31,11.72,1527300,11.7
2011-12-15,11.36,11.63,11.34,11.40,1141100,11.4
2011-12-14,11.88,11.97,11.52,11.59,1462200,11.5
2011-12-13,12.62,12.68,11.84,11.92,2728100,11.9
2011-12-09,12.96,13.10,12.79,12.83,1151600,12.8
2011-12-08,13.05,13.22,12.75,13.09,1597000,13.0
2011-12-07,13.04,13.17,12.96,13.05,950300,13.0
2011-12-06,12.81,13.10,12.80,13.01,1411400,13.0
2011-12-05,13.21,13.30,12.81,12.88,1822600,12.8
2011-12-02,13.23,13.40,13.01,13.29,2325200,13.2
2011-12-01,13.54,13.67,13.27,13.30,3032700,13.3
2011-11-30,13.81,13.88,12.99,13.20,3269800,13.2
2011-11-29,13.89,13.94,13.72,13.92,2381300,13.9
2011-11-28,13.60,13.77,13.48,13.68,1511800,13.6
2011-11-25,13.83,13.99,13.45,13.60,2236500,13.6
2011-11-24,13.71,14.06,13.59,13.95,2141000,13.9
2011-11-23,13.92,14.05,13.77,13.90,1652000,13.9
2011-11-22,14.20,14.27,13.65,13.94,3709600,13.9
2011-11-21,14.15,14.39,14.10,14.36,2880400,14.3
2011-11-18,14.19,14.41,14.02,14.15,3391700,14.1
2011-11-17,14.66,14.70,14.20,14.30,4915800,14.3
2011-11-16,15.09,15.35,14.51,14.66,5097200,14.6
2011-11-15,15.17,15.23,14.93,15.09,3780300,15.0
2011-11-14,14.84,15.35,14.76,15.24,5959400,15.2
2011-11-10,14.72,15.00,14.57,14.75,4774500,14.7
2011-11-09,14.63,15.00,14.34,14.96,4738900,14.9
2011-11-08,14.91,15.33,14.36,14.54,6283000,14.5
2011-11-07,14.90,15.20,14.70,14.95,4617000,14.9
2011-11-04,14.62,15.68,14.51,15.05,9253500,15.0
2011-11-03,15.08,15.15,14.53,14.53,8124400,14.5
2011-11-02,14.65,15.09,14.41,15.06,8558200,15.0
2011-11-01,14.20,15.20,14.08,14.99,10983800,14.9
2011-10-31,14.44,14.51,14.21,14.38,4578700,14.3
2011-10-28,14.42,14.81,14.25,14.48,8113100,14.4
2011-10-27,14.00,14.58,13.88,14.26,8394600,14.2
2011-10-26,14.00,14.37,13.90,14.04,6624600,14.0
2011-10-25,13.60,14.23,13.52,14.07,6449600,14.0
2011-10-24,13.10,13.73,12.95,13.65,3725900,13.6
2011-10-21,13.38,13.48,12.88,12.98,2897300,12.9
2011-10-20,13.93,13.99,13.17,13.33,4951400,13.3
2011-10-19,13.60,14.40,13.56,14.02,7977000,14.0
2011-10-18,13.76,14.16,13.51,13.51,4925000,13.5
2011-10-17,13.92,14.02,13.75,13.87,2973400,13.8
2011-10-14,13.70,13.96,13.59,13.90,3756400,13.9
2011-10-13,13.58,13.98,13.45,13.70,3640000,13.7
2011-10-12,13.00,13.68,12.96,13.66,3288300,13.6
2011-10-11,13.44,13.55,12.91,13.10,2259700,13.1
2011-10-10,13.07,13.24,13.03,13.11,1294500,13.1
2011-09-30,13.04,13.12,12.82,13.01,1953300,13.0
2011-09-29,13.46,13.55,12.85,12.92,4404500,12.9
2011-09-28,14.28,14.39,13.65,13.68,5828100,13.6
2011-09-27,13.90,14.48,13.85,14.26,5954100,14.2
2011-09-26,13.66,14.12,13.66,13.84,3875900,13.8
2011-09-23,13.40,13.82,13.40,13.71,3033100,13.7
2011-09-22,14.00,14.35,13.75,13.79,6272700,13.7
2011-09-21,13.70,14.30,13.48,14.13,6891400,14.1
2011-09-20,13.66,13.98,13.36,13.80,4303200,13.8
2011-09-19,13.50,14.09,13.46,13.80,6477100,13.8
2011-09-16,13.40,13.83,13.40,13.66,4857500,13.6
2011-09-15,13.57,13.67,13.34,13.35,3076900,13.3
2011-09-14,13.38,13.54,13.11,13.53,3152400,13.5
2011-09-13,13.70,13.70,13.16,13.32,3833600,13.3
2011-09-09,13.86,14.18,13.78,13.78,8237400,13.7
2011-09-08,13.90,14.14,13.70,13.81,8129000,13.8
2011-09-07,13.17,14.36,13.17,13.90,6829100,13.9
2011-09-05,13.24,13.37,13.00,13.11,2320600,13.1
2011-09-02,13.70,13.84,13.40,13.42,2665100,13.4
2011-09-01,14.06,14.20,13.75,13.81,1559500,13.8
2011-08-31,14.03,14.26,13.71,14.06,2217500,14.0
2011-08-30,14.58,14.58,14.00,14.03,3907300,14.0
2011-08-29,14.47,14.73,14.38,14.44,3475100,14.4
2011-08-26,14.45,14.70,14.33,14.51,4199300,14.5
2011-08-25,14.10,14.65,14.10,14.52,5754500,14.5
2011-08-24,14.35,14.50,14.05,14.09,3579700,14.0
2011-08-23,13.98,14.35,13.85,14.30,3636000,14.3
2011-08-22,13.66,14.02,13.52,13.88,2617200,13.8
2011-08-19,13.18,13.75,13.08,13.61,2068800,13.6
2011-08-18,13.85,13.88,13.37,13.42,1871100,13.4
2011-08-17,13.99,14.07,13.78,13.87,1881300,13.8
2011-08-16,14.14,14.32,13.89,13.95,2321400,13.9
2011-08-15,13.85,14.18,13.85,14.14,2674600,14.1
2011-08-12,13.96,14.08,13.80,13.93,2718300,13.9
2011-08-11,13.19,13.91,13.05,13.91,3324400,13.9
2011-08-10,13.45,13.64,13.39,13.50,3429900,13.5
2011-08-09,12.58,13.47,12.52,13.24,3813600,13.2
2011-08-08,13.89,13.90,12.77,13.08,4154500,13.0
2011-08-05,14.07,14.45,14.00,14.13,3953000,14.1
2011-08-04,14.64,14.95,14.56,14.68,3335600,14.6
2011-08-03,14.35,15.10,14.31,14.61,5970200,14.6
2011-08-02,14.47,14.72,13.93,14.72,6368700,14.7
2011-08-01,13.78,14.72,13.67,14.66,6194800,14.6
2011-07-29,14.20,14.32,13.83,13.83,2974000,13.8
2011-07-28,14.18,14.40,14.00,14.26,3057400,14.2
2011-07-27,13.89,14.45,13.81,14.35,4300800,14.3
2011-07-26,13.81,14.08,13.74,14.04,2912800,14.0
2011-07-25,14.52,14.59,13.72,13.76,5002800,13.7
2011-07-22,14.62,14.83,14.54,14.60,2760600,14.6
2011-07-21,14.83,14.93,14.51,14.51,2911600,14.5
2011-07-20,14.94,15.15,14.56,14.85,3567000,14.8
2011-07-19,15.21,15.21,14.70,14.82,4486600,14.8
2011-07-18,15.45,15.58,15.10,15.31,5431100,15.3
2011-07-14,15.20,15.80,15.12,15.46,8082500,15.4
2011-07-13,14.86,15.39,14.75,15.31,7483300,15.3
2011-07-12,14.80,15.45,14.69,14.75,8334400,14.7
2011-07-11,14.79,15.16,14.68,14.96,5921300,14.9
2011-07-08,14.71,14.87,14.48,14.75,6623800,14.7
2011-07-07,14.69,15.37,14.62,14.89,13145000,14.8
2011-07-06,14.01,14.98,14.01,14.64,13443700,14.6
2011-07-05,14.08,14.28,13.86,13.98,6258200,13.9
2011-07-04,14.00,14.12,13.81,14.08,6809200,14.0
2011-07-01,13.60,14.14,13.53,13.88,8756900,13.8
2011-06-30,13.35,13.78,13.33,13.51,4180800,13.5
2011-06-29,13.53,13.78,13.37,13.37,5418900,13.3
2011-06-28,13.74,13.74,13.42,13.60,5050300,13.6
2011-06-27,13.67,13.98,13.51,13.74,7561300,13.7
2011-06-24,13.30,13.95,13.21,13.64,9616900,13.6
2011-06-23,12.70,13.67,12.70,13.38,7238600,13.3
2011-06-22,13.10,13.13,12.84,12.88,4350000,12.8
2011-06-21,12.69,13.28,12.60,13.19,6548500,13.1
2011-06-20,12.80,12.88,12.50,12.61,4089200,12.6
2011-06-17,13.45,13.48,12.89,12.89,5481600,12.8
2011-06-16,13.19,13.78,13.00,13.41,7759500,13.4
2011-06-15,13.15,13.88,13.10,13.35,9104100,13.3
2011-06-14,13.07,13.34,13.07,13.18,5124200,13.1
2011-06-13,13.01,13.24,12.92,13.07,5569200,13.0
2011-06-10,12.93,13.50,12.80,13.36,9488400,13.3
2011-06-09,13.85,13.97,12.94,13.00,11483000,13.0
2011-06-08,14.10,14.39,13.78,14.02,11572000,14.0
2011-06-07,14.00,14.98,13.77,14.50,16933400,14.5
2011-06-03,13.89,15.00,13.33,14.43,22024300,14.4
2011-06-02,15.01,16.20,14.70,14.79,35367400,14.7
